{"producer":{"name":"Blender","version":"2.93.4","exporter_version":"2.93.4","file":"arthur01.babylon"},
"autoClear":true,"clearColor":[0.0509,0.0509,0.0509],"gravity":[0,-9.81,0],
"materials":[{"name":"base_clothes:Skin","id":"base_clothes:Skin","customType":"BABYLON.PBRMaterial","albedo":[0.8,0.3865,0.1687],"emissive":[0,0,0],"reflectivity":[0.5,0.5,0.5],"roughness":0.5,"alpha":1,"transparencyMode":0,"alphaCutOff":0.4,"metallic":0},
{"name":"base_clothes:jeans01:jeans01Material","id":"base_clothes:jeans01:jeans01Material","customType":"BABYLON.PBRMaterial","albedo":[1,1,1],"roughness":0.2,"alpha":1,"transparencyMode":0,"alphaCutOff":0.4},
{"name":"base_clothes:Low-Poly:Eye_brown","id":"base_clothes:Low-Poly:Eye_brown","customType":"BABYLON.PBRMaterial","albedo":[1,1,1],"roughness":0.2,"alpha":1,"transparencyMode":0,"alphaCutOff":0.4},
{"name":"base_clothes:shoes02:SportShoes","id":"base_clothes:shoes02:SportShoes","customType":"BABYLON.PBRMaterial","albedo":[1,1,1],"roughness":0.2,"alpha":1,"transparencyMode":0,"alphaCutOff":0.4},
{"name":"base_clothes:Tshirt01:TShirtWhite","id":"base_clothes:Tshirt01:TShirtWhite","customType":"BABYLON.PBRMaterial","albedo":[1,1,1],"roughness":0.2,"alpha":1,"transparencyMode":0,"alphaCutOff":0.4},
{"name":"shirt","id":"shirt","customType":"BABYLON.PBRMaterial","albedo":[0.8,0.8,0.8],"emissive":[0,0,0],"reflectivity":[0.5,0.5,0.5],"roughness":0.5,"alpha":1,"transparencyMode":0,"alphaCutOff":0.4,"metallic":0},
{"name":"jacket","id":"jacket","customType":"BABYLON.PBRMaterial","emissive":[0,0,0],"reflectivity":[0.5,0.5,0.5],"roughness":0.5,"alpha":1,"transparencyMode":0,"alphaCutOff":0.4,"metallic":0, 
"albedoTexture":{"name":"suit_fabric01.png","level":1,"hasAlpha":true,"coordinatesMode":0,"uOffset":0,"vOffset":0,"uScale":1,"vScale":1,"uAng":0,"vAng":0,"wAng":0,"wrapU":1,"wrapV":1,"coordinatesIndex":0},"useAlphaFromAlbedoTexture":true},
{"name":"art_hair","id":"art_hair","customType":"BABYLON.PBRMaterial","albedo":[0.0256,0.0256,0.0256],"emissive":[0,0,0],"reflectivity":[0.5,0.5,0.5],"roughness":0.5,"alpha":1,"transparencyMode":0,"alphaCutOff":0.4,"metallic":0},
{"name":"skin","id":"skin","customType":"BABYLON.PBRMaterial","emissive":[0,0,0],"reflectivity":[0.15,0.15,0.15],"roughness":0.7045,"alpha":1,"transparencyMode":0,"alphaCutOff":0.4,"metallic":0, 
"albedoTexture":{"name":"uni1228_Euro_Male_diff.png","level":1,"hasAlpha":true,"coordinatesMode":0,"uOffset":0,"vOffset":0,"uScale":1,"vScale":1,"uAng":0,"vAng":0,"wAng":0,"wrapU":1,"wrapV":1,"coordinatesIndex":0},"useAlphaFromAlbedoTexture":true}],
"multiMaterials":[{"name":"arthur01.Multimaterial#0","id":"arthur01.Multimaterial#0","materials":["base_clothes:Skin","base_clothes:jeans01:jeans01Material","base_clothes:Low-Poly:Eye_brown","base_clothes:shoes02:SportShoes","base_clothes:Tshirt01:TShirtWhite","shirt","jacket","art_hair"]},{"name":"arthur01.Multimaterial#1","id":"arthur01.Multimaterial#1","materials":["skin","skin"]}],
"skeletons":[{"name":"arthurRig","id":0,"dimensionsAtRest":[0.6795,1.7169,0.4308],"bones":[
{"name":"hips","index":0,"matrix":[1,0,0,0,0,0.9895,0.1443,0,0,0.1443,-0.9895,0,0,0.9236,-0.003,1],"rest":[1,0,0,0,0,0.9895,0.1443,0,0,0.1443,-0.9895,0,0,0.9236,-0.003,1],"parentBoneIndex":-1,"length":0.1589
,"animation":{"name":"anim","property":"_matrix","dataType":3,"framePerSecond":24,"loopBehavior":1,"keys":[
{"frame":1,"values":[1,0,0,0,0,0.9895,0.1443,0,0,0.1443,-0.9895,0,0,0.9236,-0.003,1]},
{"frame":75,"values":[1,0,0,0,0,0.9895,0.1443,0,0,0.1443,-0.9895,0,0,0.9236,-0.003,1]}]}},
{"name":"thigh.L","index":1,"matrix":[0.9939,0.0997,0.0483,0,0.1025,-0.9928,-0.0612,0,0.0419,0.0658,-0.997,0,0.1085,-0.0034,-0.0113,1],"rest":[0.9938,0.0997,0.0483,0,0.1025,-0.9928,-0.0612,0,0.0419,0.0658,-0.997,0,0.1085,-0.0034,-0.0113,1],"parentBoneIndex":0,"length":0.4176
,"animation":{"name":"anim","property":"_matrix","dataType":3,"framePerSecond":24,"loopBehavior":1,"keys":[
{"frame":1,"values":[0.9939,0.0997,0.0483,0,0.1025,-0.9928,-0.0612,0,0.0419,0.0658,-0.997,0,0.1085,-0.0034,-0.0113,1]},
{"frame":75,"values":[0.9939,0.0997,0.0483,0,0.1025,-0.9928,-0.0612,0,0.0419,0.0658,-0.997,0,0.1085,-0.0034,-0.0113,1]}]}},
{"name":"shin.L","index":2,"matrix":[1,0,0,0,0,0.994,0.1093,0,0,-0.1094,0.994,0,0,0.4176,0,1],"rest":[1,0,0,0,0,0.994,0.1094,0,0,-0.1094,0.994,0,0,0.4176,0,1],"parentBoneIndex":1,"length":0.4362
,"animation":{"name":"anim","property":"_matrix","dataType":3,"framePerSecond":24,"loopBehavior":1,"keys":[
{"frame":1,"values":[1,0,0,0,0,0.994,0.1093,0,0,-0.1094,0.994,0,0,0.4176,0,1]},
{"frame":75,"values":[1,0,0,0,0,0.994,0.1093,0,0,-0.1094,0.994,0,0,0.4176,0,1]}]}},
{"name":"foot.L","index":3,"matrix":[0.9993,0.0265,0.0248,0,0.0112,0.4262,-0.9046,0,-0.0345,0.9042,0.4256,0,0,0.4362,0,1],"rest":[0.9993,0.0265,0.0248,0,0.0112,0.4262,-0.9046,0,-0.0345,0.9042,0.4256,0,0,0.4362,0,1],"parentBoneIndex":2,"length":0.1406
,"animation":{"name":"anim","property":"_matrix","dataType":3,"framePerSecond":24,"loopBehavior":1,"keys":[
{"frame":1,"values":[0.9993,0.0265,0.0248,0,0.0112,0.4262,-0.9046,0,-0.0345,0.9042,0.4256,0,0,0.4362,0,1]},
{"frame":75,"values":[0.9993,0.0265,0.0248,0,0.0112,0.4262,-0.9046,0,-0.0345,0.9042,0.4256,0,0,0.4362,0,1]}]}},
{"name":"toe.L","index":4,"matrix":[1,0,0,0,0,0.8924,-0.4511,0,0,0.4511,0.8924,0,0,0.1406,0,1],"rest":[0.9955,0,0,0,0,0.8924,-0.4511,0,0,0.4511,0.8925,0,0,0.1406,0,1],"parentBoneIndex":3,"length":0.082
,"animation":{"name":"anim","property":"_matrix","dataType":3,"framePerSecond":24,"loopBehavior":1,"keys":[
{"frame":1,"values":[1,0,0,0,0,0.8924,-0.4511,0,0,0.4511,0.8924,0,0,0.1406,0,1]},
{"frame":75,"values":[1,0,0,0,0,0.8924,-0.4511,0,0,0.4511,0.8924,0,0,0.1406,0,1]}]}},
{"name":"thigh.R","index":5,"matrix":[0.9939,-0.0997,-0.0483,0,-0.1025,-0.9928,-0.0612,0,-0.0419,0.0658,-0.997,0,-0.1085,-0.0034,-0.0113,1],"rest":[0.9938,-0.0997,-0.0483,0,-0.1025,-0.9928,-0.0612,0,-0.0419,0.0658,-0.997,0,-0.1085,-0.0034,-0.0113,1],"parentBoneIndex":0,"length":0.4176
,"animation":{"name":"anim","property":"_matrix","dataType":3,"framePerSecond":24,"loopBehavior":1,"keys":[
{"frame":1,"values":[0.9939,-0.0997,-0.0483,0,-0.1025,-0.9928,-0.0612,0,-0.0419,0.0658,-0.997,0,-0.1085,-0.0034,-0.0113,1]},
{"frame":75,"values":[0.9939,-0.0997,-0.0483,0,-0.1025,-0.9928,-0.0612,0,-0.0419,0.0658,-0.997,0,-0.1085,-0.0034,-0.0113,1]}]}},
{"name":"shin.R","index":6,"matrix":[1,0,0,0,0,0.994,0.1093,0,0,-0.1094,0.994,0,0,0.4176,0,1],"rest":[1,0,0,0,0,0.994,0.1094,0,0,-0.1094,0.994,0,0,0.4176,0,1],"parentBoneIndex":5,"length":0.4362
,"animation":{"name":"anim","property":"_matrix","dataType":3,"framePerSecond":24,"loopBehavior":1,"keys":[
{"frame":1,"values":[1,0,0,0,0,0.994,0.1093,0,0,-0.1094,0.994,0,0,0.4176,0,1]},
{"frame":75,"values":[1,0,0,0,0,0.994,0.1093,0,0,-0.1094,0.994,0,0,0.4176,0,1]}]}},
{"name":"foot.R","index":7,"matrix":[0.9993,-0.0265,-0.0248,0,-0.0112,0.4262,-0.9046,0,0.0345,0.9042,0.4256,0,0,0.4362,0,1],"rest":[0.9993,-0.0265,-0.0248,0,-0.0112,0.4262,-0.9046,0,0.0345,0.9042,0.4256,0,0,0.4362,0,1],"parentBoneIndex":6,"length":0.1406
,"animation":{"name":"anim","property":"_matrix","dataType":3,"framePerSecond":24,"loopBehavior":1,"keys":[
{"frame":1,"values":[0.9993,-0.0265,-0.0248,0,-0.0112,0.4262,-0.9046,0,0.0345,0.9042,0.4256,0,0,0.4362,0,1]},
{"frame":75,"values":[0.9993,-0.0265,-0.0248,0,-0.0112,0.4262,-0.9046,0,0.0345,0.9042,0.4256,0,0,0.4362,0,1]}]}},
{"name":"toe.R","index":8,"matrix":[1,0,0,0,0,0.8924,-0.4511,0,0,0.4511,0.8924,0,0,0.1406,0,1],"rest":[0.9955,0,0,0,0,0.8924,-0.4511,0,0,0.4511,0.8925,0,0,0.1406,0,1],"parentBoneIndex":7,"length":0.082
,"animation":{"name":"anim","property":"_matrix","dataType":3,"framePerSecond":24,"loopBehavior":1,"keys":[
{"frame":1,"values":[1,0,0,0,0,0.8924,-0.4511,0,0,0.4511,0.8924,0,0,0.1406,0,1]},
{"frame":75,"values":[1,0,0,0,0,0.8924,-0.4511,0,0,0.4511,0.8924,0,0,0.1406,0,1]}]}},
{"name":"spine","index":9,"matrix":[1,0,0,0,0,1,0.0011,0,0,-0.0011,1,0,0,0.1589,0,1],"rest":[1,0,0,0,0,1,0.0011,0,0,-0.0011,1,0,0,0.1589,0,1],"parentBoneIndex":0,"length":0.0605
,"animation":{"name":"anim","property":"_matrix","dataType":3,"framePerSecond":24,"loopBehavior":1,"keys":[
{"frame":1,"values":[1,0,0,0,0,1,0.0011,0,0,-0.0011,1,0,0,0.1589,0,1]},
{"frame":75,"values":[1,0,0,0,0,1,0.0011,0,0,-0.0011,1,0,0,0.1589,0,1]}]}},
{"name":"chest","index":10,"matrix":[1,0,0,0,0,0.9664,0.2572,0,0,-0.2572,0.9664,0,0,0.0605,0,1],"rest":[1,0,0,0,0,0.9664,0.2572,0,0,-0.2572,0.9664,0,0,0.0605,0,1],"parentBoneIndex":9,"length":0.3452
,"animation":{"name":"anim","property":"_matrix","dataType":3,"framePerSecond":24,"loopBehavior":1,"keys":[
{"frame":1,"values":[1,0,0,0,0,0.9664,0.2572,0,0,-0.2572,0.9664,0,0,0.0605,0,1]},
{"frame":75,"values":[1,0,0,0,0,0.9664,0.2572,0,0,-0.2572,0.9664,0,0,0.0605,0,1]}]}},
{"name":"clavicle.R","index":11,"matrix":[0.2259,-0.2535,-0.9406,0,-0.9637,-0.1994,-0.1777,0,-0.1425,0.9466,-0.2893,0,-0.0228,0.2759,0.0486,1],"rest":[0.2259,-0.2535,-0.9406,0,-0.9637,-0.1994,-0.1777,0,-0.1425,0.9466,-0.2893,0,-0.0228,0.2759,0.0486,1],"parentBoneIndex":10,"length":0.1699
,"animation":{"name":"anim","property":"_matrix","dataType":3,"framePerSecond":24,"loopBehavior":1,"keys":[
{"frame":1,"values":[0.2259,-0.2535,-0.9406,0,-0.9637,-0.1994,-0.1777,0,-0.1425,0.9466,-0.2893,0,-0.0228,0.2759,0.0486,1]},
{"frame":75,"values":[0.2259,-0.2535,-0.9406,0,-0.9637,-0.1994,-0.1777,0,-0.1425,0.9466,-0.2893,0,-0.0228,0.2759,0.0486,1]}]}},
{"name":"upper_arm.R","index":12,"matrix":[-0.157,0.9549,0.2521,0,0.1281,0.2728,-0.9535,0,-0.9793,-0.1174,-0.1651,0,0,0.1699,0,1],"rest":[-0.157,0.9549,0.2521,0,0.1281,0.2728,-0.9535,0,-0.9793,-0.1174,-0.1651,0,0,0.1699,0,1],"parentBoneIndex":11,"length":0.252
,"animation":{"name":"anim","property":"_matrix","dataType":3,"framePerSecond":24,"loopBehavior":1,"keys":[
{"frame":1,"values":[-0.157,0.9549,0.2521,0,0.1281,0.2728,-0.9535,0,-0.9793,-0.1174,-0.1651,0,0,0.1699,0,1]},
{"frame":75,"values":[-0.157,0.9549,0.2521,0,0.1281,0.2728,-0.9535,0,-0.9793,-0.1174,-0.1651,0,0,0.1699,0,1]}]}},
{"name":"forearm.R","index":13,"matrix":[0.9949,0.1009,-0.0075,0,0.0189,-0.112,0.9935,0,0.0994,-0.9886,-0.1134,0,0,0.252,0,1],"rest":[0.9949,0.1009,-0.0075,0,0.0189,-0.112,0.9935,0,0.0994,-0.9886,-0.1134,0,0,0.252,0,1],"parentBoneIndex":12,"length":0.1871
,"animation":{"name":"anim","property":"_matrix","dataType":3,"framePerSecond":24,"loopBehavior":1,"keys":[
{"frame":1,"values":[0.9949,0.1009,-0.0075,0,0.0189,-0.112,0.9935,0,0.0994,-0.9886,-0.1134,0,0,0.252,0,1]},
{"frame":75,"values":[0.9949,0.1009,-0.0075,0,0.0189,-0.112,0.9935,0,0.0994,-0.9886,-0.1134,0,0,0.252,0,1]}]}},
{"name":"forearm.R.001","index":14,"matrix":[0.9921,-0.1249,-0.0097,0,0.1249,0.9803,0.1531,0,-0.0096,-0.1531,0.9882,0,0,0.1871,0,1],"rest":[0.9921,-0.1249,-0.0097,0,0.1249,0.9803,0.1531,0,-0.0096,-0.1531,0.9882,0,0,0.1871,0,1],"parentBoneIndex":13,"length":0.0805
,"animation":{"name":"anim","property":"_matrix","dataType":3,"framePerSecond":24,"loopBehavior":1,"keys":[
{"frame":1,"values":[0.9921,-0.1249,-0.0097,0,0.1249,0.9803,0.1531,0,-0.0096,-0.1531,0.9882,0,0,0.1871,0,1]},
{"frame":75,"values":[0.9921,-0.1249,-0.0097,0,0.1249,0.9803,0.1531,0,-0.0096,-0.1531,0.9882,0,0,0.1871,0,1]}]}},
{"name":"hand.R","index":15,"matrix":[0.0816,0.0495,0.9954,0,-0.3337,0.9425,-0.0195,0,-0.9391,-0.3306,0.0934,0,0,0.0805,0,1],"rest":[0.0816,0.0495,0.9954,0,-0.3337,0.9425,-0.0195,0,-0.9391,-0.3306,0.0934,0,0,0.0805,0,1],"parentBoneIndex":14,"length":0.1124
,"animation":{"name":"anim","property":"_matrix","dataType":3,"framePerSecond":24,"loopBehavior":1,"keys":[
{"frame":1,"values":[0.0816,0.0495,0.9954,0,-0.3337,0.9425,-0.0195,0,-0.9391,-0.3306,0.0934,0,0,0.0805,0,1]},
{"frame":75,"values":[0.0816,0.0495,0.9954,0,-0.3337,0.9425,-0.0195,0,-0.9391,-0.3306,0.0934,0,0,0.0805,0,1]}]}},
{"name":"thumb.02.R","index":16,"matrix":[-0.0737,-0.4265,0.9015,0,0.3982,0.8162,0.4187,0,-0.9143,0.3898,0.1097,0,0.0397,0.0563,0.0205,1],"rest":[-0.0737,-0.4265,0.9015,0,0.3982,0.8162,0.4187,0,-0.9143,0.3898,0.1097,0,0.0397,0.0563,0.0205,1],"parentBoneIndex":15,"length":0.0362
,"animation":{"name":"anim","property":"_matrix","dataType":3,"framePerSecond":24,"loopBehavior":1,"keys":[
{"frame":1,"values":[-0.0737,-0.4265,0.9015,0,0.3982,0.8162,0.4187,0,-0.9143,0.3898,0.1097,0,0.0397,0.0563,0.0205,1]},
{"frame":75,"values":[-0.0737,-0.4265,0.9015,0,0.3982,0.8162,0.4187,0,-0.9143,0.3898,0.1097,0,0.0397,0.0563,0.0205,1]}]}},
{"name":"thumb.03.R","index":17,"matrix":[0.9991,-0.0164,-0.0387,0,0.0191,0.9974,0.0702,0,0.0374,-0.0709,0.9968,0,0,0.0362,0,1],"rest":[0.9991,-0.0164,-0.0387,0,0.0191,0.9974,0.0702,0,0.0374,-0.0709,0.9968,0,0,0.0362,0,1],"parentBoneIndex":16,"length":0.0223
,"animation":{"name":"anim","property":"_matrix","dataType":3,"framePerSecond":24,"loopBehavior":1,"keys":[
{"frame":1,"values":[0.9991,-0.0164,-0.0387,0,0.0191,0.9974,0.0702,0,0.0374,-0.0709,0.9968,0,0,0.0362,0,1]},
{"frame":75,"values":[0.9991,-0.0164,-0.0387,0,0.0191,0.9974,0.0702,0,0.0374,-0.0709,0.9968,0,0,0.0362,0,1]}]}},
{"name":"f_ring.01.R","index":18,"matrix":[0.9454,0.3097,-0.1011,0,-0.3151,0.9482,-0.0418,0,0.0829,0.0714,0.994,0,-0.021,0.0948,-0.014,1],"rest":[0.9455,0.3097,-0.1012,0,-0.3151,0.9482,-0.0418,0,0.0829,0.0714,0.994,0,-0.021,0.0948,-0.014,1],"parentBoneIndex":15,"length":0.028
,"animation":{"name":"anim","property":"_matrix","dataType":3,"framePerSecond":24,"loopBehavior":1,"keys":[
{"frame":1,"values":[0.9454,0.3097,-0.1011,0,-0.3151,0.9482,-0.0418,0,0.0829,0.0714,0.994,0,-0.021,0.0948,-0.014,1]},
{"frame":75,"values":[0.9454,0.3097,-0.1011,0,-0.3151,0.9482,-0.0418,0,0.0829,0.0714,0.994,0,-0.021,0.0948,-0.014,1]}]}},
{"name":"f_index.01.R","index":19,"matrix":[0.9123,-0.1461,0.3825,0,0.1212,0.9887,0.0885,0,-0.3911,-0.0344,0.9197,0,0.025,0.104,-0.0076,1],"rest":[0.9123,-0.1461,0.3825,0,0.1212,0.9887,0.0885,0,-0.3911,-0.0344,0.9197,0,0.025,0.104,-0.0076,1],"parentBoneIndex":15,"length":0.0244
,"animation":{"name":"anim","property":"_matrix","dataType":3,"framePerSecond":24,"loopBehavior":1,"keys":[
{"frame":1,"values":[0.9123,-0.1461,0.3825,0,0.1212,0.9887,0.0885,0,-0.3911,-0.0344,0.9197,0,0.025,0.104,-0.0076,1]},
{"frame":75,"values":[0.9123,-0.1461,0.3825,0,0.1212,0.9887,0.0885,0,-0.3911,-0.0344,0.9197,0,0.025,0.104,-0.0076,1]}]}},
{"name":"doll_body","index":20,"matrix":[1,-0.0004,0.0026,0,-0.0025,0.113,0.9936,0,-0.0007,-0.9936,0.113,0,0,0.1871,0,1],"rest":[1,-0.0004,0.0026,0,-0.0025,0.113,0.9936,0,-0.0007,-0.9936,0.113,0,0,0.1871,0,1],"parentBoneIndex":13,"length":0.3231
,"animation":{"name":"anim","property":"_matrix","dataType":3,"framePerSecond":24,"loopBehavior":1,"keys":[
{"frame":1,"values":[1,-0.0004,0.0026,0,-0.0025,0.113,0.9936,0,-0.0007,-0.9936,0.113,0,0,0.1871,0,1]},
{"frame":2,"values":[0.9966,0.0816,-0.0068,0,-0.0025,0.113,0.9936,0,0.0818,-0.9902,0.1128,0,0,0.1871,0,1]},
{"frame":3,"values":[0.965,0.2609,-0.0272,0,-0.0025,0.113,0.9936,0,0.2623,-0.9587,0.1097,0,0,0.1871,0,1]},
{"frame":4,"values":[0.9009,0.4315,-0.0468,0,-0.0025,0.113,0.9936,0,0.434,-0.895,0.1028,0,0,0.1871,0,1]},
{"frame":5,"values":[0.862,0.5038,-0.0551,0,-0.0025,0.113,0.9936,0,0.5068,-0.8564,0.0986,0,0,0.1871,0,1]},
{"frame":6,"values":[0.8656,0.4978,-0.0544,0,-0.0025,0.113,0.9936,0,0.5008,-0.8599,0.099,0,0,0.1871,0,1]},
{"frame":7,"values":[0.8749,0.4814,-0.0525,0,-0.0025,0.113,0.9936,0,0.4842,-0.8692,0.1,0,0,0.1871,0,1]},
{"frame":8,"values":[0.8882,0.4568,-0.0497,0,-0.0025,0.113,0.9936,0,0.4595,-0.8824,0.1015,0,0,0.1871,0,1]},
{"frame":9,"values":[0.9033,0.4264,-0.0462,0,-0.0025,0.113,0.9936,0,0.4289,-0.8974,0.1031,0,0,0.1871,0,1]},
{"frame":10,"values":[0.9186,0.3928,-0.0424,0,-0.0025,0.113,0.9936,0,0.3951,-0.9127,0.1048,0,0,0.1871,0,1]},
{"frame":11,"values":[0.9327,0.3587,-0.0384,0,-0.0025,0.113,0.9936,0,0.3607,-0.9266,0.1063,0,0,0.1871,0,1]},
{"frame":12,"values":[0.9444,0.3268,-0.0348,0,-0.0025,0.113,0.9936,0,0.3287,-0.9383,0.1075,0,0,0.1871,0,1]},
{"frame":13,"values":[0.9533,0.3004,-0.0318,0,-0.0025,0.113,0.9936,0,0.302,-0.9471,0.1084,0,0,0.1871,0,1]},
{"frame":14,"values":[0.9589,0.2823,-0.0297,0,-0.0025,0.113,0.9936,0,0.2839,-0.9526,0.109,0,0,0.1871,0,1]},
{"frame":15,"values":[0.9608,0.2756,-0.0289,0,-0.0025,0.113,0.9936,0,0.2771,-0.9546,0.1092,0,0,0.1871,0,1]},
{"frame":16,"values":[0.9533,0.3004,-0.0318,0,-0.0025,0.113,0.9936,0,0.302,-0.9471,0.1084,0,0,0.1871,0,1]},
{"frame":17,"values":[0.9327,0.3587,-0.0384,0,-0.0025,0.113,0.9936,0,0.3607,-0.9266,0.1063,0,0,0.1871,0,1]},
{"frame":18,"values":[0.9033,0.4264,-0.0462,0,-0.0025,0.113,0.9936,0,0.4289,-0.8974,0.1031,0,0,0.1871,0,1]},
{"frame":19,"values":[0.8749,0.4814,-0.0525,0,-0.0025,0.113,0.9936,0,0.4842,-0.8692,0.1,0,0,0.1871,0,1]},
{"frame":20,"values":[0.862,0.5038,-0.0551,0,-0.0025,0.113,0.9936,0,0.5068,-0.8564,0.0986,0,0,0.1871,0,1]},
{"frame":21,"values":[0.8694,0.4912,-0.0537,0,-0.0025,0.113,0.9936,0,0.4941,-0.8637,0.0994,0,0,0.1871,0,1]},
{"frame":22,"values":[0.8885,0.4561,-0.0496,0,-0.0025,0.113,0.9936,0,0.4588,-0.8827,0.1015,0,0,0.1871,0,1]},
{"frame":23,"values":[0.9142,0.4028,-0.0435,0,-0.0025,0.113,0.9936,0,0.4052,-0.9083,0.1043,0,0,0.1871,0,1]},
{"frame":24,"values":[0.9412,0.3359,-0.0358,0,-0.0025,0.113,0.9936,0,0.3378,-0.9351,0.1072,0,0,0.1871,0,1]},
{"frame":25,"values":[0.965,0.2609,-0.0272,0,-0.0025,0.113,0.9936,0,0.2623,-0.9587,0.1097,0,0,0.1871,0,1]},
{"frame":26,"values":[0.9827,0.1842,-0.0185,0,-0.0025,0.113,0.9936,0,0.1851,-0.9764,0.1115,0,0,0.1871,0,1]},
{"frame":27,"values":[0.9935,0.113,-0.0104,0,-0.0025,0.113,0.9936,0,0.1134,-0.9872,0.1125,0,0,0.1871,0,1]},
{"frame":28,"values":[0.9985,0.0541,-0.0036,0,-0.0025,0.113,0.9936,0,0.0542,-0.9921,0.1129,0,0,0.1871,0,1]},
{"frame":29,"values":[0.9999,0.0142,0.0009,0,-0.0025,0.113,0.9936,0,0.014,-0.9935,0.113,0,0,0.1871,0,1]},
{"frame":30,"values":[1,-0.0004,0.0026,0,-0.0025,0.113,0.9936,0,-0.0007,-0.9936,0.113,0,0,0.1871,0,1]},
{"frame":36,"values":[0.9966,0.0816,-0.0068,0,-0.0025,0.113,0.9936,0,0.0818,-0.9902,0.1128,0,0,0.1871,0,1]},
{"frame":37,"values":[0.965,0.2609,-0.0272,0,-0.0025,0.113,0.9936,0,0.2623,-0.9587,0.1097,0,0,0.1871,0,1]},
{"frame":38,"values":[0.9009,0.4315,-0.0468,0,-0.0025,0.113,0.9936,0,0.434,-0.895,0.1028,0,0,0.1871,0,1]},
{"frame":39,"values":[0.862,0.5038,-0.0551,0,-0.0025,0.113,0.9936,0,0.5068,-0.8564,0.0986,0,0,0.1871,0,1]},
{"frame":40,"values":[0.8656,0.4978,-0.0544,0,-0.0025,0.113,0.9936,0,0.5008,-0.8599,0.099,0,0,0.1871,0,1]},
{"frame":41,"values":[0.8749,0.4814,-0.0525,0,-0.0025,0.113,0.9936,0,0.4842,-0.8692,0.1,0,0,0.1871,0,1]},
{"frame":42,"values":[0.8882,0.4568,-0.0497,0,-0.0025,0.113,0.9936,0,0.4595,-0.8824,0.1015,0,0,0.1871,0,1]},
{"frame":43,"values":[0.9033,0.4264,-0.0462,0,-0.0025,0.113,0.9936,0,0.4289,-0.8974,0.1031,0,0,0.1871,0,1]},
{"frame":44,"values":[0.9186,0.3928,-0.0424,0,-0.0025,0.113,0.9936,0,0.3951,-0.9127,0.1048,0,0,0.1871,0,1]},
{"frame":45,"values":[0.9327,0.3587,-0.0384,0,-0.0025,0.113,0.9936,0,0.3607,-0.9266,0.1063,0,0,0.1871,0,1]},
{"frame":46,"values":[0.9444,0.3268,-0.0348,0,-0.0025,0.113,0.9936,0,0.3287,-0.9383,0.1075,0,0,0.1871,0,1]},
{"frame":47,"values":[0.9533,0.3004,-0.0318,0,-0.0025,0.113,0.9936,0,0.302,-0.9471,0.1084,0,0,0.1871,0,1]},
{"frame":48,"values":[0.9589,0.2823,-0.0297,0,-0.0025,0.113,0.9936,0,0.2839,-0.9526,0.109,0,0,0.1871,0,1]},
{"frame":49,"values":[0.9608,0.2756,-0.0289,0,-0.0025,0.113,0.9936,0,0.2771,-0.9546,0.1092,0,0,0.1871,0,1]},
{"frame":50,"values":[0.9533,0.3004,-0.0318,0,-0.0025,0.113,0.9936,0,0.302,-0.9471,0.1084,0,0,0.1871,0,1]},
{"frame":51,"values":[0.9327,0.3587,-0.0384,0,-0.0025,0.113,0.9936,0,0.3607,-0.9266,0.1063,0,0,0.1871,0,1]},
{"frame":52,"values":[0.9033,0.4264,-0.0462,0,-0.0025,0.113,0.9936,0,0.4289,-0.8974,0.1031,0,0,0.1871,0,1]},
{"frame":53,"values":[0.8749,0.4814,-0.0525,0,-0.0025,0.113,0.9936,0,0.4842,-0.8692,0.1,0,0,0.1871,0,1]},
{"frame":54,"values":[0.862,0.5038,-0.0551,0,-0.0025,0.113,0.9936,0,0.5068,-0.8564,0.0986,0,0,0.1871,0,1]},
{"frame":55,"values":[0.8694,0.4912,-0.0537,0,-0.0025,0.113,0.9936,0,0.4941,-0.8637,0.0994,0,0,0.1871,0,1]},
{"frame":56,"values":[0.8885,0.4561,-0.0496,0,-0.0025,0.113,0.9936,0,0.4588,-0.8827,0.1015,0,0,0.1871,0,1]},
{"frame":57,"values":[0.9142,0.4028,-0.0435,0,-0.0025,0.113,0.9936,0,0.4052,-0.9083,0.1043,0,0,0.1871,0,1]},
{"frame":58,"values":[0.9412,0.3359,-0.0358,0,-0.0025,0.113,0.9936,0,0.3378,-0.9351,0.1072,0,0,0.1871,0,1]},
{"frame":59,"values":[0.965,0.2609,-0.0272,0,-0.0025,0.113,0.9936,0,0.2623,-0.9587,0.1097,0,0,0.1871,0,1]},
{"frame":60,"values":[0.9827,0.1842,-0.0185,0,-0.0025,0.113,0.9936,0,0.1851,-0.9764,0.1115,0,0,0.1871,0,1]},
{"frame":61,"values":[0.9935,0.113,-0.0104,0,-0.0025,0.113,0.9936,0,0.1134,-0.9872,0.1125,0,0,0.1871,0,1]},
{"frame":62,"values":[0.9985,0.0541,-0.0036,0,-0.0025,0.113,0.9936,0,0.0542,-0.9921,0.1129,0,0,0.1871,0,1]},
{"frame":63,"values":[0.9999,0.0142,0.0009,0,-0.0025,0.113,0.9936,0,0.014,-0.9935,0.113,0,0,0.1871,0,1]},
{"frame":64,"values":[1,-0.0004,0.0026,0,-0.0025,0.113,0.9936,0,-0.0007,-0.9936,0.113,0,0,0.1871,0,1]},
{"frame":75,"values":[1,-0.0004,0.0026,0,-0.0025,0.113,0.9936,0,-0.0007,-0.9936,0.113,0,0,0.1871,0,1]}]}},
{"name":"doll_neck","index":21,"matrix":[1,0,0,0,0,1,0,0,0,0,1,0,0,0.3231,0,1],"rest":[1,0,0,0,0,1,0,0,0,0,1,0,0,0.3231,0,1],"parentBoneIndex":20,"length":0.0756
,"animation":{"name":"anim","property":"_matrix","dataType":3,"framePerSecond":24,"loopBehavior":1,"keys":[
{"frame":1,"values":[1,0,0,0,0,1,0,0,0,0,1,0,0,0.3231,0,1]},
{"frame":2,"values":[0.9992,0.0402,-0.0004,0,-0.0402,0.999,-0.0189,0,-0.0004,0.0189,0.9998,0,0,0.3231,0,1]},
{"frame":3,"values":[0.9917,0.1285,-0.0039,0,-0.1285,0.9899,-0.0604,0,-0.0039,0.0604,0.9982,0,0,0.3231,0,1]},
{"frame":4,"values":[0.9764,0.2155,-0.0111,0,-0.2155,0.9712,-0.1013,0,-0.0111,0.1013,0.9948,0,0,0.3231,0,1]},
{"frame":5,"values":[0.967,0.2543,-0.0155,0,-0.2543,0.9597,-0.1195,0,-0.0155,0.1195,0.9927,0,0,0.3231,0,1]},
{"frame":6,"values":[0.9734,0.2286,-0.0125,0,-0.2286,0.9676,-0.1074,0,-0.0125,0.1074,0.9941,0,0,0.3231,0,1]},
{"frame":7,"values":[0.9861,0.1662,-0.0065,0,-0.1662,0.983,-0.0781,0,-0.0065,0.0781,0.9969,0,0,0.3231,0,1]},
{"frame":8,"values":[0.9959,0.0905,-0.0019,0,-0.0905,0.995,-0.0426,0,-0.0019,0.0426,0.9991,0,0,0.3231,0,1]},
{"frame":9,"values":[0.9996,0.0267,-0.0002,0,-0.0267,0.9996,-0.0126,0,-0.0002,0.0126,0.9999,0,0,0.3231,0,1]},
{"frame":10,"values":[1,0,0,0,0,1,0,0,0,0,1,0,0,0.3231,0,1]},
{"frame":11,"values":[0.9931,0,0.1173,0,0,1,0,0,-0.1173,0,0.9931,0,0,0.3231,0,1]},
{"frame":12,"values":[0.917,0,0.3989,0,0,1,0,0,-0.3989,0,0.917,0,0,0.3231,0,1]},
{"frame":13,"values":[0.7187,0,0.6953,0,0,1,0,0,-0.6953,0,0.7187,0,0,0.3231,0,1]},
{"frame":14,"values":[0.4875,0,0.8731,0,0,1,0,0,-0.8731,0,0.4875,0,0,0.3231,0,1]},
{"frame":15,"values":[0.3817,0,0.9243,0,0,1,0,0,-0.9243,0,0.3817,0,0,0.3231,0,1]},
{"frame":16,"values":[0.4859,0.0299,0.8735,0,-0.017,0.9995,-0.0248,0,-0.8739,-0.0028,0.4861,0,0,0.3231,0,1]},
{"frame":17,"values":[0.7123,0.1041,0.6941,0,-0.0707,0.9946,-0.0766,0,-0.6983,0.0055,0.7158,0,0,0.3231,0,1]},
{"frame":18,"values":[0.9011,0.1863,0.3915,0,-0.1528,0.9815,-0.1153,0,-0.4057,0.0441,0.9129,0,0,0.3231,0,1]},
{"frame":19,"values":[0.9655,0.2387,0.1037,0,-0.2257,0.9664,-0.123,0,-0.1296,0.0953,0.987,0,0,0.3231,0,1]},
{"frame":20,"values":[0.967,0.2543,-0.0155,0,-0.2543,0.9597,-0.1195,0,-0.0155,0.1195,0.9927,0,0,0.3231,0,1]},
{"frame":21,"values":[0.9689,0.2468,-0.0146,0,-0.2468,0.9621,-0.116,0,-0.0146,0.116,0.9931,0,0,0.3231,0,1]},
{"frame":22,"values":[0.9737,0.2277,-0.0124,0,-0.2277,0.9678,-0.107,0,-0.0124,0.107,0.9942,0,0,0.3231,0,1]},
{"frame":23,"values":[0.9798,0.1997,-0.0095,0,-0.1997,0.9754,-0.0938,0,-0.0095,0.0938,0.9955,0,0,0.3231,0,1]},
{"frame":24,"values":[0.9862,0.1655,-0.0065,0,-0.1655,0.9831,-0.0778,0,-0.0065,0.0778,0.997,0,0,0.3231,0,1]},
{"frame":25,"values":[0.9918,0.128,-0.0039,0,-0.128,0.9899,-0.0602,0,-0.0039,0.0602,0.9982,0,0,0.3231,0,1]},
{"frame":26,"values":[0.9959,0.0903,-0.0019,0,-0.0903,0.995,-0.0424,0,-0.0019,0.0424,0.9991,0,0,0.3231,0,1]},
{"frame":27,"values":[0.9985,0.0555,-0.0007,0,-0.0555,0.9981,-0.0261,0,-0.0007,0.0261,0.9997,0,0,0.3231,0,1]},
{"frame":28,"values":[0.9996,0.0267,-0.0002,0,-0.0267,0.9996,-0.0126,0,-0.0002,0.0126,0.9999,0,0,0.3231,0,1]},
{"frame":29,"values":[1,0.0072,0,0,-0.0072,1,-0.0034,0,0,0.0034,1,0,0,0.3231,0,1]},
{"frame":30,"values":[1,0,0,0,0,1,0,0,0,0,1,0,0,0.3231,0,1]},
{"frame":36,"values":[0.9992,0.0402,-0.0004,0,-0.0402,0.999,-0.0189,0,-0.0004,0.0189,0.9998,0,0,0.3231,0,1]},
{"frame":37,"values":[0.9917,0.1285,-0.0039,0,-0.1285,0.9899,-0.0604,0,-0.0039,0.0604,0.9982,0,0,0.3231,0,1]},
{"frame":38,"values":[0.9764,0.2155,-0.0111,0,-0.2155,0.9712,-0.1013,0,-0.0111,0.1013,0.9948,0,0,0.3231,0,1]},
{"frame":39,"values":[0.967,0.2543,-0.0155,0,-0.2543,0.9597,-0.1195,0,-0.0155,0.1195,0.9927,0,0,0.3231,0,1]},
{"frame":40,"values":[0.9734,0.2286,-0.0125,0,-0.2286,0.9676,-0.1074,0,-0.0125,0.1074,0.9941,0,0,0.3231,0,1]},
{"frame":41,"values":[0.9861,0.1662,-0.0065,0,-0.1662,0.983,-0.0781,0,-0.0065,0.0781,0.9969,0,0,0.3231,0,1]},
{"frame":42,"values":[0.9959,0.0905,-0.0019,0,-0.0905,0.995,-0.0426,0,-0.0019,0.0426,0.9991,0,0,0.3231,0,1]},
{"frame":43,"values":[0.9996,0.0267,-0.0002,0,-0.0267,0.9996,-0.0126,0,-0.0002,0.0126,0.9999,0,0,0.3231,0,1]},
{"frame":44,"values":[1,0,0,0,0,1,0,0,0,0,1,0,0,0.3231,0,1]},
{"frame":45,"values":[0.9931,0,0.1173,0,0,1,0,0,-0.1173,0,0.9931,0,0,0.3231,0,1]},
{"frame":46,"values":[0.917,0,0.3989,0,0,1,0,0,-0.3989,0,0.917,0,0,0.3231,0,1]},
{"frame":47,"values":[0.7187,0,0.6953,0,0,1,0,0,-0.6953,0,0.7187,0,0,0.3231,0,1]},
{"frame":48,"values":[0.4875,0,0.8731,0,0,1,0,0,-0.8731,0,0.4875,0,0,0.3231,0,1]},
{"frame":49,"values":[0.3817,0,0.9243,0,0,1,0,0,-0.9243,0,0.3817,0,0,0.3231,0,1]},
{"frame":50,"values":[0.4859,0.0299,0.8735,0,-0.017,0.9995,-0.0248,0,-0.8739,-0.0028,0.4861,0,0,0.3231,0,1]},
{"frame":51,"values":[0.7123,0.1041,0.6941,0,-0.0707,0.9946,-0.0766,0,-0.6983,0.0055,0.7158,0,0,0.3231,0,1]},
{"frame":52,"values":[0.9011,0.1863,0.3915,0,-0.1528,0.9815,-0.1153,0,-0.4057,0.0441,0.9129,0,0,0.3231,0,1]},
{"frame":53,"values":[0.9655,0.2387,0.1037,0,-0.2257,0.9664,-0.123,0,-0.1296,0.0953,0.987,0,0,0.3231,0,1]},
{"frame":54,"values":[0.967,0.2543,-0.0155,0,-0.2543,0.9597,-0.1195,0,-0.0155,0.1195,0.9927,0,0,0.3231,0,1]},
{"frame":55,"values":[0.9689,0.2468,-0.0146,0,-0.2468,0.9621,-0.116,0,-0.0146,0.116,0.9931,0,0,0.3231,0,1]},
{"frame":56,"values":[0.9737,0.2277,-0.0124,0,-0.2277,0.9678,-0.107,0,-0.0124,0.107,0.9942,0,0,0.3231,0,1]},
{"frame":57,"values":[0.9798,0.1997,-0.0095,0,-0.1997,0.9754,-0.0938,0,-0.0095,0.0938,0.9955,0,0,0.3231,0,1]},
{"frame":58,"values":[0.9862,0.1655,-0.0065,0,-0.1655,0.9831,-0.0778,0,-0.0065,0.0778,0.997,0,0,0.3231,0,1]},
{"frame":59,"values":[0.9918,0.128,-0.0039,0,-0.128,0.9899,-0.0602,0,-0.0039,0.0602,0.9982,0,0,0.3231,0,1]},
{"frame":60,"values":[0.9959,0.0903,-0.0019,0,-0.0903,0.995,-0.0424,0,-0.0019,0.0424,0.9991,0,0,0.3231,0,1]},
{"frame":61,"values":[0.9985,0.0555,-0.0007,0,-0.0555,0.9981,-0.0261,0,-0.0007,0.0261,0.9997,0,0,0.3231,0,1]},
{"frame":62,"values":[0.9996,0.0267,-0.0002,0,-0.0267,0.9996,-0.0126,0,-0.0002,0.0126,0.9999,0,0,0.3231,0,1]},
{"frame":63,"values":[1,0.0072,0,0,-0.0072,1,-0.0034,0,0,0.0034,1,0,0,0.3231,0,1]},
{"frame":64,"values":[1,0,0,0,0,1,0,0,0,0,1,0,0,0.3231,0,1]},
{"frame":75,"values":[1,0,0,0,0,1,0,0,0,0,1,0,0,0.3231,0,1]}]}},
{"name":"doll_head","index":22,"matrix":[1,0,0,0,0,1,0,0,0,0,1,0,0,0.0756,0,1],"rest":[1,0,0,0,0,1,0,0,0,0,1,0,0,0.0756,0,1],"parentBoneIndex":21,"length":0.1158
,"animation":{"name":"anim","property":"_matrix","dataType":3,"framePerSecond":24,"loopBehavior":1,"keys":[
{"frame":1,"values":[1,0,0,0,0,1,0,0,0,0,1,0,0,0.0756,0,1]},
{"frame":75,"values":[1,0,0,0,0,1,0,0,0,0,1,0,0,0.0756,0,1]}]}},
{"name":"doll_jaw","index":23,"matrix":[-0.4068,0.9043,0.1298,0,-0.9134,-0.4,-0.0758,0,-0.0166,-0.1493,0.9886,0,-0.0309,0.0034,-0.0025,1],"rest":[-0.4068,0.9043,0.1298,0,-0.9134,-0.4,-0.0758,0,-0.0166,-0.1493,0.9886,0,-0.0309,0.0034,-0.0025,1],"parentBoneIndex":22,"length":0.0574
,"animation":{"name":"anim","property":"_matrix","dataType":3,"framePerSecond":24,"loopBehavior":1,"keys":[
{"frame":1,"values":[-0.4068,0.9043,0.1298,0,-0.9134,-0.4,-0.0758,0,-0.0166,-0.1493,0.9886,0,-0.0309,0.0034,-0.0025,1]},
{"frame":2,"values":[-0.4703,0.876,0.1071,0,-0.8825,-0.4662,-0.062,0,-0.0044,-0.1236,0.9923,0,-0.0309,0.0034,-0.0025,1]},
{"frame":3,"values":[-0.6029,0.7955,0.0604,0,-0.7976,-0.6026,-0.0256,0,0.016,-0.0636,0.9978,0,-0.0309,0.0034,-0.0025,1]},
{"frame":4,"values":[-0.7212,0.6924,0.0198,0,-0.6922,-0.7215,0.0178,0,0.0266,-0.0008,0.9996,0,-0.0309,0.0034,-0.0025,1]},
{"frame":5,"values":[-0.7689,0.6394,0.0038,0,-0.6388,-0.7684,0.0394,0,0.0281,0.0278,0.9992,0,-0.0309,0.0034,-0.0025,1]},
{"frame":6,"values":[-0.7376,0.6751,0.0143,0,-0.6747,-0.7377,0.0249,0,0.0273,0.0088,0.9996,0,-0.0309,0.0034,-0.0025,1]},
{"frame":7,"values":[-0.6559,0.7537,0.042,0,-0.7545,-0.6562,-0.0077,0,0.0218,-0.0367,0.9991,0,-0.0309,0.0034,-0.0025,1]},
{"frame":8,"values":[-0.5472,0.8332,0.0798,0,-0.8369,-0.5457,-0.0422,0,0.0084,-0.0899,0.9959,0,-0.0309,0.0034,-0.0025,1]},
{"frame":9,"values":[-0.4492,0.8861,0.1146,0,-0.8934,-0.4443,-0.0668,0,-0.0083,-0.1324,0.9912,0,-0.0309,0.0034,-0.0025,1]},
{"frame":10,"values":[-0.4068,0.9043,0.1298,0,-0.9134,-0.4,-0.0758,0,-0.0166,-0.1493,0.9886,0,-0.0309,0.0034,-0.0025,1]},
{"frame":11,"values":[-0.4492,0.8861,0.1146,0,-0.8934,-0.4443,-0.0668,0,-0.0083,-0.1324,0.9912,0,-0.0309,0.0034,-0.0025,1]},
{"frame":12,"values":[-0.5472,0.8332,0.0798,0,-0.8369,-0.5457,-0.0422,0,0.0084,-0.0899,0.9959,0,-0.0309,0.0034,-0.0025,1]},
{"frame":13,"values":[-0.6559,0.7537,0.042,0,-0.7545,-0.6562,-0.0077,0,0.0218,-0.0367,0.9991,0,-0.0309,0.0034,-0.0025,1]},
{"frame":14,"values":[-0.7376,0.6751,0.0143,0,-0.6747,-0.7377,0.0249,0,0.0273,0.0088,0.9996,0,-0.0309,0.0034,-0.0025,1]},
{"frame":15,"values":[-0.7689,0.6394,0.0038,0,-0.6388,-0.7684,0.0394,0,0.0281,0.0278,0.9992,0,-0.0309,0.0034,-0.0025,1]},
{"frame":16,"values":[-0.7376,0.6751,0.0143,0,-0.6747,-0.7377,0.0249,0,0.0273,0.0088,0.9996,0,-0.0309,0.0034,-0.0025,1]},
{"frame":17,"values":[-0.6559,0.7537,0.042,0,-0.7545,-0.6562,-0.0077,0,0.0218,-0.0367,0.9991,0,-0.0309,0.0034,-0.0025,1]},
{"frame":18,"values":[-0.5472,0.8332,0.0798,0,-0.8369,-0.5457,-0.0422,0,0.0084,-0.0899,0.9959,0,-0.0309,0.0034,-0.0025,1]},
{"frame":19,"values":[-0.4492,0.8861,0.1146,0,-0.8934,-0.4443,-0.0668,0,-0.0083,-0.1324,0.9912,0,-0.0309,0.0034,-0.0025,1]},
{"frame":20,"values":[-0.4068,0.9043,0.1298,0,-0.9134,-0.4,-0.0758,0,-0.0166,-0.1493,0.9886,0,-0.0309,0.0034,-0.0025,1]},
{"frame":21,"values":[-0.4492,0.8861,0.1146,0,-0.8934,-0.4443,-0.0668,0,-0.0083,-0.1324,0.9912,0,-0.0309,0.0034,-0.0025,1]},
{"frame":22,"values":[-0.5472,0.8332,0.0798,0,-0.8369,-0.5457,-0.0422,0,0.0084,-0.0899,0.9959,0,-0.0309,0.0034,-0.0025,1]},
{"frame":23,"values":[-0.6559,0.7537,0.042,0,-0.7545,-0.6562,-0.0077,0,0.0218,-0.0367,0.9991,0,-0.0309,0.0034,-0.0025,1]},
{"frame":24,"values":[-0.7376,0.6751,0.0143,0,-0.6747,-0.7377,0.0249,0,0.0273,0.0088,0.9996,0,-0.0309,0.0034,-0.0025,1]},
{"frame":25,"values":[-0.7689,0.6394,0.0038,0,-0.6388,-0.7684,0.0394,0,0.0281,0.0278,0.9992,0,-0.0309,0.0034,-0.0025,1]},
{"frame":26,"values":[-0.7376,0.6751,0.0143,0,-0.6747,-0.7377,0.0249,0,0.0273,0.0088,0.9996,0,-0.0309,0.0034,-0.0025,1]},
{"frame":27,"values":[-0.6559,0.7537,0.042,0,-0.7545,-0.6562,-0.0077,0,0.0218,-0.0367,0.9991,0,-0.0309,0.0034,-0.0025,1]},
{"frame":28,"values":[-0.5472,0.8332,0.0798,0,-0.8369,-0.5457,-0.0422,0,0.0084,-0.0899,0.9959,0,-0.0309,0.0034,-0.0025,1]},
{"frame":29,"values":[-0.4492,0.8861,0.1146,0,-0.8934,-0.4443,-0.0668,0,-0.0083,-0.1324,0.9912,0,-0.0309,0.0034,-0.0025,1]},
{"frame":30,"values":[-0.4068,0.9043,0.1298,0,-0.9134,-0.4,-0.0758,0,-0.0166,-0.1493,0.9886,0,-0.0309,0.0034,-0.0025,1]},
{"frame":36,"values":[-0.4703,0.876,0.1071,0,-0.8825,-0.4662,-0.062,0,-0.0044,-0.1236,0.9923,0,-0.0309,0.0034,-0.0025,1]},
{"frame":37,"values":[-0.6029,0.7955,0.0604,0,-0.7976,-0.6026,-0.0256,0,0.016,-0.0636,0.9978,0,-0.0309,0.0034,-0.0025,1]},
{"frame":38,"values":[-0.7212,0.6924,0.0198,0,-0.6922,-0.7215,0.0178,0,0.0266,-0.0008,0.9996,0,-0.0309,0.0034,-0.0025,1]},
{"frame":39,"values":[-0.7689,0.6394,0.0038,0,-0.6388,-0.7684,0.0394,0,0.0281,0.0278,0.9992,0,-0.0309,0.0034,-0.0025,1]},
{"frame":40,"values":[-0.7376,0.6751,0.0143,0,-0.6747,-0.7377,0.0249,0,0.0273,0.0088,0.9996,0,-0.0309,0.0034,-0.0025,1]},
{"frame":41,"values":[-0.6559,0.7537,0.042,0,-0.7545,-0.6562,-0.0077,0,0.0218,-0.0367,0.9991,0,-0.0309,0.0034,-0.0025,1]},
{"frame":42,"values":[-0.5472,0.8332,0.0798,0,-0.8369,-0.5457,-0.0422,0,0.0084,-0.0899,0.9959,0,-0.0309,0.0034,-0.0025,1]},
{"frame":43,"values":[-0.4492,0.8861,0.1146,0,-0.8934,-0.4443,-0.0668,0,-0.0083,-0.1324,0.9912,0,-0.0309,0.0034,-0.0025,1]},
{"frame":44,"values":[-0.4068,0.9043,0.1298,0,-0.9134,-0.4,-0.0758,0,-0.0166,-0.1493,0.9886,0,-0.0309,0.0034,-0.0025,1]},
{"frame":45,"values":[-0.4492,0.8861,0.1146,0,-0.8934,-0.4443,-0.0668,0,-0.0083,-0.1324,0.9912,0,-0.0309,0.0034,-0.0025,1]},
{"frame":46,"values":[-0.5472,0.8332,0.0798,0,-0.8369,-0.5457,-0.0422,0,0.0084,-0.0899,0.9959,0,-0.0309,0.0034,-0.0025,1]},
{"frame":47,"values":[-0.6559,0.7537,0.042,0,-0.7545,-0.6562,-0.0077,0,0.0218,-0.0367,0.9991,0,-0.0309,0.0034,-0.0025,1]},
{"frame":48,"values":[-0.7376,0.6751,0.0143,0,-0.6747,-0.7377,0.0249,0,0.0273,0.0088,0.9996,0,-0.0309,0.0034,-0.0025,1]},
{"frame":49,"values":[-0.7689,0.6394,0.0038,0,-0.6388,-0.7684,0.0394,0,0.0281,0.0278,0.9992,0,-0.0309,0.0034,-0.0025,1]},
{"frame":50,"values":[-0.7376,0.6751,0.0143,0,-0.6747,-0.7377,0.0249,0,0.0273,0.0088,0.9996,0,-0.0309,0.0034,-0.0025,1]},
{"frame":51,"values":[-0.6559,0.7537,0.042,0,-0.7545,-0.6562,-0.0077,0,0.0218,-0.0367,0.9991,0,-0.0309,0.0034,-0.0025,1]},
{"frame":52,"values":[-0.5472,0.8332,0.0798,0,-0.8369,-0.5457,-0.0422,0,0.0084,-0.0899,0.9959,0,-0.0309,0.0034,-0.0025,1]},
{"frame":53,"values":[-0.4492,0.8861,0.1146,0,-0.8934,-0.4443,-0.0668,0,-0.0083,-0.1324,0.9912,0,-0.0309,0.0034,-0.0025,1]},
{"frame":54,"values":[-0.4068,0.9043,0.1298,0,-0.9134,-0.4,-0.0758,0,-0.0166,-0.1493,0.9886,0,-0.0309,0.0034,-0.0025,1]},
{"frame":55,"values":[-0.4492,0.8861,0.1146,0,-0.8934,-0.4443,-0.0668,0,-0.0083,-0.1324,0.9912,0,-0.0309,0.0034,-0.0025,1]},
{"frame":56,"values":[-0.5472,0.8332,0.0798,0,-0.8369,-0.5457,-0.0422,0,0.0084,-0.0899,0.9959,0,-0.0309,0.0034,-0.0025,1]},
{"frame":57,"values":[-0.6559,0.7537,0.042,0,-0.7545,-0.6562,-0.0077,0,0.0218,-0.0367,0.9991,0,-0.0309,0.0034,-0.0025,1]},
{"frame":58,"values":[-0.7376,0.6751,0.0143,0,-0.6747,-0.7377,0.0249,0,0.0273,0.0088,0.9996,0,-0.0309,0.0034,-0.0025,1]},
{"frame":59,"values":[-0.7689,0.6394,0.0038,0,-0.6388,-0.7684,0.0394,0,0.0281,0.0278,0.9992,0,-0.0309,0.0034,-0.0025,1]},
{"frame":60,"values":[-0.7376,0.6751,0.0143,0,-0.6747,-0.7377,0.0249,0,0.0273,0.0088,0.9996,0,-0.0309,0.0034,-0.0025,1]},
{"frame":61,"values":[-0.6559,0.7537,0.042,0,-0.7545,-0.6562,-0.0077,0,0.0218,-0.0367,0.9991,0,-0.0309,0.0034,-0.0025,1]},
{"frame":62,"values":[-0.5472,0.8332,0.0798,0,-0.8369,-0.5457,-0.0422,0,0.0084,-0.0899,0.9959,0,-0.0309,0.0034,-0.0025,1]},
{"frame":63,"values":[-0.4492,0.8861,0.1146,0,-0.8934,-0.4443,-0.0668,0,-0.0083,-0.1324,0.9912,0,-0.0309,0.0034,-0.0025,1]},
{"frame":64,"values":[-0.4068,0.9043,0.1298,0,-0.9134,-0.4,-0.0758,0,-0.0166,-0.1493,0.9886,0,-0.0309,0.0034,-0.0025,1]},
{"frame":65,"values":[-0.4371,0.8915,0.1189,0,-0.8994,-0.4316,-0.0694,0,-0.0106,-0.1373,0.9905,0,-0.0309,0.0034,-0.0025,1]},
{"frame":66,"values":[-0.5112,0.8545,0.0925,0,-0.8595,-0.5086,-0.0519,0,0.0027,-0.1061,0.9944,0,-0.0309,0.0034,-0.0025,1]},
{"frame":67,"values":[-0.6029,0.7955,0.0604,0,-0.7976,-0.6026,-0.0256,0,0.016,-0.0636,0.9978,0,-0.0309,0.0034,-0.0025,1]},
{"frame":68,"values":[-0.6876,0.7254,0.0312,0,-0.7257,-0.688,0.0042,0,0.0245,-0.0198,0.9995,0,-0.0309,0.0034,-0.0025,1]},
{"frame":69,"values":[-0.7468,0.665,0.0112,0,-0.6645,-0.7467,0.029,0,0.0277,0.0143,0.9995,0,-0.0309,0.0034,-0.0025,1]},
{"frame":70,"values":[-0.7689,0.6394,0.0038,0,-0.6388,-0.7684,0.0394,0,0.0281,0.0278,0.9992,0,-0.0309,0.0034,-0.0025,1]},
{"frame":71,"values":[-0.7376,0.6751,0.0143,0,-0.6747,-0.7377,0.0249,0,0.0273,0.0088,0.9996,0,-0.0309,0.0034,-0.0025,1]},
{"frame":72,"values":[-0.6559,0.7537,0.042,0,-0.7545,-0.6562,-0.0077,0,0.0218,-0.0367,0.9991,0,-0.0309,0.0034,-0.0025,1]},
{"frame":73,"values":[-0.5472,0.8332,0.0798,0,-0.8369,-0.5457,-0.0422,0,0.0084,-0.0899,0.9959,0,-0.0309,0.0034,-0.0025,1]},
{"frame":74,"values":[-0.4492,0.8861,0.1146,0,-0.8934,-0.4443,-0.0668,0,-0.0083,-0.1324,0.9912,0,-0.0309,0.0034,-0.0025,1]},
{"frame":75,"values":[-0.4068,0.9043,0.1298,0,-0.9134,-0.4,-0.0758,0,-0.0166,-0.1493,0.9886,0,-0.0309,0.0034,-0.0025,1]}]}},
{"name":"clavicle.L","index":24,"matrix":[-0.0894,0.2032,0.975,0,0.9143,-0.3716,0.1613,0,0.395,0.9059,-0.1526,0,0.0228,0.2759,0.0486,1],"rest":[0.252,0.1999,0.9469,0,0.8999,-0.4083,-0.1533,0,0.356,0.8907,-0.2828,0,0.0228,0.2759,0.0486,1],"parentBoneIndex":10,"length":0.1699
,"animation":{"name":"anim","property":"_matrix","dataType":3,"framePerSecond":24,"loopBehavior":1,"keys":[
{"frame":1,"values":[-0.0894,0.2032,0.975,0,0.9143,-0.3716,0.1613,0,0.395,0.9059,-0.1526,0,0.0228,0.2759,0.0486,1]},
{"frame":75,"values":[-0.0894,0.2032,0.975,0,0.9143,-0.3716,0.1613,0,0.395,0.9059,-0.1526,0,0.0228,0.2759,0.0486,1]}]}},
{"name":"upper_arm.L","index":25,"matrix":[-0.1671,-0.9177,-0.3605,0,0.2807,0.3062,-0.9096,0,0.9451,-0.2531,0.2065,0,0,0.1699,0,1],"rest":[-0.1823,-0.6233,-0.7604,0,0.0328,0.7691,-0.6383,0,0.9827,-0.1413,-0.1198,0,0,0.1699,0,1],"parentBoneIndex":24,"length":0.252
,"animation":{"name":"anim","property":"_matrix","dataType":3,"framePerSecond":24,"loopBehavior":1,"keys":[
{"frame":1,"values":[-0.1671,-0.9177,-0.3605,0,0.2807,0.3062,-0.9096,0,0.9451,-0.2531,0.2065,0,0,0.1699,0,1]},
{"frame":75,"values":[-0.1671,-0.9177,-0.3605,0,0.2807,0.3062,-0.9096,0,0.9451,-0.2531,0.2065,0,0,0.1699,0,1]}]}},
{"name":"forearm.L","index":26,"matrix":[0.0979,-0.5517,-0.8283,0,0.9919,-0.0131,0.126,0,-0.0804,-0.834,0.5459,0,0,0.252,0,1],"rest":[1,0,0,0,0,0.6877,0.726,0,0,-0.726,0.6877,0,0,0.252,0,1],"parentBoneIndex":25,"length":0.2663
,"animation":{"name":"anim","property":"_matrix","dataType":3,"framePerSecond":24,"loopBehavior":1,"keys":[
{"frame":1,"values":[0.0979,-0.5517,-0.8283,0,0.9919,-0.0131,0.126,0,-0.0804,-0.834,0.5459,0,0,0.252,0,1]},
{"frame":75,"values":[0.0979,-0.5517,-0.8283,0,0.9919,-0.0131,0.126,0,-0.0804,-0.834,0.5459,0,0,0.252,0,1]}]}},
{"name":"hand.L","index":27,"matrix":[0.081,0.0653,-0.9946,0,0.2484,0.965,0.0836,0,0.9653,-0.2538,0.062,0,0,0.2663,0,1],"rest":[0.081,0.0653,-0.9946,0,0.2484,0.965,0.0836,0,0.9653,-0.2538,0.062,0,0,0.2663,0,1],"parentBoneIndex":26,"length":0.111
,"animation":{"name":"anim","property":"_matrix","dataType":3,"framePerSecond":24,"loopBehavior":1,"keys":[
{"frame":1,"values":[0.081,0.0653,-0.9946,0,0.2484,0.965,0.0836,0,0.9653,-0.2538,0.062,0,0,0.2663,0,1]},
{"frame":75,"values":[0.081,0.0653,-0.9946,0,0.2484,0.965,0.0836,0,0.9653,-0.2538,0.062,0,0,0.2663,0,1]}]}},
{"name":"thumb.02.L","index":28,"matrix":[-0.0748,0.4266,-0.9014,0,-0.3985,0.8158,0.4192,0,0.9141,0.3905,0.1089,0,-0.0393,0.0556,0.0203,1],"rest":[-0.0748,0.4266,-0.9014,0,-0.3985,0.8158,0.4192,0,0.9141,0.3905,0.1089,0,-0.0393,0.0556,0.0203,1],"parentBoneIndex":27,"length":0.0358
,"animation":{"name":"anim","property":"_matrix","dataType":3,"framePerSecond":24,"loopBehavior":1,"keys":[
{"frame":1,"values":[-0.0748,0.4266,-0.9014,0,-0.3985,0.8158,0.4192,0,0.9141,0.3905,0.1089,0,-0.0393,0.0556,0.0203,1]},
