{"producer":{"name":"Blender","version":"2.81 (sub 16)","exporter_version":"6.2.4","file":"gruffalo_new_04.babylon"},
"autoClear":true,"clearColor":[0.0509,0.0509,0.0509],"gravity":[0,-9.81,0],
"materials":[{"name":"skin","id":"skin","customType":"BABYLON.StandardMaterial","backFaceCulling":true,"checkReadyOnlyOnce":false,"maxSimultaneousLights":4,"specular":[0,0,0],"specularPower":0,"alpha":1,"indexOfRefraction":0.6897, 
"diffuseTexture":{"name":"base_text02.png","level":1,"hasAlpha":true,"coordinatesMode":0,"uOffset":0,"vOffset":0,"uScale":1,"vScale":1,"uAng":0,"vAng":0,"wAng":0,"wrapU":1,"wrapV":1,"coordinatesIndex":0}},
{"name":"horns","id":"horns","customType":"BABYLON.StandardMaterial","backFaceCulling":true,"checkReadyOnlyOnce":false,"maxSimultaneousLights":4,"diffuse":[0.9242,0.8488,0.5488],"specular":[0,0,0],"specularPower":0,"alpha":1,"indexOfRefraction":0.6897},
{"name":"gruffalo_eyes_baked","id":"gruffalo_eyes_baked","customType":"BABYLON.StandardMaterial","backFaceCulling":true,"checkReadyOnlyOnce":false,"maxSimultaneousLights":4,"diffuse":[0.8,0.0644,0.117],"specular":[0.5,0.5,0.5],"specularPower":64,"alpha":1,"indexOfRefraction":0.6897},
{"name":"iris","id":"iris","customType":"BABYLON.StandardMaterial","backFaceCulling":true,"checkReadyOnlyOnce":false,"maxSimultaneousLights":4,"diffuse":[0.0124,0.0124,0.0124],"specular":[0.5,0.5,0.5],"specularPower":64,"alpha":1,"indexOfRefraction":0.6897},
{"name":"teeth_big","id":"teeth_big","customType":"BABYLON.StandardMaterial","backFaceCulling":true,"checkReadyOnlyOnce":false,"maxSimultaneousLights":4,"diffuse":[0.7964,0.8,0.3813],"specular":[0.5,0.5,0.5],"specularPower":64,"alpha":1,"indexOfRefraction":0.6897},
{"name":"claws","id":"claws","customType":"BABYLON.StandardMaterial","backFaceCulling":true,"checkReadyOnlyOnce":false,"maxSimultaneousLights":4,"diffuse":[0.219,0.2418,0.2889],"specular":[0.5,0.5,0.5],"specularPower":64,"alpha":1,"indexOfRefraction":0.6897}],
"multiMaterials":[{"name":"gruffalo_new_04.Multimaterial#0","id":"gruffalo_new_04.Multimaterial#0","materials":["gruffalo_eyes_baked","iris"]}],
"skeletons":[{"name":"Armature","id":0,"dimensionsAtRest":[2.1335,2.1583,0.9154],"bones":[
{"name":"hip","index":0,"matrix":[1,0,0,0,0,1,0,0,0,0,-1,0,0,0.5671,0.0815,1],"rest":[1,0,0,0,0,1,0,0,0,0,-1,0,0,0.5671,0.0815,1],"parentBoneIndex":-1,"length":0.2496
,"animation":{"dataType":3,"framePerSecond":24,"keys":[
{"frame":1,"values":[1,0,0,0,0,1,0,0,0,0,-1,0,0,0.5671,0.0815,1]},
{"frame":2,"values":[1,0,0,0,0,1,0,0,0,0,-1,0,0,0.566,0.0815,1]},
{"frame":3,"values":[1,0,0,0,0,1,0,0,0,0,-1,0,0,0.563,0.0815,1]},
{"frame":4,"values":[1,0,0,0,0,1,0,0,0,0,-1,0,0,0.5582,0.0815,1]},
{"frame":5,"values":[1,0,0,0,0,1,0,0,0,0,-1,0,0,0.5518,0.0815,1]},
{"frame":6,"values":[1,0,0,0,0,1,0,0,0,0,-1,0,0,0.5442,0.0815,1]},
{"frame":7,"values":[1,0,0,0,0,1,0,0,0,0,-1,0,0,0.5355,0.0815,1]},
{"frame":8,"values":[1,0,0,0,0,1,0,0,0,0,-1,0,0,0.526,0.0815,1]},
{"frame":9,"values":[1,0,0,0,0,1,0,0,0,0,-1,0,0,0.5159,0.0815,1]},
{"frame":10,"values":[1,0,0,0,0,1,0,0,0,0,-1,0,0,0.5055,0.0815,1]},
{"frame":11,"values":[1,0,0,0,0,1,0,0,0,0,-1,0,0,0.4949,0.0815,1]},
{"frame":12,"values":[1,0,0,0,0,1,0,0,0,0,-1,0,0,0.4845,0.0815,1]},
{"frame":13,"values":[1,0,0,0,0,1,0,0,0,0,-1,0,0,0.4744,0.0815,1]},
{"frame":14,"values":[1,0,0,0,0,1,0,0,0,0,-1,0,0,0.4649,0.0815,1]},
{"frame":15,"values":[1,0,0,0,0,1,0,0,0,0,-1,0,0,0.4562,0.0815,1]},
{"frame":16,"values":[1,0,0,0,0,1,0,0,0,0,-1,0,0,0.4486,0.0815,1]},
{"frame":17,"values":[1,0,0,0,0,1,0,0,0,0,-1,0,0,0.4423,0.0815,1]},
{"frame":18,"values":[1,0,0,0,0,1,0,0,0,0,-1,0,0,0.4374,0.0815,1]},
{"frame":19,"values":[1,0,0,0,0,1,0,0,0,0,-1,0,0,0.4344,0.0815,1]},
{"frame":20,"values":[1,0,0,0,0,1,0,0,0,0,-1,0,0,0.4333,0.0815,1]},
{"frame":41,"values":[1,0,0,0,0,1,0,0,0,0,-1,0,0,0.4343,0.0815,1]},
{"frame":42,"values":[1,0,0,0,0,1,0,0,0,0,-1,0,0,0.437,0.0815,1]},
{"frame":43,"values":[1,0,0,0,0,1,0,0,0,0,-1,0,0,0.4414,0.0815,1]},
{"frame":44,"values":[1,0,0,0,0,1,0,0,0,0,-1,0,0,0.4472,0.0815,1]},
{"frame":45,"values":[1,0,0,0,0,1,0,0,0,0,-1,0,0,0.4542,0.0815,1]},
{"frame":46,"values":[1,0,0,0,0,1,0,0,0,0,-1,0,0,0.4622,0.0815,1]},
{"frame":47,"values":[1,0,0,0,0,1,0,0,0,0,-1,0,0,0.471,0.0815,1]},
{"frame":48,"values":[1,0,0,0,0,1,0,0,0,0,-1,0,0,0.4804,0.0815,1]},
{"frame":49,"values":[1,0,0,0,0,1,0,0,0,0,-1,0,0,0.4902,0.0815,1]},
{"frame":50,"values":[1,0,0,0,0,1,0,0,0,0,-1,0,0,0.5002,0.0815,1]},
{"frame":51,"values":[1,0,0,0,0,1,0,0,0,0,-1,0,0,0.5102,0.0815,1]},
{"frame":52,"values":[1,0,0,0,0,1,0,0,0,0,-1,0,0,0.52,0.0815,1]},
{"frame":53,"values":[1,0,0,0,0,1,0,0,0,0,-1,0,0,0.5294,0.0815,1]},
{"frame":54,"values":[1,0,0,0,0,1,0,0,0,0,-1,0,0,0.5382,0.0815,1]},
{"frame":55,"values":[1,0,0,0,0,1,0,0,0,0,-1,0,0,0.5462,0.0815,1]},
{"frame":56,"values":[1,0,0,0,0,1,0,0,0,0,-1,0,0,0.5532,0.0815,1]},
{"frame":57,"values":[1,0,0,0,0,1,0,0,0,0,-1,0,0,0.559,0.0815,1]},
{"frame":58,"values":[1,0,0,0,0,1,0,0,0,0,-1,0,0,0.5634,0.0815,1]},
{"frame":59,"values":[1,0,0,0,0,1,0,0,0,0,-1,0,0,0.5661,0.0815,1]},
{"frame":60,"values":[1,0,0,0,0,1,0,0,0,0,-1,0,0,0.5671,0.0815,1]}],"loopBehavior":1,"name":"anim","property":"_matrix"}},
{"name":"spine01","index":1,"matrix":[1,0,0,0,0,1,0,0,0,0,1,0,0,0.2496,0,1],"rest":[1,0,0,0,0,1,0,0,0,0,1,0,0,0.2496,0,1],"parentBoneIndex":0,"length":0.3449
,"animation":{"dataType":3,"framePerSecond":24,"keys":[
{"frame":1,"values":[1,0,0,0,0,1,0,0,0,0,1,0,0,0.2496,0,1]},
{"frame":60,"values":[1,0,0,0,0,1,0,0,0,0,1,0,0,0.2496,0,1]}],"loopBehavior":1,"name":"anim","property":"_matrix"}},
{"name":"spine02","index":2,"matrix":[1,0,0,0,0,1,0,0,0,0,1,0,0,0.3449,0,1],"rest":[1,0,0,0,0,1,0,0,0,0,1,0,0,0.3449,0,1],"parentBoneIndex":1,"length":0.3962
,"animation":{"dataType":3,"framePerSecond":24,"keys":[
{"frame":1,"values":[1,0,0,0,0,1,0,0,0,0,1,0,0,0.3449,0,1]},
{"frame":60,"values":[1,0,0,0,0,1,0,0,0,0,1,0,0,0.3449,0,1]}],"loopBehavior":1,"name":"anim","property":"_matrix"}},
{"name":"neck","index":3,"matrix":[1,0,0,0,0,0.9376,0.3478,0,0,-0.3478,0.9376,0,0,0.3962,0,1],"rest":[1,0,0,0,0,0.9376,0.3478,0,0,-0.3478,0.9376,0,0,0.3962,0,1],"parentBoneIndex":2,"length":0.1684
,"animation":{"dataType":3,"framePerSecond":24,"keys":[
{"frame":1,"values":[1,0,0,0,0,0.9376,0.3478,0,0,-0.3478,0.9376,0,0,0.3962,0,1]},
{"frame":60,"values":[1,0,0,0,0,0.9376,0.3478,0,0,-0.3478,0.9376,0,0,0.3962,0,1]}],"loopBehavior":1,"name":"anim","property":"_matrix"}},
{"name":"head_bone","index":4,"matrix":[1,0,0,0,0,1,0.0071,0,0,-0.0071,1,0,0,0.1684,0,1],"rest":[1,0,0,0,0,1,0.0071,0,0,-0.0071,1,0,0,0.1684,0,1],"parentBoneIndex":3,"length":0.4958
,"animation":{"dataType":3,"framePerSecond":24,"keys":[
{"frame":1,"values":[1,0,0,0,0,1,0.0071,0,0,-0.0071,1,0,0,0.1684,0,1]},
{"frame":60,"values":[1,0,0,0,0,1,0.0071,0,0,-0.0071,1,0,0,0.1684,0,1]}],"loopBehavior":1,"name":"anim","property":"_matrix"}},
{"name":"UpperLeg.L","index":5,"matrix":[-1,0,0,0,0,-1,0,0,0,0,1,0,0.25,0.0278,-0.028,1],"rest":[-1,0,0,0,0,-1,0,0,0,0,1,0,0.25,0.0278,-0.028,1],"parentBoneIndex":0,"length":0.2499
,"animation":{"dataType":3,"framePerSecond":24,"keys":[
{"frame":1,"values":[-1,0,0,0,0,-1,0,0,0,0,1,0,0.25,0.0278,-0.028,1]},
{"frame":2,"values":[-1,0,0,0,0,-0.9995,0.0328,0,0,0.0328,0.9995,0,0.25,0.0278,-0.028,1]},
{"frame":3,"values":[-1,0,0,0,0,-0.9955,0.0946,0,0,0.0946,0.9955,0,0.25,0.0278,-0.028,1]},
{"frame":4,"values":[-1,0,0,0,0,-0.9866,0.163,0,0,0.163,0.9866,0,0.25,0.0278,-0.028,1]},
{"frame":5,"values":[-1,0,0,0,0,-0.9725,0.233,0,0,0.233,0.9725,0,0.25,0.0278,-0.028,1]},
{"frame":6,"values":[-1,0,0,0,0,-0.953,0.3029,0,0,0.3029,0.953,0,0.25,0.0278,-0.028,1]},
{"frame":7,"values":[-1,0,0,0,0,-0.9286,0.3712,0,0,0.3712,0.9286,0,0.25,0.0278,-0.028,1]},
{"frame":8,"values":[-1,0,0,0,0,-0.8994,0.4372,0,0,0.4372,0.8994,0,0.25,0.0278,-0.028,1]},
{"frame":9,"values":[-1,0,0,0,0,-0.8661,0.4999,0,0,0.4999,0.8661,0,0.25,0.0278,-0.028,1]},
{"frame":10,"values":[-1,0,0,0,0,-0.8294,0.5587,0,0,0.5587,0.8294,0,0.25,0.0278,-0.028,1]},
{"frame":11,"values":[-1,0,0,0,0,-0.7901,0.613,0,0,0.613,0.7901,0,0.25,0.0278,-0.028,1]},
{"frame":12,"values":[-1,0,0,0,0,-0.7493,0.6622,0,0,0.6622,0.7493,0,0.25,0.0278,-0.028,1]},
{"frame":13,"values":[-1,0,0,0,0,-0.7083,0.7059,0,0,0.7059,0.7083,0,0.25,0.0278,-0.028,1]},
{"frame":14,"values":[-1,0,0,0,0,-0.6683,0.7439,0,0,0.7439,0.6683,0,0.25,0.0278,-0.028,1]},
{"frame":15,"values":[-1,0,0,0,0,-0.6306,0.7761,0,0,0.7761,0.6306,0,0.25,0.0278,-0.028,1]},
{"frame":16,"values":[-1,0,0,0,0,-0.5967,0.8024,0,0,0.8024,0.5967,0,0.25,0.0278,-0.028,1]},
{"frame":17,"values":[-1,0,0,0,0,-0.5681,0.8229,0,0,0.8229,0.5681,0,0.25,0.0278,-0.028,1]},
{"frame":18,"values":[-1,0,0,0,0,-0.5461,0.8377,0,0,0.8377,0.5461,0,0.25,0.0278,-0.028,1]},
{"frame":19,"values":[-1,0,0,0,0,-0.532,0.8468,0,0,0.8468,0.532,0,0.25,0.0278,-0.028,1]},
{"frame":20,"values":[-1,0,0,0,0,-0.527,0.8499,0,0,0.8499,0.527,0,0.25,0.0278,-0.028,1]},
{"frame":41,"values":[-1,0,0,0,0,-0.5315,0.8471,0,0,0.8471,0.5315,0,0.25,0.0278,-0.028,1]},
{"frame":42,"values":[-1,0,0,0,0,-0.5443,0.8389,0,0,0.8389,0.5443,0,0.25,0.0278,-0.028,1]},
{"frame":43,"values":[-1,0,0,0,0,-0.5644,0.8255,0,0,0.8255,0.5644,0,0.25,0.0278,-0.028,1]},
{"frame":44,"values":[-1,0,0,0,0,-0.5906,0.807,0,0,0.807,0.5906,0,0.25,0.0278,-0.028,1]},
{"frame":45,"values":[-1,0,0,0,0,-0.6218,0.7832,0,0,0.7832,0.6218,0,0.25,0.0278,-0.028,1]},
{"frame":46,"values":[-1,0,0,0,0,-0.6567,0.7542,0,0,0.7542,0.6567,0,0.25,0.0278,-0.028,1]},
{"frame":47,"values":[-1,0,0,0,0,-0.6941,0.7199,0,0,0.7199,0.6941,0,0.25,0.0278,-0.028,1]},
{"frame":48,"values":[-1,0,0,0,0,-0.7329,0.6803,0,0,0.6803,0.7329,0,0.25,0.0278,-0.028,1]},
{"frame":49,"values":[-1,0,0,0,0,-0.7719,0.6358,0,0,0.6358,0.7719,0,0.25,0.0278,-0.028,1]},
{"frame":50,"values":[-1,0,0,0,0,-0.81,0.5864,0,0,0.5864,0.81,0,0.25,0.0278,-0.028,1]},
{"frame":51,"values":[-1,0,0,0,0,-0.8463,0.5328,0,0,0.5328,0.8463,0,0.25,0.0278,-0.028,1]},
{"frame":52,"values":[-1,0,0,0,0,-0.8799,0.4752,0,0,0.4752,0.8799,0,0.25,0.0278,-0.028,1]},
{"frame":53,"values":[-1,0,0,0,0,-0.9101,0.4144,0,0,0.4144,0.9101,0,0.25,0.0278,-0.028,1]},
{"frame":54,"values":[-1,0,0,0,0,-0.9364,0.3509,0,0,0.3509,0.9364,0,0.25,0.0278,-0.028,1]},
{"frame":55,"values":[-1,0,0,0,0,-0.9584,0.2855,0,0,0.2855,0.9584,0,0.25,0.0278,-0.028,1]},
{"frame":56,"values":[-1,0,0,0,0,-0.9757,0.2189,0,0,0.2189,0.9757,0,0.25,0.0278,-0.028,1]},
{"frame":57,"values":[-1,0,0,0,0,-0.9883,0.1525,0,0,0.1525,0.9883,0,0.25,0.0278,-0.028,1]},
{"frame":58,"values":[-1,0,0,0,0,-0.9961,0.0879,0,0,0.0879,0.9961,0,0.25,0.0278,-0.028,1]},
{"frame":59,"values":[-1,0,0,0,0,-0.9995,0.0301,0,0,0.0301,0.9995,0,0.25,0.0278,-0.028,1]},
{"frame":60,"values":[-1,0,0,0,0,-1,0,0,0,0,1,0,0.25,0.0278,-0.028,1]}],"loopBehavior":1,"name":"anim","property":"_matrix"}},
{"name":"LowerLeg.L","index":6,"matrix":[1,0,0,0,0,0.9928,-0.1196,0,0,0.1196,0.9928,0,0,0.2499,0,1],"rest":[1,0,0,0,0,0.9928,-0.1196,0,0,0.1196,0.9928,0,0,0.2499,0,1],"parentBoneIndex":5,"length":0.2555
,"animation":{"dataType":3,"framePerSecond":24,"keys":[
{"frame":1,"values":[1,0,0,0,0,0.9928,-0.1196,0,0,0.1196,0.9928,0,0,0.2499,0,1]},
{"frame":2,"values":[1,0,0,0,0,0.9838,-0.1793,0,0,0.1793,0.9838,0,0,0.2499,0,1]},
{"frame":3,"values":[1,0,0,0,0,0.9583,-0.2858,0,0,0.2858,0.9583,0,0,0.2499,0,1]},
{"frame":4,"values":[1,0,0,0,0,0.9188,-0.3947,0,0,0.3947,0.9188,0,0,0.2499,0,1]},
{"frame":5,"values":[1,0,0,0,0,0.8681,-0.4963,0,0,0.4963,0.8681,0,0,0.2499,0,1]},
{"frame":6,"values":[1,0,0,0,0,0.809,-0.5877,0,0,0.5877,0.809,0,0,0.2499,0,1]},
{"frame":7,"values":[1,0,0,0,0,0.7443,-0.6678,0,0,0.6678,0.7443,0,0,0.2499,0,1]},
{"frame":8,"values":[1,0,0,0,0,0.6765,-0.7365,0,0,0.7365,0.6765,0,0,0.2499,0,1]},
{"frame":9,"values":[1,0,0,0,0,0.608,-0.7939,0,0,0.7939,0.608,0,0,0.2499,0,1]},
{"frame":10,"values":[1,0,0,0,0,0.541,-0.841,0,0,0.841,0.541,0,0,0.2499,0,1]},
{"frame":11,"values":[1,0,0,0,0,0.477,-0.8789,0,0,0.8789,0.477,0,0,0.2499,0,1]},
{"frame":12,"values":[1,0,0,0,0,0.4176,-0.9086,0,0,0.9086,0.4176,0,0,0.2499,0,1]},
{"frame":13,"values":[1,0,0,0,0,0.364,-0.9314,0,0,0.9314,0.364,0,0,0.2499,0,1]},
{"frame":14,"values":[1,0,0,0,0,0.3167,-0.9485,0,0,0.9485,0.3167,0,0,0.2499,0,1]},
{"frame":15,"values":[1,0,0,0,0,0.2763,-0.9611,0,0,0.9611,0.2763,0,0,0.2499,0,1]},
{"frame":16,"values":[1,0,0,0,0,0.243,-0.97,0,0,0.97,0.243,0,0,0.2499,0,1]},
{"frame":17,"values":[1,0,0,0,0,0.2169,-0.9762,0,0,0.9762,0.2169,0,0,0.2499,0,1]},
{"frame":18,"values":[1,0,0,0,0,0.1981,-0.9802,0,0,0.9802,0.1981,0,0,0.2499,0,1]},
{"frame":19,"values":[1,0,0,0,0,0.1864,-0.9825,0,0,0.9825,0.1864,0,0,0.2499,0,1]},
{"frame":20,"values":[1,0,0,0,0,0.1824,-0.9832,0,0,0.9832,0.1824,0,0,0.2499,0,1]},
{"frame":41,"values":[1,0,0,0,0,0.1861,-0.9825,0,0,0.9825,0.1861,0,0,0.2499,0,1]},
{"frame":42,"values":[1,0,0,0,0,0.1966,-0.9805,0,0,0.9805,0.1966,0,0,0.2499,0,1]},
{"frame":43,"values":[1,0,0,0,0,0.2137,-0.9769,0,0,0.9769,0.2137,0,0,0.2499,0,1]},
{"frame":44,"values":[1,0,0,0,0,0.2373,-0.9714,0,0,0.9714,0.2373,0,0,0.2499,0,1]},
{"frame":45,"values":[1,0,0,0,0,0.2674,-0.9636,0,0,0.9636,0.2674,0,0,0.2499,0,1]},
{"frame":46,"values":[1,0,0,0,0,0.3039,-0.9527,0,0,0.9527,0.3039,0,0,0.2499,0,1]},
{"frame":47,"values":[1,0,0,0,0,0.3467,-0.938,0,0,0.938,0.3467,0,0,0.2499,0,1]},
{"frame":48,"values":[1,0,0,0,0,0.3955,-0.9185,0,0,0.9185,0.3955,0,0,0.2499,0,1]},
{"frame":49,"values":[1,0,0,0,0,0.4496,-0.8932,0,0,0.8932,0.4496,0,0,0.2499,0,1]},
{"frame":50,"values":[1,0,0,0,0,0.5085,-0.8611,0,0,0.8611,0.5085,0,0,0.2499,0,1]},
{"frame":51,"values":[1,0,0,0,0,0.5708,-0.8211,0,0,0.8211,0.5708,0,0,0.2499,0,1]},
{"frame":52,"values":[1,0,0,0,0,0.6355,-0.7721,0,0,0.7721,0.6355,0,0,0.2499,0,1]},
{"frame":53,"values":[1,0,0,0,0,0.7004,-0.7137,0,0,0.7137,0.7004,0,0,0.2499,0,1]},
{"frame":54,"values":[1,0,0,0,0,0.7642,-0.645,0,0,0.645,0.7642,0,0,0.2499,0,1]},
{"frame":55,"values":[1,0,0,0,0,0.8245,-0.5659,0,0,0.5659,0.8245,0,0,0.2499,0,1]},
{"frame":56,"values":[1,0,0,0,0,0.8791,-0.4766,0,0,0.4766,0.8791,0,0,0.2499,0,1]},
{"frame":57,"values":[1,0,0,0,0,0.9255,-0.3787,0,0,0.3787,0.9255,0,0,0.2499,0,1]},
{"frame":58,"values":[1,0,0,0,0,0.9615,-0.2748,0,0,0.2748,0.9615,0,0,0.2499,0,1]},
{"frame":59,"values":[1,0,0,0,0,0.9847,-0.1745,0,0,0.1745,0.9847,0,0,0.2499,0,1]},
{"frame":60,"values":[1,0,0,0,0,0.9928,-0.1196,0,0,0.1196,0.9928,0,0,0.2499,0,1]}],"loopBehavior":1,"name":"anim","property":"_matrix"}},
{"name":"Foot.L","index":7,"matrix":[1,0,0,0,0,-0.0191,0.9998,0,0,-0.9998,-0.0191,0,0,0.2555,0,1],"rest":[1,0,0,0,0,-0.0191,0.9998,0,0,-0.9998,-0.0191,0,0,0.2555,0,1],"parentBoneIndex":6,"length":0.2734
,"animation":{"dataType":3,"framePerSecond":24,"keys":[
{"frame":1,"values":[1,0,0,0,0,-0.0191,0.9998,0,0,-0.9998,-0.0191,0,0,0.2555,0,1]},
{"frame":2,"values":[1,0,0,0,0,-0.0212,0.9998,0,0,-0.9998,-0.0212,0,0,0.2555,0,1]},
{"frame":3,"values":[1,0,0,0,0,-0.0273,0.9996,0,0,-0.9996,-0.0273,0,0,0.2555,0,1]},
{"frame":4,"values":[1,0,0,0,0,-0.0368,0.9993,0,0,-0.9993,-0.0368,0,0,0.2555,0,1]},
{"frame":5,"values":[1,0,0,0,0,-0.0493,0.9988,0,0,-0.9988,-0.0493,0,0,0.2555,0,1]},
{"frame":6,"values":[1,0,0,0,0,-0.0644,0.9979,0,0,-0.9979,-0.0644,0,0,0.2555,0,1]},
{"frame":7,"values":[1,0,0,0,0,-0.0815,0.9967,0,0,-0.9967,-0.0815,0,0,0.2555,0,1]},
{"frame":8,"values":[1,0,0,0,0,-0.1002,0.995,0,0,-0.995,-0.1002,0,0,0.2555,0,1]},
{"frame":9,"values":[1,0,0,0,0,-0.1201,0.9928,0,0,-0.9928,-0.1201,0,0,0.2555,0,1]},
{"frame":10,"values":[1,0,0,0,0,-0.1406,0.9901,0,0,-0.9901,-0.1406,0,0,0.2555,0,1]},
{"frame":11,"values":[1,0,0,0,0,-0.1613,0.9869,0,0,-0.9869,-0.1613,0,0,0.2555,0,1]},
{"frame":12,"values":[1,0,0,0,0,-0.1817,0.9834,0,0,-0.9834,-0.1817,0,0,0.2555,0,1]},
{"frame":13,"values":[1,0,0,0,0,-0.2013,0.9795,0,0,-0.9795,-0.2013,0,0,0.2555,0,1]},
{"frame":14,"values":[1,0,0,0,0,-0.2197,0.9756,0,0,-0.9756,-0.2197,0,0,0.2555,0,1]},
{"frame":15,"values":[1,0,0,0,0,-0.2364,0.9717,0,0,-0.9717,-0.2364,0,0,0.2555,0,1]},
{"frame":16,"values":[1,0,0,0,0,-0.251,0.968,0,0,-0.968,-0.251,0,0,0.2555,0,1]},
{"frame":17,"values":[1,0,0,0,0,-0.2631,0.9648,0,0,-0.9648,-0.2631,0,0,0.2555,0,1]},
{"frame":18,"values":[1,0,0,0,0,-0.2723,0.9622,0,0,-0.9622,-0.2723,0,0,0.2555,0,1]},
{"frame":19,"values":[1,0,0,0,0,-0.2781,0.9606,0,0,-0.9606,-0.2781,0,0,0.2555,0,1]},
{"frame":20,"values":[1,0,0,0,0,-0.2801,0.96,0,0,-0.96,-0.2801,0,0,0.2555,0,1]},
{"frame":41,"values":[1,0,0,0,0,-0.2783,0.9605,0,0,-0.9605,-0.2783,0,0,0.2555,0,1]},
{"frame":42,"values":[1,0,0,0,0,-0.273,0.962,0,0,-0.962,-0.273,0,0,0.2555,0,1]},
{"frame":43,"values":[1,0,0,0,0,-0.2647,0.9643,0,0,-0.9643,-0.2647,0,0,0.2555,0,1]},
{"frame":44,"values":[1,0,0,0,0,-0.2536,0.9673,0,0,-0.9673,-0.2536,0,0,0.2555,0,1]},
{"frame":45,"values":[1,0,0,0,0,-0.2403,0.9707,0,0,-0.9707,-0.2403,0,0,0.2555,0,1]},
{"frame":46,"values":[1,0,0,0,0,-0.2249,0.9744,0,0,-0.9744,-0.2249,0,0,0.2555,0,1]},
{"frame":47,"values":[1,0,0,0,0,-0.2079,0.9782,0,0,-0.9782,-0.2079,0,0,0.2555,0,1]},
{"frame":48,"values":[1,0,0,0,0,-0.1896,0.9819,0,0,-0.9819,-0.1896,0,0,0.2555,0,1]},
{"frame":49,"values":[1,0,0,0,0,-0.1705,0.9854,0,0,-0.9854,-0.1705,0,0,0.2555,0,1]},
{"frame":50,"values":[1,0,0,0,0,-0.1509,0.9885,0,0,-0.9885,-0.1509,0,0,0.2555,0,1]},
{"frame":51,"values":[1,0,0,0,0,-0.1313,0.9913,0,0,-0.9913,-0.1313,0,0,0.2555,0,1]},
{"frame":52,"values":[1,0,0,0,0,-0.112,0.9937,0,0,-0.9937,-0.112,0,0,0.2555,0,1]},
{"frame":53,"values":[1,0,0,0,0,-0.0935,0.9956,0,0,-0.9956,-0.0935,0,0,0.2555,0,1]},
{"frame":54,"values":[1,0,0,0,0,-0.0762,0.9971,0,0,-0.9971,-0.0762,0,0,0.2555,0,1]},
{"frame":55,"values":[1,0,0,0,0,-0.0604,0.9982,0,0,-0.9982,-0.0604,0,0,0.2555,0,1]},
{"frame":56,"values":[1,0,0,0,0,-0.0466,0.9989,0,0,-0.9989,-0.0466,0,0,0.2555,0,1]},
{"frame":57,"values":[1,0,0,0,0,-0.0352,0.9994,0,0,-0.9994,-0.0352,0,0,0.2555,0,1]},
{"frame":58,"values":[1,0,0,0,0,-0.0265,0.9996,0,0,-0.9996,-0.0265,0,0,0.2555,0,1]},
{"frame":59,"values":[1,0,0,0,0,-0.021,0.9998,0,0,-0.9998,-0.021,0,0,0.2555,0,1]},
{"frame":60,"values":[1,0,0,0,0,-0.0191,0.9998,0,0,-0.9998,-0.0191,0,0,0.2555,0,1]}],"loopBehavior":1,"name":"anim","property":"_matrix"}},
{"name":"Toes.L","index":8,"matrix":[1,0,0,0,0,0.9757,-0.2192,0,0,0.2192,0.9757,0,0,0.2734,0,1],"rest":[1,0,0,0,0,0.9757,-0.2192,0,0,0.2192,0.9757,0,0,0.2734,0,1],"parentBoneIndex":7,"length":0.1349
,"animation":{"dataType":3,"framePerSecond":24,"keys":[
{"frame":1,"values":[1,0,0,0,0,0.9757,-0.2192,0,0,0.2192,0.9757,0,0,0.2734,0,1]},
{"frame":60,"values":[1,0,0,0,0,0.9757,-0.2192,0,0,0.2192,0.9757,0,0,0.2734,0,1]}],"loopBehavior":1,"name":"anim","property":"_matrix"}},
{"name":"leg.IK.L","index":9,"matrix":[1,0,0,0,0,0,1,0,0,1,0,0,0.25,0.0913,0.1401,1],"rest":[1,0,0,0,0,0,1,0,0,1,0,0,0.25,0.0913,0.1401,1],"parentBoneIndex":-1,"length":0.1756
,"animation":{"dataType":3,"framePerSecond":24,"keys":[
{"frame":1,"values":[1,0,0,0,0,0,1,0,0,1,0,0,0.25,0.0913,0.1401,1]},
{"frame":2,"values":[1,0,0,0,0,0,1,0,0,1,0,0,0.25,0.0913,0.1389,1]},
{"frame":3,"values":[1,0,0,0,0,0,1,0,0,1,0,0,0.25,0.0913,0.1355,1]},
{"frame":4,"values":[1,0,0,0,0,0,1,0,0,1,0,0,0.25,0.0913,0.1301,1]},
{"frame":5,"values":[1,0,0,0,0,0,1,0,0,1,0,0,0.25,0.0913,0.1229,1]},
{"frame":6,"values":[1,0,0,0,0,0,1,0,0,1,0,0,0.25,0.0913,0.1144,1]},
{"frame":7,"values":[1,0,0,0,0,0,1,0,0,1,0,0,0.25,0.0913,0.1046,1]},
{"frame":8,"values":[1,0,0,0,0,0,1,0,0,1,0,0,0.25,0.0913,0.094,1]},
{"frame":9,"values":[1,0,0,0,0,0,1,0,0,1,0,0,0.25,0.0913,0.0827,1]},
{"frame":10,"values":[1,0,0,0,0,0,1,0,0,1,0,0,0.25,0.0913,0.071,1]},
{"frame":11,"values":[1,0,0,0,0,0,1,0,0,1,0,0,0.25,0.0913,0.0591,1]},
{"frame":12,"values":[1,0,0,0,0,0,1,0,0,1,0,0,0.25,0.0913,0.0474,1]},
{"frame":13,"values":[1,0,0,0,0,0,1,0,0,1,0,0,0.25,0.0913,0.0361,1]},
{"frame":14,"values":[1,0,0,0,0,0,1,0,0,1,0,0,0.25,0.0913,0.0254,1]},
{"frame":15,"values":[1,0,0,0,0,0,1,0,0,1,0,0,0.25,0.0913,0.0157,1]},
{"frame":16,"values":[1,0,0,0,0,0,1,0,0,1,0,0,0.25,0.0913,0.0071,1]},
{"frame":17,"values":[1,0,0,0,0,0,1,0,0,1,0,0,0.25,0.0913,0,1]},
{"frame":18,"values":[1,0,0,0,0,0,1,0,0,1,0,0,0.25,0.0913,-0.0054,1]},
{"frame":19,"values":[1,0,0,0,0,0,1,0,0,1,0,0,0.25,0.0913,-0.0088,1]},
{"frame":20,"values":[1,0,0,0,0,0,1,0,0,1,0,0,0.25,0.0913,-0.01,1]},
{"frame":41,"values":[1,0,0,0,0,0,1,0,0,1,0,0,0.25,0.0913,-0.0089,1]},
{"frame":42,"values":[1,0,0,0,0,0,1,0,0,1,0,0,0.25,0.0913,-0.0058,1]},
{"frame":43,"values":[1,0,0,0,0,0,1,0,0,1,0,0,0.25,0.0913,-0.0009,1]},
{"frame":44,"values":[1,0,0,0,0,0,1,0,0,1,0,0,0.25,0.0913,0.0056,1]},
{"frame":45,"values":[1,0,0,0,0,0,1,0,0,1,0,0,0.25,0.0913,0.0134,1]},
{"frame":46,"values":[1,0,0,0,0,0,1,0,0,1,0,0,0.25,0.0913,0.0224,1]},
{"frame":47,"values":[1,0,0,0,0,0,1,0,0,1,0,0,0.25,0.0913,0.0323,1]},
{"frame":48,"values":[1,0,0,0,0,0,1,0,0,1,0,0,0.25,0.0913,0.0428,1]},
{"frame":49,"values":[1,0,0,0,0,0,1,0,0,1,0,0,0.25,0.0913,0.0538,1]},
{"frame":50,"values":[1,0,0,0,0,0,1,0,0,1,0,0,0.25,0.0913,0.065,1]},
{"frame":51,"values":[1,0,0,0,0,0,1,0,0,1,0,0,0.25,0.0913,0.0763,1]},
{"frame":52,"values":[1,0,0,0,0,0,1,0,0,1,0,0,0.25,0.0913,0.0873,1]},
{"frame":53,"values":[1,0,0,0,0,0,1,0,0,1,0,0,0.25,0.0913,0.0978,1]},
{"frame":54,"values":[1,0,0,0,0,0,1,0,0,1,0,0,0.25,0.0913,0.1077,1]},
{"frame":55,"values":[1,0,0,0,0,0,1,0,0,1,0,0,0.25,0.0913,0.1166,1]},
{"frame":56,"values":[1,0,0,0,0,0,1,0,0,1,0,0,0.25,0.0913,0.1245,1]},
{"frame":57,"values":[1,0,0,0,0,0,1,0,0,1,0,0,0.25,0.0913,0.131,1]},
{"frame":58,"values":[1,0,0,0,0,0,1,0,0,1,0,0,0.25,0.0913,0.1359,1]},
{"frame":59,"values":[1,0,0,0,0,0,1,0,0,1,0,0,0.25,0.0913,0.139,1]},
{"frame":60,"values":[1,0,0,0,0,0,1,0,0,1,0,0,0.25,0.0913,0.1401,1]}],"loopBehavior":1,"name":"anim","property":"_matrix"}},
{"name":"shoulder.L","index":10,"matrix":[-0.1785,-0.9839,0,0,0.8908,-0.1616,-0.4247,0,0.4179,-0.0758,0.9053,0,0,0.3962,0,1],"rest":[-0.1785,-0.9839,0,0,0.8908,-0.1616,-0.4247,0,0.4179,-0.0758,0.9053,0,0,0.3962,0,1],"parentBoneIndex":2,"length":0.3777
,"animation":{"dataType":3,"framePerSecond":24,"keys":[
{"frame":1,"values":[-0.1785,-0.9839,0,0,0.8908,-0.1616,-0.4247,0,0.4179,-0.0758,0.9053,0,0,0.3962,0,1]},
{"frame":2,"values":[-0.1777,-0.9841,0,0,0.8906,-0.1608,-0.4253,0,0.4186,-0.0756,0.905,0,0,0.3962,0,1]},
{"frame":3,"values":[-0.1754,-0.9845,0,0,0.8902,-0.1587,-0.4271,0,0.4205,-0.0749,0.9042,0,0,0.3962,0,1]},
{"frame":4,"values":[-0.1719,-0.9851,0.0001,0,0.8894,-0.1553,-0.43,0,0.4236,-0.0738,0.9029,0,0,0.3962,0,1]},
{"frame":5,"values":[-0.1673,-0.9859,0.0002,0,0.8884,-0.1508,-0.4335,0,0.4275,-0.0724,0.9011,0,0,0.3962,0,1]},
{"frame":6,"values":[-0.1617,-0.9868,0.0003,0,0.8873,-0.1455,-0.4377,0,0.432,-0.0706,0.8991,0,0,0.3962,0,1]},
{"frame":7,"values":[-0.1554,-0.9879,0.0004,0,0.886,-0.1395,-0.4423,0,0.437,-0.0684,0.8969,0,0,0.3962,0,1]},
{"frame":8,"values":[-0.1485,-0.9889,0.0005,0,0.8846,-0.133,-0.4471,0,0.4422,-0.066,0.8945,0,0,0.3962,0,1]},
{"frame":9,"values":[-0.1411,-0.99,0.0006,0,0.8831,-0.1262,-0.4519,0,0.4474,-0.0633,0.8921,0,0,0.3962,0,1]},
{"frame":10,"values":[-0.1336,-0.991,0.0007,0,0.8817,-0.1191,-0.4566,0,0.4526,-0.0604,0.8897,0,0,0.3962,0,1]},
{"frame":11,"values":[-0.1259,-0.992,0.0008,0,0.8802,-0.1121,-0.4611,0,0.4575,-0.0574,0.8873,0,0,0.3962,0,1]},
{"frame":12,"values":[-0.1183,-0.993,0.0008,0,0.8789,-0.1051,-0.4653,0,0.4621,-0.0543,0.8852,0,0,0.3962,0,1]},
{"frame":13,"values":[-0.111,-0.9938,0.0009,0,0.8776,-0.0985,-0.4691,0,0.4663,-0.0513,0.8831,0,0,0.3962,0,1]},
{"frame":14,"values":[-0.1041,-0.9946,0.001,0,0.8765,-0.0922,-0.4725,0,0.47,-0.0484,0.8813,0,0,0.3962,0,1]},
{"frame":15,"values":[-0.0978,-0.9952,0.001,0,0.8755,-0.0865,-0.4754,0,0.4732,-0.0456,0.8798,0,0,0.3962,0,1]},
{"frame":16,"values":[-0.0923,-0.9957,0.001,0,0.8747,-0.0816,-0.4778,0,0.4759,-0.0432,0.8784,0,0,0.3962,0,1]},
{"frame":17,"values":[-0.0877,-0.9961,0.001,0,0.874,-0.0774,-0.4798,0,0.478,-0.0411,0.8774,0,0,0.3962,0,1]},
{"frame":18,"values":[-0.0842,-0.9965,0.0011,0,0.8735,-0.0743,-0.4812,0,0.4795,-0.0396,0.8766,0,0,0.3962,0,1]},
{"frame":19,"values":[-0.0819,-0.9966,0.0011,0,0.8732,-0.0723,-0.482,0,0.4805,-0.0386,0.8762,0,0,0.3962,0,1]},
{"frame":20,"values":[-0.0812,-0.9967,0.0011,0,0.8731,-0.0716,-0.4823,0,0.4808,-0.0382,0.876,0,0,0.3962,0,1]},
{"frame":41,"values":[-0.0819,-0.9966,0.0011,0,0.8732,-0.0722,-0.4821,0,0.4805,-0.0385,0.8761,0,0,0.3962,0,1]},
{"frame":42,"values":[-0.0839,-0.9965,0.0011,0,0.8734,-0.074,-0.4813,0,0.4797,-0.0395,0.8766,0,0,0.3962,0,1]},
{"frame":43,"values":[-0.0871,-0.9962,0.001,0,0.8739,-0.0769,-0.48,0,0.4783,-0.0409,0.8773,0,0,0.3962,0,1]},
{"frame":44,"values":[-0.0913,-0.9958,0.001,0,0.8745,-0.0807,-0.4783,0,0.4763,-0.0428,0.8782,0,0,0.3962,0,1]},
{"frame":45,"values":[-0.0964,-0.9953,0.001,0,0.8753,-0.0852,-0.4761,0,0.4739,-0.045,0.8794,0,0,0.3962,0,1]},
{"frame":46,"values":[-0.1022,-0.9948,0.001,0,0.8762,-0.0905,-0.4734,0,0.471,-0.0475,0.8808,0,0,0.3962,0,1]},
{"frame":47,"values":[-0.1086,-0.9941,0.0009,0,0.8772,-0.0962,-0.4703,0,0.4677,-0.0502,0.8825,0,0,0.3962,0,1]},
{"frame":48,"values":[-0.1154,-0.9933,0.0009,0,0.8784,-0.1024,-0.4669,0,0.4638,-0.0531,0.8843,0,0,0.3962,0,1]},
{"frame":49,"values":[-0.1225,-0.9925,0.0008,0,0.8796,-0.1089,-0.463,0,0.4596,-0.056,0.8863,0,0,0.3962,0,1]},
{"frame":50,"values":[-0.1297,-0.9915,0.0007,0,0.8809,-0.1156,-0.4589,0,0.4551,-0.0589,0.8885,0,0,0.3962,0,1]},
{"frame":51,"values":[-0.137,-0.9906,0.0006,0,0.8823,-0.1223,-0.4545,0,0.4503,-0.0617,0.8907,0,0,0.3962,0,1]},
{"frame":52,"values":[-0.1441,-0.9896,0.0005,0,0.8837,-0.1289,-0.45,0,0.4453,-0.0644,0.893,0,0,0.3962,0,1]},
{"frame":53,"values":[-0.1509,-0.9885,0.0004,0,0.8851,-0.1353,-0.4454,0,0.4403,-0.0669,0.8953,0,0,0.3962,0,1]},
{"frame":54,"values":[-0.1573,-0.9875,0.0003,0,0.8864,-0.1414,-0.4409,0,0.4354,-0.0691,0.8976,0,0,0.3962,0,1]},
{"frame":55,"values":[-0.1632,-0.9866,0.0002,0,0.8876,-0.1469,-0.4366,0,0.4308,-0.071,0.8996,0,0,0.3962,0,1]},
{"frame":56,"values":[-0.1683,-0.9857,0.0002,0,0.8886,-0.1518,-0.4328,0,0.4266,-0.0727,0.9015,0,0,0.3962,0,1]},
{"frame":57,"values":[-0.1725,-0.985,0.0001,0,0.8895,-0.1558,-0.4295,0,0.4231,-0.074,0.9031,0,0,0.3962,0,1]},
{"frame":58,"values":[-0.1757,-0.9844,0,0,0.8902,-0.1589,-0.4269,0,0.4203,-0.075,0.9043,0,0,0.3962,0,1]},
{"frame":59,"values":[-0.1778,-0.9841,0,0,0.8907,-0.1609,-0.4253,0,0.4185,-0.0756,0.9051,0,0,0.3962,0,1]},
{"frame":60,"values":[-0.1785,-0.9839,0,0,0.8908,-0.1616,-0.4247,0,0.4179,-0.0758,0.9053,0,0,0.3962,0,1]}],"loopBehavior":1,"name":"anim","property":"_matrix"}},
{"name":"upperArm.L","index":11,"matrix":[0.9888,-0.135,-0.0633,0,0.1476,0.825,0.5455,0,-0.0214,-0.5488,0.8357,0,0,0.3777,0,1],"rest":[0.9888,-0.135,-0.0633,0,0.1476,0.825,0.5455,0,-0.0214,-0.5488,0.8357,0,0,0.3777,0,1],"parentBoneIndex":10,"length":0.3816
,"animation":{"dataType":3,"framePerSecond":24,"keys":[
{"frame":1,"values":[0.9888,-0.135,-0.0633,0,0.1476,0.825,0.5455,0,-0.0214,-0.5488,0.8357,0,0,0.3777,0,1]},
{"frame":2,"values":[0.9889,-0.1348,-0.0631,0,0.1473,0.8246,0.5462,0,-0.0216,-0.5494,0.8353,0,0,0.3777,0,1]},
{"frame":3,"values":[0.989,-0.1343,-0.0624,0,0.1464,0.8236,0.548,0,-0.0222,-0.551,0.8342,0,0,0.3777,0,1]},
{"frame":4,"values":[0.9892,-0.1334,-0.0612,0,0.1449,0.822,0.5507,0,-0.0232,-0.5536,0.8324,0,0,0.3777,0,1]},
{"frame":5,"values":[0.9894,-0.1323,-0.0597,0,0.143,0.82,0.5543,0,-0.0244,-0.5569,0.8302,0,0,0.3777,0,1]},
{"frame":6,"values":[0.9897,-0.1308,-0.0577,0,0.1407,0.8176,0.5584,0,-0.0258,-0.5608,0.8276,0,0,0.3777,0,1]},
{"frame":7,"values":[0.9901,-0.1292,-0.0555,0,0.1379,0.8149,0.5629,0,-0.0275,-0.565,0.8247,0,0,0.3777,0,1]},
{"frame":8,"values":[0.9904,-0.1274,-0.053,0,0.1348,0.8122,0.5676,0,-0.0292,-0.5694,0.8216,0,0,0.3777,0,1]},
{"frame":9,"values":[0.9908,-0.1254,-0.0503,0,0.1315,0.8093,0.5724,0,-0.0311,-0.5738,0.8184,0,0,0.3777,0,1]},
{"frame":10,"values":[0.9912,-0.1233,-0.0474,0,0.128,0.8066,0.5771,0,-0.0329,-0.5782,0.8153,0,0,0.3777,0,1]},
{"frame":11,"values":[0.9916,-0.1212,-0.0444,0,0.1243,0.8039,0.5817,0,-0.0348,-0.5823,0.8122,0,0,0.3777,0,1]},
{"frame":12,"values":[0.992,-0.1191,-0.0414,0,0.1207,0.8014,0.5859,0,-0.0366,-0.5862,0.8093,0,0,0.3777,0,1]},
{"frame":13,"values":[0.9924,-0.1171,-0.0384,0,0.1171,0.7991,0.5897,0,-0.0383,-0.5897,0.8067,0,0,0.3777,0,1]},
{"frame":14,"values":[0.9927,-0.1151,-0.0355,0,0.1137,0.797,0.5932,0,-0.04,-0.5929,0.8043,0,0,0.3777,0,1]},
{"frame":15,"values":[0.993,-0.1134,-0.0329,0,0.1105,0.7952,0.5962,0,-0.0414,-0.5956,0.8022,0,0,0.3777,0,1]},
{"frame":16,"values":[0.9933,-0.1118,-0.0305,0,0.1077,0.7937,0.5986,0,-0.0427,-0.5979,0.8004,0,0,0.3777,0,1]},
{"frame":17,"values":[0.9935,-0.1105,-0.0285,0,0.1054,0.7926,0.6006,0,-0.0438,-0.5997,0.799,0,0,0.3777,0,1]},
{"frame":18,"values":[0.9936,-0.1095,-0.027,0,0.1036,0.7917,0.6021,0,-0.0446,-0.601,0.798,0,0,0.3777,0,1]},
{"frame":19,"values":[0.9937,-0.1089,-0.026,0,0.1025,0.7912,0.603,0,-0.0451,-0.6018,0.7973,0,0,0.3777,0,1]},
{"frame":20,"values":[0.9937,-0.1087,-0.0256,0,0.1021,0.791,0.6033,0,-0.0453,-0.6021,0.7971,0,0,0.3777,0,1]},
{"frame":41,"values":[0.9937,-0.1089,-0.026,0,0.1024,0.7911,0.603,0,-0.0451,-0.6019,0.7973,0,0,0.3777,0,1]},
{"frame":42,"values":[0.9936,-0.1094,-0.0268,0,0.1034,0.7916,0.6022,0,-0.0446,-0.6011,0.7979,0,0,0.3777,0,1]},
{"frame":43,"values":[0.9935,-0.1103,-0.0282,0,0.1051,0.7924,0.6009,0,-0.0439,-0.5999,0.7988,0,0,0.3777,0,1]},
{"frame":44,"values":[0.9933,-0.1115,-0.0301,0,0.1072,0.7935,0.5991,0,-0.0429,-0.5983,0.8001,0,0,0.3777,0,1]},
{"frame":45,"values":[0.9931,-0.1129,-0.0322,0,0.1098,0.7948,0.5968,0,-0.0418,-0.5962,0.8017,0,0,0.3777,0,1]},
{"frame":46,"values":[0.9928,-0.1146,-0.0347,0,0.1127,0.7964,0.5941,0,-0.0404,-0.5938,0.8036,0,0,0.3777,0,1]},
{"frame":47,"values":[0.9925,-0.1164,-0.0374,0,0.1159,0.7983,0.591,0,-0.0389,-0.5909,0.8058,0,0,0.3777,0,1]},
{"frame":48,"values":[0.9922,-0.1183,-0.0402,0,0.1192,0.8004,0.5875,0,-0.0373,-0.5877,0.8082,0,0,0.3777,0,1]},
{"frame":49,"values":[0.9918,-0.1203,-0.0431,0,0.1227,0.8027,0.5836,0,-0.0356,-0.5841,0.8109,0,0,0.3777,0,1]},
{"frame":50,"values":[0.9914,-0.1223,-0.0459,0,0.1262,0.8052,0.5794,0,-0.0339,-0.5803,0.8137,0,0,0.3777,0,1]},
{"frame":51,"values":[0.9911,-0.1243,-0.0487,0,0.1296,0.8078,0.575,0,-0.0321,-0.5762,0.8167,0,0,0.3777,0,1]},
{"frame":52,"values":[0.9907,-0.1262,-0.0514,0,0.1329,0.8105,0.5705,0,-0.0303,-0.572,0.8197,0,0,0.3777,0,1]},
{"frame":53,"values":[0.9903,-0.128,-0.0539,0,0.1359,0.8131,0.566,0,-0.0286,-0.5678,0.8227,0,0,0.3777,0,1]},
{"frame":54,"values":[0.99,-0.1297,-0.0562,0,0.1388,0.8157,0.5615,0,-0.027,-0.5637,0.8256,0,0,0.3777,0,1]},
{"frame":55,"values":[0.9896,-0.1312,-0.0583,0,0.1413,0.8182,0.5573,0,-0.0255,-0.5598,0.8283,0,0,0.3777,0,1]},
{"frame":56,"values":[0.9894,-0.1325,-0.06,0,0.1434,0.8204,0.5535,0,-0.0241,-0.5562,0.8307,0,0,0.3777,0,1]},
{"frame":57,"values":[0.9891,-0.1336,-0.0614,0,0.1452,0.8223,0.5502,0,-0.023,-0.5532,0.8327,0,0,0.3777,0,1]},
{"frame":58,"values":[0.989,-0.1344,-0.0625,0,0.1465,0.8237,0.5477,0,-0.0221,-0.5508,0.8343,0,0,0.3777,0,1]},
{"frame":59,"values":[0.9889,-0.1349,-0.0631,0,0.1473,0.8247,0.5461,0,-0.0216,-0.5493,0.8353,0,0,0.3777,0,1]},
{"frame":60,"values":[0.9888,-0.135,-0.0633,0,0.1476,0.825,0.5455,0,-0.0214,-0.5488,0.8357,0,0,0.3777,0,1]}],"loopBehavior":1,"name":"anim","property":"_matrix"}},
{"name":"lowerArm.L","index":12,"matrix":[0.9971,-0.0754,0.0109,0,0.0556,0.8185,0.5718,0,-0.052,-0.5695,0.8203,0,0,0.3816,0,1],"rest":[0.9971,-0.0754,0.0109,0,0.0556,0.8185,0.5718,0,-0.052,-0.5695,0.8203,0,0,0.3816,0,1],"parentBoneIndex":11,"length":0.3149
,"animation":{"dataType":3,"framePerSecond":24,"keys":[
{"frame":1,"values":[0.9971,-0.0754,0.0109,0,0.0556,0.8185,0.5718,0,-0.052,-0.5695,0.8203,0,0,0.3816,0,1]},
{"frame":2,"values":[0.9971,-0.0753,0.011,0,0.0555,0.818,0.5726,0,-0.0521,-0.5703,0.8198,0,0,0.3816,0,1]},
{"frame":3,"values":[0.9971,-0.0752,0.0111,0,0.0552,0.8165,0.5748,0,-0.0522,-0.5725,0.8182,0,0,0.3816,0,1]},
{"frame":4,"values":[0.9971,-0.0749,0.0112,0,0.0547,0.8141,0.5782,0,-0.0525,-0.5759,0.8158,0,0,0.3816,0,1]},
{"frame":5,"values":[0.9971,-0.0746,0.0115,0,0.054,0.811,0.5825,0,-0.0528,-0.5803,0.8127,0,0,0.3816,0,1]},
{"frame":6,"values":[0.9972,-0.0742,0.0118,0,0.0531,0.8074,0.5876,0,-0.0531,-0.5853,0.8091,0,0,0.3816,0,1]},
{"frame":7,"values":[0.9972,-0.0736,0.0122,0,0.0521,0.8034,0.5932,0,-0.0535,-0.5909,0.805,0,0,0.3816,0,1]},
{"frame":8,"values":[0.9973,-0.073,0.0126,0,0.0509,0.7992,0.5989,0,-0.0538,-0.5967,0.8007,0,0,0.3816,0,1]},
{"frame":9,"values":[0.9973,-0.0723,0.0132,0,0.0496,0.7948,0.6048,0,-0.0542,-0.6025,0.7963,0,0,0.3816,0,1]},
{"frame":10,"values":[0.9973,-0.0715,0.0138,0,0.0482,0.7905,0.6105,0,-0.0546,-0.6082,0.7919,0,0,0.3816,0,1]},
{"frame":11,"values":[0.9974,-0.0707,0.0145,0,0.0468,0.7864,0.616,0,-0.0549,-0.6137,0.7876,0,0,0.3816,0,1]},
{"frame":12,"values":[0.9974,-0.0698,0.0152,0,0.0453,0.7825,0.6211,0,-0.0552,-0.6188,0.7836,0,0,0.3816,0,1]},
{"frame":13,"values":[0.9975,-0.0689,0.0159,0,0.0438,0.7788,0.6257,0,-0.0555,-0.6234,0.7799,0,0,0.3816,0,1]},
{"frame":14,"values":[0.9975,-0.0681,0.0167,0,0.0424,0.7756,0.6298,0,-0.0558,-0.6275,0.7766,0,0,0.3816,0,1]},
{"frame":15,"values":[0.9976,-0.0672,0.0174,0,0.0411,0.7728,0.6333,0,-0.056,-0.6311,0.7737,0,0,0.3816,0,1]},
{"frame":16,"values":[0.9976,-0.0665,0.018,0,0.0399,0.7704,0.6363,0,-0.0562,-0.634,0.7713,0,0,0.3816,0,1]},
{"frame":17,"values":[0.9977,-0.0659,0.0185,0,0.0389,0.7686,0.6386,0,-0.0563,-0.6364,0.7693,0,0,0.3816,0,1]},
{"frame":18,"values":[0.9977,-0.0654,0.019,0,0.0381,0.7672,0.6403,0,-0.0564,-0.6381,0.7679,0,0,0.3816,0,1]},
{"frame":19,"values":[0.9977,-0.0651,0.0192,0,0.0376,0.7663,0.6413,0,-0.0565,-0.6391,0.767,0,0,0.3816,0,1]},
{"frame":20,"values":[0.9977,-0.065,0.0193,0,0.0375,0.766,0.6417,0,-0.0565,-0.6395,0.7667,0,0,0.3816,0,1]},
{"frame":41,"values":[0.9977,-0.0651,0.0193,0,0.0376,0.7663,0.6414,0,-0.0565,-0.6392,0.767,0,0,0.3816,0,1]},
{"frame":42,"values":[0.9977,-0.0654,0.019,0,0.0381,0.7671,0.6404,0,-0.0564,-0.6382,0.7678,0,0,0.3816,0,1]},
{"frame":43,"values":[0.9977,-0.0658,0.0186,0,0.0388,0.7683,0.6389,0,-0.0563,-0.6367,0.7691,0,0,0.3816,0,1]},
{"frame":44,"values":[0.9976,-0.0664,0.0181,0,0.0397,0.77,0.6368,0,-0.0562,-0.6345,0.7708,0,0,0.3816,0,1]},
{"frame":45,"values":[0.9976,-0.0671,0.0175,0,0.0408,0.7722,0.6341,0,-0.056,-0.6319,0.773,0,0,0.3816,0,1]},
{"frame":46,"values":[0.9976,-0.0678,0.0169,0,0.042,0.7747,0.6309,0,-0.0558,-0.6287,0.7757,0,0,0.3816,0,1]},
{"frame":47,"values":[0.9975,-0.0686,0.0162,0,0.0433,0.7777,0.6272,0,-0.0556,-0.6249,0.7787,0,0,0.3816,0,1]},
{"frame":48,"values":[0.9975,-0.0695,0.0155,0,0.0447,0.781,0.623,0,-0.0554,-0.6207,0.7821,0,0,0.3816,0,1]},
{"frame":49,"values":[0.9974,-0.0703,0.0148,0,0.0461,0.7846,0.6183,0,-0.0551,-0.616,0.7858,0,0,0.3816,0,1]},
{"frame":50,"values":[0.9974,-0.0711,0.0141,0,0.0475,0.7884,0.6133,0,-0.0547,-0.611,0.7897,0,0,0.3816,0,1]},
{"frame":51,"values":[0.9973,-0.0719,0.0135,0,0.0489,0.7925,0.608,0,-0.0544,-0.6057,0.7939,0,0,0.3816,0,1]},
{"frame":52,"values":[0.9973,-0.0726,0.013,0,0.0502,0.7966,0.6025,0,-0.0541,-0.6002,0.798,0,0,0.3816,0,1]},
{"frame":53,"values":[0.9972,-0.0732,0.0125,0,0.0514,0.8007,0.5969,0,-0.0537,-0.5946,0.8022,0,0,0.3816,0,1]},
{"frame":54,"values":[0.9972,-0.0738,0.012,0,0.0524,0.8046,0.5915,0,-0.0533,-0.5892,0.8062,0,0,0.3816,0,1]},
{"frame":55,"values":[0.9972,-0.0743,0.0117,0,0.0533,0.8083,0.5863,0,-0.053,-0.584,0.81,0,0,0.3816,0,1]},
{"frame":56,"values":[0.9971,-0.0747,0.0114,0,0.0541,0.8117,0.5816,0,-0.0527,-0.5793,0.8134,0,0,0.3816,0,1]},
{"frame":57,"values":[0.9971,-0.075,0.0112,0,0.0548,0.8145,0.5776,0,-0.0524,-0.5753,0.8162,0,0,0.3816,0,1]},
{"frame":58,"values":[0.9971,-0.0752,0.011,0,0.0552,0.8166,0.5745,0,-0.0522,-0.5722,0.8184,0,0,0.3816,0,1]},
{"frame":59,"values":[0.9971,-0.0753,0.011,0,0.0555,0.818,0.5725,0,-0.0521,-0.5702,0.8198,0,0,0.3816,0,1]},
{"frame":60,"values":[0.9971,-0.0754,0.0109,0,0.0556,0.8185,0.5718,0,-0.052,-0.5695,0.8203,0,0,0.3816,0,1]}],"loopBehavior":1,"name":"anim","property":"_matrix"}},
{"name":"hand.L","index":13,"matrix":[0.9965,-0.061,0.0571,0,0.0588,0.9975,0.0385,0,-0.0593,-0.035,0.9976,0,0,0.3149,0,1],"rest":[0.9965,-0.061,0.0571,0,0.0588,0.9975,0.0385,0,-0.0593,-0.035,0.9976,0,0,0.3149,0,1],"parentBoneIndex":12,"length":0.0691
,"animation":{"dataType":3,"framePerSecond":24,"keys":[
{"frame":1,"values":[0.9965,-0.061,0.0571,0,0.0588,0.9975,0.0385,0,-0.0593,-0.035,0.9976,0,0,0.3149,0,1]},
{"frame":60,"values":[0.9965,-0.061,0.0571,0,0.0588,0.9975,0.0385,0,-0.0593,-0.035,0.9976,0,0,0.3149,0,1]}],"loopBehavior":1,"name":"anim","property":"_matrix"}},
{"name":"fingers.L","index":14,"matrix":[0.9323,0.2549,-0.2568,0,-0.1676,0.9332,0.3178,0,0.3207,-0.2532,0.9127,0,0,0.0691,0,1],"rest":[0.9323,0.2549,-0.2568,0,-0.1676,0.9332,0.3178,0,0.3207,-0.2532,0.9127,0,0,0.0691,0,1],"parentBoneIndex":13,"length":0.2581
,"animation":{"dataType":3,"framePerSecond":24,"keys":[
{"frame":1,"values":[0.9323,0.2549,-0.2568,0,-0.1676,0.9332,0.3178,0,0.3207,-0.2532,0.9127,0,0,0.0691,0,1]},
{"frame":60,"values":[0.9323,0.2549,-0.2568,0,-0.1676,0.9332,0.3178,0,0.3207,-0.2532,0.9127,0,0,0.0691,0,1]}],"loopBehavior":1,"name":"anim","property":"_matrix"}},
{"name":"jaw_bone","index":15,"matrix":[-1,0,0,0,0,0.2034,0.9791,0,0,0.9791,-0.2034,0,0,-0.0159,0.2632,1],"rest":[-1,0,0,0,0,0.2034,0.9791,0,0,0.9791,-0.2034,0,0,-0.0159,0.2632,1],"parentBoneIndex":4,"length":0.387
,"animation":{"dataType":3,"framePerSecond":24,"keys":[
{"frame":1,"values":[-1,0,0,0,0,0.2034,0.9791,0,0,0.9791,-0.2034,0,0,-0.0159,0.2632,1]},
{"frame":60,"values":[-1,0,0,0,0,0.2034,0.9791,0,0,0.9791,-0.2034,0,0,-0.0159,0.2632,1]}],"loopBehavior":1,"name":"anim","property":"_matrix"}},
{"name":"thumb.L","index":16,"matrix":[-0.9286,0.2615,-0.2635,0,-0.0658,0.5825,0.8101,0,0.3653,0.7696,-0.5237,0,-0.0375,0.0591,0.095,1],"rest":[-0.9285,0.2615,-0.2635,0,-0.0658,0.5825,0.8101,0,0.3653,0.7696,-0.5237,0,-0.0375,0.0591,0.095,1],"parentBoneIndex":13,"length":0.1474
,"animation":{"dataType":3,"framePerSecond":24,"keys":[
{"frame":1,"values":[-0.9286,0.2615,-0.2635,0,-0.0658,0.5825,0.8101,0,0.3653,0.7696,-0.5237,0,-0.0375,0.0591,0.095,1]},
{"frame":60,"values":[-0.9286,0.2615,-0.2635,0,-0.0658,0.5825,0.8101,0,0.3653,0.7696,-0.5237,0,-0.0375,0.0591,0.095,1]}],"loopBehavior":1,"name":"anim","property":"_matrix"}},
{"name":"hand.IK.L","index":17,"matrix":[1,0,0,0,0,0,1,0,0,1,0,0,0.9051,1.2842,-0.028,1],"rest":[1,0,0,0,0,0,1,0,0,1,0,0,0.9051,1.2842,-0.028,1],"parentBoneIndex":-1,"length":0.1742
,"animation":{"dataType":3,"framePerSecond":24,"keys":[
{"frame":1,"values":[1,0,0,0,0,0,1,0,0,1,0,0,0.9051,1.2842,-0.028,1]},
{"frame":60,"values":[1,0,0,0,0,0,1,0,0,1,0,0,0.9051,1.2842,-0.028,1]}],"loopBehavior":1,"name":"anim","property":"_matrix"}},
{"name":"shoulder.R","index":18,"matrix":[-0.1785,0.9839,0,0,-0.8908,-0.1616,-0.4247,0,-0.4179,-0.0758,0.9053,0,0,0.3962,0,1],"rest":[-0.1785,0.9839,0,0,-0.8908,-0.1616,-0.4247,0,-0.4179,-0.0758,0.9053,0,0,0.3962,0,1],"parentBoneIndex":2,"length":0.3777
,"animation":{"dataType":3,"framePerSecond":24,"keys":[
{"frame":1,"values":[-0.1785,0.9839,0,0,-0.8908,-0.1616,-0.4247,0,-0.4179,-0.0758,0.9053,0,0,0.3962,0,1]},
{"frame":2,"values":[-0.1777,0.9841,0,0,-0.8906,-0.1608,-0.4253,0,-0.4186,-0.0756,0.905,0,0,0.3962,0,1]},
{"frame":3,"values":[-0.1754,0.9845,0,0,-0.8902,-0.1587,-0.4271,0,-0.4205,-0.0749,0.9042,0,0,0.3962,0,1]},
{"frame":4,"values":[-0.1719,0.9851,-0.0001,0,-0.8894,-0.1553,-0.43,0,-0.4236,-0.0738,0.9029,0,0,0.3962,0,1]},
{"frame":5,"values":[-0.1673,0.9859,-0.0002,0,-0.8884,-0.1508,-0.4335,0,-0.4275,-0.0724,0.9011,0,0,0.3962,0,1]},
{"frame":6,"values":[-0.1617,0.9868,-0.0003,0,-0.8873,-0.1455,-0.4377,0,-0.432,-0.0706,0.8991,0,0,0.3962,0,1]},
