{"producer":{"name":"Blender","version":"2.93.0 Beta","exporter_version":"2.93.4","file":"ganfaul01.babylon"},
"autoClear":true,"clearColor":[0.0509,0.0509,0.0509],"gravity":[0,-9.81,0],
"materials":[{"name":"Material","id":"Material","customType":"BABYLON.PBRMaterial","albedo":[0.8,0.0011,0],"emissive":[0,0,0],"reflectivity":[0.5,0.5,0.5],"roughness":0.4,"alpha":1,"transparencyMode":0,"alphaCutOff":0.4,"metallic":0},
{"name":"Ganfaul_Body","id":"Ganfaul_Body","customType":"BABYLON.PBRMaterial","emissive":[1,1,1],"roughness":0.5528,"alpha":1,"transparencyMode":0,"alphaCutOff":0.4,"metallic":0.5, 
"albedoTexture":{"name":"Ganfaul_diffuse.png","level":1,"hasAlpha":true,"coordinatesMode":0,"uOffset":0,"vOffset":0,"uScale":1,"vScale":1,"uAng":0,"vAng":0,"wAng":0,"wrapU":1,"wrapV":1,"coordinatesIndex":0},"useAlphaFromAlbedoTexture":true, 
"emissiveTexture":{"name":"Ganfaul_glow.png","level":1,"hasAlpha":true,"coordinatesMode":0,"uOffset":0,"vOffset":0,"uScale":1,"vScale":1,"uAng":0,"vAng":0,"wAng":0,"wrapU":1,"wrapV":1,"coordinatesIndex":0}, 
"reflectivityTexture":{"name":"Ganfaul_specular.png","level":1,"hasAlpha":true,"coordinatesMode":0,"uOffset":0,"vOffset":0,"uScale":1,"vScale":1,"uAng":0,"vAng":0,"wAng":0,"wrapU":1,"wrapV":1,"coordinatesIndex":0}, 
"bumpTexture":{"name":"Ganfaul_normal.png","level":1,"hasAlpha":true,"coordinatesMode":0,"uOffset":0,"vOffset":0,"uScale":1,"vScale":1,"uAng":0,"vAng":0,"wAng":0,"wrapU":1,"wrapV":1,"coordinatesIndex":0}}],
"skeletons":[{"name":"Armature","id":0,"dimensionsAtRest":[2.1397,2.2611,0.5733],"bones":[
{"name":"Hips","index":0,"matrix":[0.9982,-0.0355,0.0487,0,0.0363,0.9992,-0.0161,0,0.0481,-0.0178,-0.9987,0,0.0009,1.167,0.0005,1],"rest":[1,0,0,0,0,1,0,0,0,0,-1,0,0,1.2015,-0.0019,1],"parentBoneIndex":-1,"length":0.1334
,"animation":{"name":"anim","property":"_matrix","dataType":3,"framePerSecond":30,"loopBehavior":1,"keys":[
{"frame":1,"values":[0.9982,-0.0355,0.0487,0,0.0363,0.9992,-0.0161,0,0.0481,-0.0178,-0.9987,0,0.0009,1.167,0.0005,1]},
{"frame":2,"values":[0.9991,-0.0358,0.0247,0,0.0363,0.9992,-0.0169,0,0.0241,-0.0178,-0.9996,0,-0.0005,1.1746,0.0015,1]},
{"frame":3,"values":[0.9992,-0.0388,0.0044,0,0.0388,0.9991,-0.0154,0,0.0038,-0.0156,-0.9999,0,-0.0016,1.175,0.0033,1]},
{"frame":4,"values":[0.9991,-0.04,-0.0102,0,0.0398,0.9991,-0.0124,0,-0.0106,-0.012,-0.9999,0,-0.0018,1.1696,0.0029,1]},
{"frame":5,"values":[0.9991,-0.0377,-0.021,0,0.0375,0.9992,-0.0109,0,-0.0214,-0.0101,-0.9997,0,-0.0019,1.16,0.0052,1]},
{"frame":6,"values":[0.9989,-0.0342,-0.0326,0,0.0338,0.9994,-0.0125,0,-0.033,-0.0113,-0.9994,0,-0.0011,1.1473,0.009,1]},
{"frame":7,"values":[0.9984,-0.0326,-0.047,0,0.0319,0.9994,-0.0149,0,-0.0474,-0.0134,-0.9988,0,0.0009,1.1327,0.0119,1]},
{"frame":8,"values":[0.9976,-0.0324,-0.0611,0,0.0316,0.9994,-0.015,0,-0.0615,-0.0131,-0.998,0,0.004,1.1156,0.011,1]},
{"frame":9,"values":[0.997,-0.0302,-0.0715,0,0.0292,0.9995,-0.0143,0,-0.0719,-0.0121,-0.9973,0,0.0095,1.0973,0.0044,1]},
{"frame":10,"values":[0.9968,-0.0247,-0.0761,0,0.0234,0.9996,-0.0176,0,-0.0765,-0.0158,-0.9969,0,0.0152,1.0875,-0.0049,1]},
{"frame":11,"values":[0.9972,-0.0166,-0.0735,0,0.0148,0.9996,-0.025,0,-0.0739,-0.0239,-0.997,0,0.0214,1.0868,-0.0119,1]},
{"frame":12,"values":[0.9978,-0.0107,-0.0652,0,0.0088,0.9995,-0.0295,0,-0.0655,-0.0289,-0.9974,0,0.0271,1.0907,-0.0136,1]},
{"frame":13,"values":[0.9984,-0.0079,-0.0555,0,0.0064,0.9996,-0.0267,0,-0.0557,-0.0263,-0.9981,0,0.0331,1.1057,-0.0127,1]},
{"frame":14,"values":[0.9988,-0.0095,-0.047,0,0.0085,0.9998,-0.0201,0,-0.0472,-0.0197,-0.9987,0,0.038,1.1285,-0.0102,1]},
{"frame":15,"values":[0.9993,-0.0141,-0.0348,0,0.0136,0.9998,-0.0155,0,-0.035,-0.015,-0.9993,0,0.041,1.1504,-0.0062,1]},
{"frame":16,"values":[0.9998,-0.0191,-0.0114,0,0.0189,0.9997,-0.0154,0,-0.0117,-0.0152,-0.9998,0,0.0434,1.1691,-0.0048,1]},
{"frame":17,"values":[0.9996,-0.0192,0.0215,0,0.0196,0.9996,-0.0199,0,0.0212,-0.0203,-0.9996,0,0.0449,1.1799,-0.0003,1]},
{"frame":18,"values":[0.9985,-0.011,0.0535,0,0.0124,0.9996,-0.0264,0,0.0532,-0.027,-0.9982,0,0.0457,1.1818,0.0045,1]},
{"frame":19,"values":[0.9971,0.0016,0.0758,0,0.0007,0.9995,-0.0315,0,0.0758,-0.0314,-0.9966,0,0.046,1.1756,0.0067,1]},
{"frame":20,"values":[0.996,0.0123,0.0887,0,-0.0093,0.9994,-0.0335,0,0.0891,-0.0325,-0.9955,0,0.0465,1.1627,0.0082,1]},
{"frame":21,"values":[0.995,0.0182,0.0986,0,-0.0149,0.9993,-0.0338,0,0.0992,-0.0322,-0.9946,0,0.0465,1.1467,0.0101,1]},
{"frame":22,"values":[0.9935,0.0213,0.1115,0,-0.0175,0.9992,-0.0346,0,0.1122,-0.0325,-0.9932,0,0.0459,1.127,0.012,1]},
{"frame":23,"values":[0.9915,0.0238,0.1278,0,-0.0192,0.9991,-0.0371,0,0.1286,-0.0343,-0.9911,0,0.0441,1.1073,0.0143,1]},
{"frame":24,"values":[0.9895,0.0236,0.1428,0,-0.0179,0.999,-0.0411,0,0.1436,-0.0381,-0.9889,0,0.0394,1.0896,0.0111,1]},
{"frame":25,"values":[0.9887,0.0152,0.1491,0,-0.0084,0.9989,-0.0465,0,0.1497,-0.0447,-0.9877,0,0.0333,1.081,0.0057,1]},
{"frame":26,"values":[0.9895,-0.0037,0.1448,0,0.0113,0.9986,-0.0521,0,0.1444,-0.0532,-0.9881,0,0.0264,1.0788,0.0052,1]},
{"frame":27,"values":[0.9907,-0.0236,0.1342,0,0.0312,0.998,-0.0548,0,0.1326,-0.0584,-0.9894,0,0.02,1.0883,0.0045,1]},
{"frame":28,"values":[0.9915,-0.0371,0.1247,0,0.0436,0.9978,-0.05,0,0.1226,-0.0551,-0.9909,0,0.0121,1.1042,0.0039,1]},
{"frame":29,"values":[0.9923,-0.043,0.1165,0,0.0478,0.9981,-0.0384,0,0.1146,-0.0437,-0.9924,0,0.0074,1.1236,0.0044,1]},
{"frame":30,"values":[0.9938,-0.0427,0.1029,0,0.0456,0.9986,-0.0262,0,0.1017,-0.0307,-0.9943,0,0.0045,1.1415,0.0028,1]},
{"frame":31,"values":[0.9961,-0.0389,0.0797,0,0.0404,0.999,-0.0185,0,0.0789,-0.0216,-0.9966,0,0.0024,1.1562,0.0003,1]},
{"frame":32,"values":[0.9982,-0.0355,0.0487,0,0.0363,0.9992,-0.0161,0,0.0481,-0.0178,-0.9987,0,0.0009,1.167,0.0005,1]}]}},
{"name":"Spine","index":1,"matrix":[0.9999,0.0142,-0.005,0,-0.0142,0.9999,0.0034,0,0.0051,-0.0033,1,0,-0.0001,0.1082,-0.0043,1],"rest":[1,0,0,0,0,1,0,0,0,0,1,0,-0.0001,0.1082,-0.0043,1],"parentBoneIndex":0,"length":0.1263
,"animation":{"name":"anim","property":"_matrix","dataType":3,"framePerSecond":30,"loopBehavior":1,"keys":[
{"frame":1,"values":[0.9999,0.0142,-0.005,0,-0.0142,0.9999,0.0034,0,0.0051,-0.0033,1,0,-0.0001,0.1082,-0.0043,1]},
{"frame":2,"values":[0.9999,0.0111,-0.0114,0,-0.011,0.9999,0.0037,0,0.0115,-0.0036,0.9999,0,-0.0001,0.1082,-0.0043,1]},
{"frame":3,"values":[0.9998,0.0081,-0.017,0,-0.008,1,0.0056,0,0.017,-0.0055,0.9998,0,-0.0001,0.1082,-0.0043,1]},
{"frame":4,"values":[0.9998,0.0053,-0.0212,0,-0.0051,1,0.0066,0,0.0212,-0.0065,0.9998,0,-0.0001,0.1082,-0.0043,1]},
{"frame":5,"values":[0.9997,0.0015,-0.0247,0,-0.0013,1,0.0079,0,0.0247,-0.0079,0.9997,0,-0.0001,0.1082,-0.0043,1]},
{"frame":6,"values":[0.9996,-0.0025,-0.0285,0,0.0028,1,0.0081,0,0.0285,-0.0082,0.9996,0,-0.0001,0.1082,-0.0043,1]},
{"frame":7,"values":[0.9994,-0.0056,-0.0333,0,0.0059,1,0.0078,0,0.0332,-0.008,0.9994,0,-0.0001,0.1082,-0.0043,1]},
{"frame":8,"values":[0.9992,-0.0076,-0.0381,0,0.0079,0.9999,0.0073,0,0.038,-0.0076,0.9992,0,-0.0001,0.1082,-0.0043,1]},
{"frame":9,"values":[0.9991,-0.0095,-0.0417,0,0.0098,0.9999,0.0062,0,0.0416,-0.0066,0.9991,0,-0.0001,0.1082,-0.0043,1]},
{"frame":10,"values":[0.999,-0.0108,-0.0428,0,0.0109,0.9999,0.0023,0,0.0428,-0.0027,0.9991,0,-0.0001,0.1082,-0.0043,1]},
{"frame":11,"values":[0.9991,-0.0125,-0.0406,0,0.0124,0.9999,-0.0031,0,0.0406,0.0026,0.9992,0,-0.0001,0.1082,-0.0043,1]},
{"frame":12,"values":[0.9993,-0.0119,-0.036,0,0.0118,0.9999,-0.0051,0,0.0361,0.0047,0.9993,0,-0.0001,0.1082,-0.0043,1]},
{"frame":13,"values":[0.9995,-0.0104,-0.0302,0,0.0103,0.9999,-0.0034,0,0.0302,0.0031,0.9995,0,-0.0001,0.1082,-0.0043,1]},
{"frame":14,"values":[0.9997,-0.0099,-0.0241,0,0.0099,1,-0.0008,0,0.0241,0.0006,0.9997,0,-0.0001,0.1082,-0.0043,1]},
{"frame":15,"values":[0.9998,-0.0102,-0.0177,0,0.0102,0.9999,0.0012,0,0.0177,-0.0014,0.9998,0,-0.0001,0.1082,-0.0043,1]},
{"frame":16,"values":[0.9999,-0.0099,-0.0098,0,0.0099,0.9999,0.0018,0,0.0097,-0.0019,1,0,-0.0001,0.1082,-0.0043,1]},
{"frame":17,"values":[1,-0.0093,-0.0006,0,0.0093,1,0.0026,0,0.0006,-0.0026,1,0,-0.0001,0.1082,-0.0043,1]},
{"frame":18,"values":[0.9999,-0.0094,0.0075,0,0.0094,1,0.0033,0,-0.0075,-0.0033,1,0,-0.0001,0.1082,-0.0043,1]},
{"frame":19,"values":[0.9999,-0.0096,0.013,0,0.0095,0.9999,0.004,0,-0.013,-0.0039,0.9999,0,-0.0001,0.1082,-0.0043,1]},
{"frame":20,"values":[0.9998,-0.0075,0.0164,0,0.0074,1,0.0056,0,-0.0164,-0.0055,0.9999,0,-0.0001,0.1082,-0.0043,1]},
{"frame":21,"values":[0.9998,-0.004,0.0192,0,0.0038,1,0.0072,0,-0.0192,-0.0072,0.9998,0,-0.0001,0.1082,-0.0043,1]},
{"frame":22,"values":[0.9997,0.0005,0.023,0,-0.0007,1,0.0081,0,-0.023,-0.0081,0.9997,0,-0.0001,0.1082,-0.0043,1]},
{"frame":23,"values":[0.9996,0.0034,0.0277,0,-0.0036,1,0.0082,0,-0.0277,-0.0083,0.9996,0,-0.0001,0.1082,-0.0043,1]},
{"frame":24,"values":[0.9995,0.0038,0.0319,0,-0.004,1,0.0061,0,-0.0318,-0.0062,0.9995,0,-0.0001,0.1082,-0.0043,1]},
{"frame":25,"values":[0.9994,0.0056,0.0332,0,-0.0056,1,0.0013,0,-0.0331,-0.0015,0.9994,0,-0.0001,0.1082,-0.0043,1]},
{"frame":26,"values":[0.9994,0.011,0.0314,0,-0.0109,0.9999,-0.0036,0,-0.0315,0.0032,0.9995,0,-0.0001,0.1082,-0.0043,1]},
{"frame":27,"values":[0.9995,0.016,0.0269,0,-0.0159,0.9999,-0.006,0,-0.027,0.0056,0.9996,0,-0.0001,0.1082,-0.0043,1]},
{"frame":28,"values":[0.9996,0.0171,0.0218,0,-0.017,0.9998,-0.0048,0,-0.0218,0.0044,0.9998,0,-0.0001,0.1082,-0.0043,1]},
{"frame":29,"values":[0.9997,0.018,0.0169,0,-0.018,0.9998,-0.0016,0,-0.0169,0.0013,0.9999,0,-0.0001,0.1082,-0.0043,1]},
{"frame":30,"values":[0.9998,0.018,0.0112,0,-0.018,0.9998,0.001,0,-0.0111,-0.0012,0.9999,0,-0.0001,0.1082,-0.0043,1]},
{"frame":31,"values":[0.9999,0.0163,0.0037,0,-0.0163,0.9999,0.0021,0,-0.0036,-0.0022,1,0,-0.0001,0.1082,-0.0043,1]},
{"frame":32,"values":[0.9999,0.0142,-0.005,0,-0.0142,0.9999,0.0034,0,0.0051,-0.0033,1,0,-0.0001,0.1082,-0.0043,1]}]}},
{"name":"Spine1","index":2,"matrix":[0.9999,0.0088,-0.012,0,-0.0087,0.9999,0.0068,0,0.0121,-0.0067,0.9999,0,0,0.1263,-0.0021,1],"rest":[1,0,0,0,0,1,0,0,0,0,1,0,0,0.1263,-0.0021,1],"parentBoneIndex":1,"length":0.1443
,"animation":{"name":"anim","property":"_matrix","dataType":3,"framePerSecond":30,"loopBehavior":1,"keys":[
{"frame":1,"values":[0.9999,0.0088,-0.012,0,-0.0087,0.9999,0.0068,0,0.0121,-0.0067,0.9999,0,0,0.1263,-0.0021,1]},
{"frame":2,"values":[0.9997,0.0028,-0.0234,0,-0.0026,1,0.0075,0,0.0234,-0.0074,0.9997,0,0,0.1263,-0.0021,1]},
{"frame":3,"values":[0.9994,-0.0004,-0.0332,0,0.0008,0.9999,0.0113,0,0.0332,-0.0113,0.9994,0,0,0.1263,-0.0021,1]},
{"frame":4,"values":[0.9992,-0.0019,-0.0408,0,0.0024,0.9999,0.0132,0,0.0407,-0.0132,0.9991,0,0,0.1263,-0.0021,1]},
{"frame":5,"values":[0.9989,-0.0045,-0.0474,0,0.0053,0.9999,0.0157,0,0.0473,-0.016,0.9988,0,0,0.1263,-0.0021,1]},
{"frame":6,"values":[0.9985,-0.0084,-0.0549,0,0.0093,0.9998,0.0161,0,0.0548,-0.0166,0.9984,0,0,0.1263,-0.0021,1]},
{"frame":7,"values":[0.9979,-0.0127,-0.0639,0,0.0137,0.9998,0.0155,0,0.0636,-0.0163,0.9978,0,0,0.1263,-0.0021,1]},
{"frame":8,"values":[0.9972,-0.0163,-0.0726,0,0.0174,0.9997,0.0144,0,0.0723,-0.0156,0.9973,0,0,0.1263,-0.0021,1]},
{"frame":9,"values":[0.9967,-0.0195,-0.0791,0,0.0205,0.9997,0.012,0,0.0788,-0.0136,0.9968,0,0,0.1263,-0.0021,1]},
{"frame":10,"values":[0.9964,-0.0238,-0.0814,0,0.0242,0.9997,0.0041,0,0.0813,-0.0061,0.9967,0,0,0.1263,-0.0021,1]},
{"frame":11,"values":[0.9964,-0.0306,-0.0785,0,0.0302,0.9995,-0.0067,0,0.0786,0.0043,0.9969,0,0,0.1263,-0.0021,1]},
{"frame":12,"values":[0.9969,-0.035,-0.0703,0,0.0343,0.9994,-0.0108,0,0.0707,0.0084,0.9975,0,0,0.1263,-0.0021,1]},
{"frame":13,"values":[0.9977,-0.0326,-0.0594,0,0.0323,0.9995,-0.0073,0,0.0596,0.0054,0.9982,0,0,0.1263,-0.0021,1]},
{"frame":14,"values":[0.9985,-0.028,-0.0476,0,0.0279,0.9996,-0.002,0,0.0476,0.0007,0.9989,0,0,0.1263,-0.0021,1]},
{"frame":15,"values":[0.9992,-0.0205,-0.0342,0,0.0206,0.9998,0.0022,0,0.0342,-0.0029,0.9994,0,0,0.1263,-0.0021,1]},
{"frame":16,"values":[0.9998,-0.0123,-0.018,0,0.0123,0.9999,0.0035,0,0.0179,-0.0037,0.9998,0,0,0.1263,-0.0021,1]},
{"frame":17,"values":[1,-0.0074,-0.0003,0,0.0074,1,0.0052,0,0.0002,-0.0052,1,0,0,0.1263,-0.0021,1]},
{"frame":18,"values":[0.9999,-0.0066,0.0148,0,0.0065,1,0.0067,0,-0.0149,-0.0066,0.9999,0,0,0.1263,-0.0021,1]},
{"frame":19,"values":[0.9997,-0.008,0.0249,0,0.0078,0.9999,0.008,0,-0.0249,-0.0078,0.9997,0,0,0.1263,-0.0021,1]},
{"frame":20,"values":[0.9995,-0.0068,0.031,0,0.0064,0.9999,0.0113,0,-0.0311,-0.0111,0.9995,0,0,0.1263,-0.0021,1]},
{"frame":21,"values":[0.9993,-0.0052,0.0365,0,0.0046,0.9999,0.0145,0,-0.0366,-0.0143,0.9992,0,0,0.1263,-0.0021,1]},
{"frame":22,"values":[0.999,-0.002,0.0438,0,0.0013,0.9999,0.0162,0,-0.0438,-0.0161,0.9989,0,0,0.1263,-0.0021,1]},
{"frame":23,"values":[0.9986,0.0021,0.0522,0,-0.0029,0.9999,0.0164,0,-0.0521,-0.0165,0.9985,0,0,0.1263,-0.0021,1]},
{"frame":24,"values":[0.9982,0.0058,0.059,0,-0.0065,0.9999,0.0121,0,-0.0589,-0.0125,0.9982,0,0,0.1263,-0.0021,1]},
{"frame":25,"values":[0.9981,0.0109,0.0609,0,-0.0111,0.9999,0.0025,0,-0.0609,-0.0032,0.9981,0,0,0.1263,-0.0021,1]},
{"frame":26,"values":[0.9983,0.0168,0.0565,0,-0.0164,0.9998,-0.0073,0,-0.0566,0.0064,0.9984,0,0,0.1263,-0.0021,1]},
{"frame":27,"values":[0.9985,0.0248,0.048,0,-0.0243,0.9996,-0.0122,0,-0.0482,0.011,0.9988,0,0,0.1263,-0.0021,1]},
{"frame":28,"values":[0.9988,0.0285,0.0388,0,-0.0281,0.9996,-0.0098,0,-0.0391,0.0087,0.9992,0,0,0.1263,-0.0021,1]},
{"frame":29,"values":[0.9992,0.0281,0.0296,0,-0.0281,0.9996,-0.0034,0,-0.0297,0.0026,0.9996,0,0,0.1263,-0.0021,1]},
{"frame":30,"values":[0.9996,0.0232,0.0183,0,-0.0232,0.9997,0.002,0,-0.0182,-0.0024,0.9998,0,0,0.1263,-0.0021,1]},
{"frame":31,"values":[0.9999,0.0159,0.004,0,-0.0159,0.9999,0.0043,0,-0.004,-0.0044,1,0,0,0.1263,-0.0021,1]},
{"frame":32,"values":[0.9999,0.0088,-0.012,0,-0.0087,0.9999,0.0068,0,0.0121,-0.0067,0.9999,0,0,0.1263,-0.0021,1]}]}},
{"name":"Spine2","index":3,"matrix":[0.9999,0.0088,-0.012,0,-0.0087,0.9999,0.0068,0,0.0121,-0.0067,0.9999,0,0,0.1443,0,1],"rest":[1,0,0,0,0,1,0,0,0,0,1,0,0,0.1443,0,1],"parentBoneIndex":2,"length":0.1695
,"animation":{"name":"anim","property":"_matrix","dataType":3,"framePerSecond":30,"loopBehavior":1,"keys":[
{"frame":1,"values":[0.9999,0.0088,-0.012,0,-0.0087,0.9999,0.0068,0,0.0121,-0.0067,0.9999,0,0,0.1443,0,1]},
{"frame":2,"values":[0.9997,0.0028,-0.0234,0,-0.0026,1,0.0075,0,0.0234,-0.0074,0.9997,0,0,0.1443,0,1]},
{"frame":3,"values":[0.9994,-0.0004,-0.0332,0,0.0008,0.9999,0.0113,0,0.0332,-0.0113,0.9994,0,0,0.1443,0,1]},
{"frame":4,"values":[0.9992,-0.0019,-0.0408,0,0.0024,0.9999,0.0132,0,0.0407,-0.0132,0.9991,0,0,0.1443,0,1]},
{"frame":5,"values":[0.9989,-0.0045,-0.0474,0,0.0053,0.9999,0.0157,0,0.0473,-0.016,0.9988,0,0,0.1443,0,1]},
{"frame":6,"values":[0.9985,-0.0084,-0.0549,0,0.0093,0.9998,0.0161,0,0.0548,-0.0166,0.9984,0,0,0.1443,0,1]},
{"frame":7,"values":[0.9979,-0.0127,-0.0639,0,0.0137,0.9998,0.0155,0,0.0636,-0.0163,0.9978,0,0,0.1443,0,1]},
{"frame":8,"values":[0.9972,-0.0163,-0.0726,0,0.0174,0.9997,0.0144,0,0.0723,-0.0156,0.9973,0,0,0.1443,0,1]},
{"frame":9,"values":[0.9967,-0.0195,-0.0791,0,0.0205,0.9997,0.012,0,0.0788,-0.0136,0.9968,0,0,0.1443,0,1]},
{"frame":10,"values":[0.9964,-0.0238,-0.0814,0,0.0242,0.9997,0.0041,0,0.0813,-0.0061,0.9967,0,0,0.1443,0,1]},
{"frame":11,"values":[0.9964,-0.0306,-0.0785,0,0.0302,0.9995,-0.0067,0,0.0786,0.0043,0.9969,0,0,0.1443,0,1]},
{"frame":12,"values":[0.9969,-0.035,-0.0703,0,0.0343,0.9994,-0.0108,0,0.0707,0.0084,0.9975,0,0,0.1443,0,1]},
{"frame":13,"values":[0.9977,-0.0326,-0.0594,0,0.0323,0.9995,-0.0073,0,0.0596,0.0054,0.9982,0,0,0.1443,0,1]},
{"frame":14,"values":[0.9985,-0.028,-0.0476,0,0.0279,0.9996,-0.002,0,0.0476,0.0007,0.9989,0,0,0.1443,0,1]},
{"frame":15,"values":[0.9992,-0.0205,-0.0342,0,0.0206,0.9998,0.0022,0,0.0342,-0.0029,0.9994,0,0,0.1443,0,1]},
{"frame":16,"values":[0.9998,-0.0123,-0.018,0,0.0123,0.9999,0.0035,0,0.0179,-0.0037,0.9998,0,0,0.1443,0,1]},
{"frame":17,"values":[1,-0.0074,-0.0003,0,0.0074,1,0.0052,0,0.0002,-0.0052,1,0,0,0.1443,0,1]},
{"frame":18,"values":[0.9999,-0.0066,0.0148,0,0.0065,1,0.0067,0,-0.0149,-0.0066,0.9999,0,0,0.1443,0,1]},
{"frame":19,"values":[0.9997,-0.008,0.0249,0,0.0078,0.9999,0.008,0,-0.0249,-0.0078,0.9997,0,0,0.1443,0,1]},
{"frame":20,"values":[0.9995,-0.0068,0.031,0,0.0064,0.9999,0.0113,0,-0.0311,-0.0111,0.9995,0,0,0.1443,0,1]},
{"frame":21,"values":[0.9993,-0.0052,0.0365,0,0.0046,0.9999,0.0145,0,-0.0366,-0.0143,0.9992,0,0,0.1443,0,1]},
{"frame":22,"values":[0.999,-0.002,0.0438,0,0.0013,0.9999,0.0162,0,-0.0438,-0.0161,0.9989,0,0,0.1443,0,1]},
{"frame":23,"values":[0.9986,0.0021,0.0522,0,-0.0029,0.9999,0.0164,0,-0.0521,-0.0165,0.9985,0,0,0.1443,0,1]},
{"frame":24,"values":[0.9982,0.0058,0.059,0,-0.0065,0.9999,0.0121,0,-0.0589,-0.0125,0.9982,0,0,0.1443,0,1]},
{"frame":25,"values":[0.9981,0.0109,0.0609,0,-0.0111,0.9999,0.0025,0,-0.0609,-0.0032,0.9981,0,0,0.1443,0,1]},
{"frame":26,"values":[0.9983,0.0168,0.0565,0,-0.0164,0.9998,-0.0073,0,-0.0566,0.0064,0.9984,0,0,0.1443,0,1]},
{"frame":27,"values":[0.9985,0.0248,0.048,0,-0.0243,0.9996,-0.0122,0,-0.0482,0.011,0.9988,0,0,0.1443,0,1]},
{"frame":28,"values":[0.9988,0.0285,0.0388,0,-0.0281,0.9996,-0.0098,0,-0.0391,0.0087,0.9992,0,0,0.1443,0,1]},
{"frame":29,"values":[0.9992,0.0281,0.0296,0,-0.0281,0.9996,-0.0034,0,-0.0297,0.0026,0.9996,0,0,0.1443,0,1]},
{"frame":30,"values":[0.9996,0.0232,0.0183,0,-0.0232,0.9997,0.002,0,-0.0182,-0.0024,0.9998,0,0,0.1443,0,1]},
{"frame":31,"values":[0.9999,0.0159,0.004,0,-0.0159,0.9999,0.0043,0,-0.004,-0.0044,1,0,0,0.1443,0,1]},
{"frame":32,"values":[0.9999,0.0088,-0.012,0,-0.0087,0.9999,0.0068,0,0.0121,-0.0067,0.9999,0,0,0.1443,0,1]}]}},
{"name":"Neck","index":4,"matrix":[0.9997,-0.0211,0.008,0,0.0211,0.9998,0.0001,0,-0.008,0.0001,1,0,0,0.1623,0,1],"rest":[1,0,0,0,0,1,0,0,0,0,1,0,0,0.1623,0,1],"parentBoneIndex":3,"length":0.0676
,"animation":{"name":"anim","property":"_matrix","dataType":3,"framePerSecond":30,"loopBehavior":1,"keys":[
{"frame":1,"values":[0.9997,-0.0211,0.008,0,0.0211,0.9998,0.0001,0,-0.008,0.0001,1,0,0,0.1623,0,1]},
{"frame":2,"values":[0.9999,-0.0082,0.0107,0,0.0081,0.9999,0.0095,0,-0.0108,-0.0094,0.9999,0,0,0.1623,0,1]},
{"frame":3,"values":[0.9998,0.0089,0.015,0,-0.0091,0.9999,0.0103,0,-0.0149,-0.0105,0.9998,0,0,0.1623,0,1]},
{"frame":4,"values":[0.9996,0.0205,0.0179,0,-0.021,0.9994,0.0267,0,-0.0174,-0.0271,0.9995,0,0,0.1623,0,1]},
{"frame":5,"values":[0.9992,0.0347,0.0216,0,-0.0355,0.9987,0.0355,0,-0.0204,-0.0362,0.9991,0,0,0.1623,0,1]},
{"frame":6,"values":[0.9983,0.0524,0.0271,0,-0.0535,0.9976,0.0437,0,-0.0248,-0.045,0.9987,0,0,0.1623,0,1]},
{"frame":7,"values":[0.9969,0.0714,0.0337,0,-0.0728,0.9964,0.0436,0,-0.0304,-0.0459,0.9985,0,0,0.1623,0,1]},
{"frame":8,"values":[0.9957,0.0844,0.0381,0,-0.0855,0.9959,0.0296,0,-0.0355,-0.0328,0.9988,0,0,0.1623,0,1]},
{"frame":9,"values":[0.9956,0.0858,0.0381,0,-0.0861,0.9963,0.006,0,-0.0374,-0.0092,0.9993,0,0,0.1623,0,1]},
{"frame":10,"values":[0.9962,0.0796,0.0359,0,-0.0799,0.9968,0.0071,0,-0.0352,-0.0099,0.9993,0,0,0.1623,0,1]},
{"frame":11,"values":[0.9963,0.0787,0.0336,0,-0.0794,0.9966,0.0211,0,-0.0319,-0.0237,0.9992,0,0,0.1623,0,1]},
{"frame":12,"values":[0.9971,0.0708,0.0283,0,-0.0713,0.9973,0.018,0,-0.0269,-0.0199,0.9994,0,0,0.1623,0,1]},
{"frame":13,"values":[0.9986,0.0483,0.0192,0,-0.0486,0.9987,0.015,0,-0.0185,-0.0159,0.9997,0,0,0.1623,0,1]},
{"frame":14,"values":[0.9993,0.0342,0.0124,0,-0.0345,0.9991,0.0231,0,-0.0116,-0.0235,0.9997,0,0,0.1623,0,1]},
{"frame":15,"values":[0.9997,0.0222,0.006,0,-0.0224,0.9992,0.0335,0,-0.0053,-0.0336,0.9994,0,0,0.1623,0,1]},
{"frame":16,"values":[0.9999,0.0116,0,0,-0.0116,0.9986,0.0518,0,0.0006,-0.0518,0.9987,0,0,0.1623,0,1]},
{"frame":17,"values":[1,0.0077,-0.0045,0,-0.0074,0.9984,0.0566,0,0.0049,-0.0566,0.9984,0,0,0.1623,0,1]},
{"frame":18,"values":[0.9999,0.0065,-0.0078,0,-0.006,0.9984,0.0559,0,0.0081,-0.0558,0.9984,0,0,0.1623,0,1]},
{"frame":19,"values":[0.9999,0.0041,-0.0105,0,-0.0035,0.9983,0.058,0,0.0107,-0.0579,0.9983,0,0,0.1623,0,1]},
{"frame":20,"values":[0.9998,-0.0103,-0.0149,0,0.0111,0.9985,0.0537,0,0.0143,-0.0539,0.9984,0,0,0.1623,0,1]},
{"frame":21,"values":[0.9996,-0.0203,-0.0171,0,0.0212,0.9984,0.052,0,0.016,-0.0523,0.9985,0,0,0.1623,0,1]},
{"frame":22,"values":[0.9993,-0.0328,-0.0196,0,0.0337,0.9985,0.0435,0,0.0181,-0.0442,0.9989,0,0,0.1623,0,1]},
{"frame":23,"values":[0.9987,-0.0468,-0.0223,0,0.0473,0.9986,0.0222,0,0.0213,-0.0232,0.9995,0,0,0.1623,0,1]},
{"frame":24,"values":[0.9984,-0.0522,-0.0229,0,0.0522,0.9986,0.0024,0,0.0227,-0.0036,0.9997,0,0,0.1623,0,1]},
{"frame":25,"values":[0.9983,-0.0539,-0.0224,0,0.0539,0.9985,0.0013,0,0.0223,-0.0025,0.9997,0,0,0.1623,0,1]},
{"frame":26,"values":[0.9988,-0.0458,-0.0188,0,0.0458,0.999,-0.0015,0,0.0188,0.0006,0.9998,0,0,0.1623,0,1]},
{"frame":27,"values":[0.9989,-0.0435,-0.0152,0,0.0433,0.999,-0.0109,0,0.0157,0.0102,0.9998,0,0,0.1623,0,1]},
{"frame":28,"values":[0.9995,-0.0292,-0.0086,0,0.0289,0.9992,-0.0276,0,0.0094,0.0274,0.9996,0,0,0.1623,0,1]},
{"frame":29,"values":[0.9998,-0.0192,-0.003,0,0.0191,0.9992,-0.0364,0,0.0037,0.0364,0.9993,0,0,0.1623,0,1]},
{"frame":30,"values":[0.9999,-0.0114,0.0021,0,0.0115,0.9995,-0.0295,0,-0.0018,0.0295,0.9996,0,0,0.1623,0,1]},
{"frame":31,"values":[0.9999,-0.0099,0.0062,0,0.01,0.9999,-0.0114,0,-0.0061,0.0114,0.9999,0,0,0.1623,0,1]},
{"frame":32,"values":[0.9997,-0.0211,0.008,0,0.0211,0.9998,0.0001,0,-0.008,0.0001,1,0,0,0.1623,0,1]}]}},
{"name":"Head","index":5,"matrix":[0.9981,0.0307,0.0543,0,-0.0333,0.9984,0.0461,0,-0.0528,-0.0478,0.9975,0,0,0.0676,0,1],"rest":[1,0,0,0,0,1,0,0,0,0,1,0,0,0.0676,0,1],"parentBoneIndex":4,"length":0.2313
,"animation":{"name":"anim","property":"_matrix","dataType":3,"framePerSecond":30,"loopBehavior":1,"keys":[
{"frame":1,"values":[0.9981,0.0307,0.0543,0,-0.0333,0.9984,0.0461,0,-0.0528,-0.0478,0.9975,0,0,0.0676,0,1]},
{"frame":2,"values":[0.9983,0.025,0.0524,0,-0.027,0.9989,0.0388,0,-0.0514,-0.0402,0.9979,0,0,0.0676,0,1]},
{"frame":3,"values":[0.9988,0.0136,0.0478,0,-0.0154,0.9992,0.0365,0,-0.0473,-0.0372,0.9982,0,0,0.0676,0,1]},
{"frame":4,"values":[0.999,0.0061,0.0439,0,-0.0073,0.9996,0.0265,0,-0.0437,-0.0267,0.9987,0,0,0.0676,0,1]},
{"frame":5,"values":[0.9992,-0.0016,0.0406,0,0.0008,0.9998,0.0202,0,-0.0406,-0.0201,0.999,0,0,0.0676,0,1]},
{"frame":6,"values":[0.9992,-0.009,0.0381,0,0.0085,0.9999,0.0133,0,-0.0382,-0.0129,0.9992,0,0,0.0676,0,1]},
{"frame":7,"values":[0.9992,-0.0137,0.0373,0,0.0133,0.9999,0.0093,0,-0.0374,-0.0088,0.9993,0,0,0.0676,0,1]},
{"frame":8,"values":[0.9991,-0.0107,0.0398,0,0.0102,0.9998,0.0142,0,-0.04,-0.0138,0.9991,0,0,0.0676,0,1]},
{"frame":9,"values":[0.9989,0.0021,0.0461,0,-0.0033,0.9996,0.0263,0,-0.0461,-0.0264,0.9986,0,0,0.0676,0,1]},
{"frame":10,"values":[0.9985,0.0199,0.0515,0,-0.0211,0.9995,0.0214,0,-0.051,-0.0224,0.9984,0,0,0.0676,0,1]},
{"frame":11,"values":[0.9982,0.0316,0.0503,0,-0.0322,0.9994,0.0119,0,-0.0499,-0.0135,0.9987,0,0,0.0676,0,1]},
{"frame":12,"values":[0.9982,0.0395,0.0446,0,-0.0403,0.999,0.019,0,-0.0438,-0.0208,0.9988,0,0,0.0676,0,1]},
{"frame":13,"values":[0.9982,0.0479,0.0359,0,-0.049,0.9984,0.0284,0,-0.0345,-0.0301,0.999,0,0,0.0676,0,1]},
{"frame":14,"values":[0.9985,0.0492,0.0222,0,-0.0499,0.9982,0.0335,0,-0.0205,-0.0346,0.9992,0,0,0.0676,0,1]},
{"frame":15,"values":[0.9987,0.05,0.0092,0,-0.0503,0.998,0.0379,0,-0.0073,-0.0383,0.9992,0,0,0.0676,0,1]},
{"frame":16,"values":[0.9986,0.0538,-0.0011,0,-0.0537,0.9981,0.0315,0,0.0028,-0.0314,0.9995,0,0,0.0676,0,1]},
{"frame":17,"values":[0.9983,0.0578,-0.0083,0,-0.0576,0.998,0.0253,0,0.0097,-0.0248,0.9996,0,0,0.0676,0,1]},
{"frame":18,"values":[0.998,0.0623,-0.0129,0,-0.0621,0.9979,0.0168,0,0.0139,-0.016,0.9998,0,0,0.0676,0,1]},
{"frame":19,"values":[0.9977,0.0665,-0.0156,0,-0.0664,0.9978,0.005,0,0.0159,-0.0039,0.9999,0,0,0.0676,0,1]},
{"frame":20,"values":[0.9972,0.0736,-0.0146,0,-0.0737,0.9973,-0.0022,0,0.0144,0.0032,0.9999,0,0,0.0676,0,1]},
{"frame":21,"values":[0.9971,0.0742,-0.0149,0,-0.0743,0.9972,-0.0085,0,0.0143,0.0096,0.9999,0,0,0.0676,0,1]},
{"frame":22,"values":[0.9973,0.0718,-0.0143,0,-0.0719,0.9974,-0.0062,0,0.0138,0.0072,0.9999,0,0,0.0676,0,1]},
{"frame":23,"values":[0.9977,0.0673,-0.0121,0,-0.0672,0.9977,0.0061,0,0.0125,-0.0052,0.9999,0,0,0.0676,0,1]},
{"frame":24,"values":[0.9983,0.0573,-0.0107,0,-0.0571,0.9982,0.0195,0,0.0118,-0.0188,0.9998,0,0,0.0676,0,1]},
{"frame":25,"values":[0.9988,0.048,-0.0082,0,-0.0479,0.9987,0.0201,0,0.0091,-0.0197,0.9998,0,0,0.0676,0,1]},
{"frame":26,"values":[0.9993,0.0382,-0.0044,0,-0.0381,0.999,0.0225,0,0.0052,-0.0223,0.9997,0,0,0.0676,0,1]},
{"frame":27,"values":[0.9993,0.037,0.0039,0,-0.0371,0.9989,0.0276,0,-0.0028,-0.0278,0.9996,0,0,0.0676,0,1]},
{"frame":28,"values":[0.9994,0.0338,0.0122,0,-0.0342,0.9986,0.0392,0,-0.0108,-0.0395,0.9992,0,0,0.0676,0,1]},
{"frame":29,"values":[0.9992,0.034,0.0224,0,-0.0351,0.9982,0.048,0,-0.0208,-0.0488,0.9986,0,0,0.0676,0,1]},
{"frame":30,"values":[0.9989,0.0334,0.0329,0,-0.035,0.9981,0.0503,0,-0.0311,-0.0514,0.9982,0,0,0.0676,0,1]},
{"frame":31,"values":[0.9986,0.032,0.0432,0,-0.0341,0.9983,0.0477,0,-0.0416,-0.0491,0.9979,0,0,0.0676,0,1]},
{"frame":32,"values":[0.9981,0.0307,0.0543,0,-0.0333,0.9984,0.0461,0,-0.0528,-0.0478,0.9975,0,0,0.0676,0,1]}]}},
{"name":"HeadTop_End","index":6,"matrix":[1,0,0,0,0,1,0,0,0,0,1,0,0,0.23,0.0245,1],"rest":[1,0,0,0,0,1,0,0,0,0,1,0,0,0.23,0.0245,1],"parentBoneIndex":5,"length":0.2313
,"animation":{"name":"anim","property":"_matrix","dataType":3,"framePerSecond":30,"loopBehavior":1,"keys":[
{"frame":1,"values":[1,0,0,0,0,1,0,0,0,0,1,0,0,0.23,0.0245,1]},
{"frame":32,"values":[1,0,0,0,0,1,0,0,0,0,1,0,0,0.23,0.0245,1]}]}},
{"name":"LeftShoulder","index":7,"matrix":[0.2509,0.9651,0.0754,0,0.9338,-0.2618,0.2439,0,0.2551,0.0092,-0.9669,0,0.1095,0.1332,-0.0144,1],"rest":[0,1,0,0,1,0,0,0,0,0,-1,0,0.1095,0.1332,-0.0144,1],"parentBoneIndex":3,"length":0.1658
,"animation":{"name":"anim","property":"_matrix","dataType":3,"framePerSecond":30,"loopBehavior":1,"keys":[
{"frame":1,"values":[0.2509,0.9651,0.0754,0,0.9338,-0.2618,0.2439,0,0.2551,0.0092,-0.9669,0,0.1095,0.1332,-0.0144,1]},
{"frame":2,"values":[0.2382,0.9686,0.0719,0,0.9425,-0.2484,0.2236,0,0.2345,0.0145,-0.972,0,0.1095,0.1332,-0.0144,1]},
{"frame":3,"values":[0.2409,0.9679,0.0717,0,0.944,-0.2508,0.2142,0,0.2253,0.0161,-0.9742,0,0.1095,0.1332,-0.0144,1]},
{"frame":4,"values":[0.2357,0.9693,0.07,0,0.9489,-0.2451,0.1987,0,0.2097,0.0196,-0.9776,0,0.1095,0.1332,-0.0144,1]},
{"frame":5,"values":[0.2249,0.972,0.0682,0,0.9529,-0.234,0.193,0,0.2035,0.0216,-0.9788,0,0.1095,0.1332,-0.0144,1]},
{"frame":6,"values":[0.2191,0.9733,0.0677,0,0.9533,-0.2284,0.1975,0,0.2077,0.0212,-0.978,0,0.1095,0.1332,-0.0144,1]},
{"frame":7,"values":[0.2132,0.9747,0.0667,0,0.9556,-0.2223,0.1937,0,0.2036,0.0225,-0.9788,0,0.1095,0.1332,-0.0144,1]},
{"frame":8,"values":[0.2155,0.9742,0.0668,0,0.9563,-0.2243,0.1875,0,0.1976,0.0235,-0.98,0,0.1095,0.1332,-0.0144,1]},
{"frame":9,"values":[0.2287,0.9711,0.0688,0,0.9521,-0.2379,0.1921,0,0.2029,0.0215,-0.979,0,0.1095,0.1332,-0.0144,1]},
{"frame":10,"values":[0.241,0.9679,0.0714,0,0.9453,-0.2507,0.2087,0,0.2199,0.0172,-0.9754,0,0.1095,0.1332,-0.0144,1]},
{"frame":11,"values":[0.2355,0.9693,0.0705,0,0.9477,-0.2451,0.2046,0,0.2155,0.0186,-0.9763,0,0.1095,0.1332,-0.0144,1]},
{"frame":12,"values":[0.2417,0.9677,0.072,0,0.9434,-0.2517,0.2159,0,0.2271,0.0158,-0.9737,0,0.1095,0.1332,-0.0144,1]},
{"frame":13,"values":[0.28,0.9566,0.0807,0,0.9222,-0.2914,0.2544,0,0.2669,0.0032,-0.9637,0,0.1095,0.1332,-0.0144,1]},
{"frame":14,"values":[0.2812,0.9562,0.0819,0,0.9184,-0.2928,0.2662,0,0.2785,0.0003,-0.9604,0,0.1095,0.1332,-0.0144,1]},
{"frame":15,"values":[0.2734,0.9586,0.08,0,0.9227,-0.2848,0.2597,0,0.2717,0.0028,-0.9624,0,0.1095,0.1332,-0.0144,1]},
{"frame":16,"values":[0.2689,0.9599,0.079,0,0.9249,-0.2803,0.2569,0,0.2687,0.004,-0.9632,0,0.1095,0.1332,-0.0144,1]},
{"frame":17,"values":[0.2533,0.9643,0.077,0,0.9275,-0.2647,0.2638,0,0.2748,0.0046,-0.9615,0,0.1095,0.1332,-0.0144,1]},
{"frame":18,"values":[0.2411,0.9676,0.0756,0,0.9284,-0.2526,0.2726,0,0.2829,0.0044,-0.9592,0,0.1095,0.1332,-0.0144,1]},
{"frame":19,"values":[0.2275,0.971,0.0731,0,0.9332,-0.2389,0.2685,0,0.2782,0.0071,-0.9605,0,0.1095,0.1332,-0.0144,1]},
{"frame":20,"values":[0.2265,0.9712,0.0735,0,0.9307,-0.2381,0.2777,0,0.2872,0.0055,-0.9579,0,0.1095,0.1332,-0.0144,1]},
{"frame":21,"values":[0.2262,0.9713,0.0733,0,0.9313,-0.2378,0.2759,0,0.2854,0.0059,-0.9584,0,0.1095,0.1332,-0.0144,1]},
{"frame":22,"values":[0.2247,0.9717,0.073,0,0.9321,-0.2361,0.2745,0,0.284,0.0064,-0.9588,0,0.1095,0.1332,-0.0144,1]},
{"frame":23,"values":[0.233,0.9696,0.075,0,0.9264,-0.2448,0.286,0,0.2957,0.0029,-0.9553,0,0.1095,0.1332,-0.0144,1]},
{"frame":24,"values":[0.2332,0.9695,0.0753,0,0.9252,-0.2451,0.2897,0,0.2993,0.0021,-0.9541,0,0.1095,0.1332,-0.0144,1]},
{"frame":25,"values":[0.25,0.9651,0.0787,0,0.9176,-0.262,0.299,0,0.3091,-0.0025,-0.951,0,0.1095,0.1332,-0.0144,1]},
{"frame":26,"values":[0.252,0.9645,0.079,0,0.9173,-0.2641,0.2979,0,0.3082,-0.0026,-0.9513,0,0.1095,0.1332,-0.0144,1]},
{"frame":27,"values":[0.2461,0.9662,0.0772,0,0.9228,-0.2579,0.2861,0,0.2963,0.0009,-0.9551,0,0.1095,0.1332,-0.0144,1]},
{"frame":28,"values":[0.2453,0.9664,0.0766,0,0.9255,-0.257,0.2782,0,0.2885,0.0027,-0.9575,0,0.1095,0.1332,-0.0144,1]},
{"frame":29,"values":[0.2423,0.9672,0.0762,0,0.9264,-0.2539,0.2781,0,0.2883,0.0032,-0.9575,0,0.1095,0.1332,-0.0144,1]},
{"frame":30,"values":[0.2505,0.965,0.0773,0,0.925,-0.2622,0.275,0,0.2857,0.0026,-0.9583,0,0.1095,0.1332,-0.0144,1]},
{"frame":31,"values":[0.2519,0.9647,0.0764,0,0.9296,-0.2631,0.2579,0,0.269,0.006,-0.9631,0,0.1095,0.1332,-0.0144,1]},
{"frame":32,"values":[0.2509,0.9651,0.0754,0,0.9338,-0.2618,0.2439,0,0.2551,0.0092,-0.9669,0,0.1095,0.1332,-0.0144,1]}]}},
{"name":"LeftArm","index":8,"matrix":[0.7878,0.5807,0.2053,0,-0.5598,0.8141,-0.1547,0,-0.257,0.0069,0.9664,0,-0.0857,0.1419,-0.0014,1],"rest":[1,0,0,0,0,1,0,0,0,0,1,0,-0.0857,0.1419,-0.0014,1],"parentBoneIndex":7,"length":0.2871
,"animation":{"name":"anim","property":"_matrix","dataType":3,"framePerSecond":30,"loopBehavior":1,"keys":[
{"frame":1,"values":[0.7878,0.5807,0.2053,0,-0.5598,0.8141,-0.1547,0,-0.257,0.0069,0.9664,0,-0.0857,0.1419,-0.0014,1]},
{"frame":2,"values":[0.7655,0.6092,0.2068,0,-0.6073,0.7904,-0.0802,0,-0.2123,-0.0642,0.9751,0,-0.0857,0.1419,-0.0014,1]},
{"frame":3,"values":[0.767,0.6151,0.1826,0,-0.6255,0.7802,-0.0007,0,-0.1429,-0.1137,0.9832,0,-0.0857,0.1419,-0.0014,1]},
{"frame":4,"values":[0.7558,0.6344,0.1622,0,-0.649,0.7587,0.0569,0,-0.087,-0.1483,0.9851,0,-0.0857,0.1419,-0.0014,1]},
{"frame":5,"values":[0.7356,0.6592,0.1562,0,-0.676,0.7292,0.1063,0,-0.0438,-0.1838,0.982,0,-0.0857,0.1419,-0.0014,1]},
{"frame":6,"values":[0.719,0.6767,0.1585,0,-0.695,0.7013,0.1586,0,-0.0038,-0.2241,0.9746,0,-0.0857,0.1419,-0.0014,1]},
{"frame":7,"values":[0.7058,0.688,0.1689,0,-0.7082,0.6783,0.196,0,0.0203,-0.258,0.9659,0,-0.0857,0.1419,-0.0014,1]},
{"frame":8,"values":[0.7088,0.6841,0.172,0,-0.7034,0.6671,0.2455,0,0.0532,-0.295,0.954,0,-0.0857,0.1419,-0.0014,1]},
{"frame":9,"values":[0.7246,0.6691,0.1654,0,-0.6828,0.6643,0.3039,0,0.0935,-0.3331,0.9382,0,-0.0857,0.1419,-0.0014,1]},
{"frame":10,"values":[0.7314,0.6623,0.1627,0,-0.6718,0.6586,0.339,0,0.1174,-0.3572,0.9266,0,-0.0857,0.1419,-0.0014,1]},
{"frame":11,"values":[0.7317,0.6606,0.1682,0,-0.6726,0.6597,0.3352,0,0.1105,-0.3584,0.927,0,-0.0857,0.1419,-0.0014,1]},
{"frame":12,"values":[0.7412,0.6473,0.1777,0,-0.6647,0.6707,0.3292,0,0.0939,-0.3621,0.9274,0,-0.0857,0.1419,-0.0014,1]},
{"frame":13,"values":[0.7626,0.6202,0.184,0,-0.6433,0.6974,0.3159,0,0.0676,-0.3592,0.9308,0,-0.0857,0.1419,-0.0014,1]},
{"frame":14,"values":[0.756,0.6253,0.1937,0,-0.6545,0.7187,0.2346,0,0.0075,-0.3041,0.9526,0,-0.0857,0.1419,-0.0014,1]},
{"frame":15,"values":[0.7451,0.6402,0.1867,0,-0.665,0.7347,0.1346,0,-0.0509,-0.2244,0.9732,0,-0.0857,0.1419,-0.0014,1]},
{"frame":16,"values":[0.7449,0.6455,0.1688,0,-0.6613,0.7479,0.0579,0,-0.0889,-0.1547,0.9839,0,-0.0857,0.1419,-0.0014,1]},
{"frame":17,"values":[0.7519,0.642,0.1498,0,-0.6501,0.7598,0.0066,0,-0.1096,-0.1024,0.9887,0,-0.0857,0.1419,-0.0014,1]},
{"frame":18,"values":[0.7702,0.6238,0.1329,0,-0.6269,0.7788,-0.0223,0,-0.1174,-0.0661,0.9909,0,-0.0857,0.1419,-0.0014,1]},
{"frame":19,"values":[0.7855,0.6066,0.1224,0,-0.6032,0.7947,-0.0676,0,-0.1383,-0.0207,0.9902,0,-0.0857,0.1419,-0.0014,1]},
{"frame":20,"values":[0.8032,0.5821,0.1266,0,-0.5728,0.813,-0.1042,0,-0.1635,0.0112,0.9865,0,-0.0857,0.1419,-0.0014,1]},
{"frame":21,"values":[0.8168,0.561,0.1347,0,-0.541,0.8259,-0.1589,0,-0.2004,0.0569,0.9781,0,-0.0857,0.1419,-0.0014,1]},
{"frame":22,"values":[0.8237,0.5463,0.1517,0,-0.514,0.8325,-0.2069,0,-0.2393,0.0924,0.9665,0,-0.0857,0.1419,-0.0014,1]},
{"frame":23,"values":[0.8337,0.5232,0.1766,0,-0.4829,0.8459,-0.2265,0,-0.2679,0.1036,0.9579,0,-0.0857,0.1419,-0.0014,1]},
{"frame":24,"values":[0.8372,0.5113,0.1942,0,-0.4666,0.853,-0.234,0,-0.2852,0.1053,0.9527,0,-0.0857,0.1419,-0.0014,1]},
{"frame":25,"values":[0.8511,0.4869,0.1962,0,-0.4492,0.8689,-0.2078,0,-0.2717,0.0887,0.9583,0,-0.0857,0.1419,-0.0014,1]},
{"frame":26,"values":[0.8536,0.4831,0.195,0,-0.4487,0.8719,-0.1961,0,-0.2647,0.0799,0.961,0,-0.0857,0.1419,-0.0014,1]},
{"frame":27,"values":[0.8448,0.5012,0.1876,0,-0.4603,0.8593,-0.223,0,-0.273,0.102,0.9566,0,-0.0857,0.1419,-0.0014,1]},
{"frame":28,"values":[0.8413,0.5098,0.1796,0,-0.4609,0.8502,-0.2545,0,-0.2825,0.1314,0.9502,0,-0.0857,0.1419,-0.0014,1]},
{"frame":29,"values":[0.831,0.5305,0.1676,0,-0.4746,0.8332,-0.2838,0,-0.2902,0.1563,0.9441,0,-0.0857,0.1419,-0.0014,1]},
{"frame":30,"values":[0.821,0.5426,0.1777,0,-0.4871,0.828,-0.2778,0,-0.2978,0.1415,0.9441,0,-0.0857,0.1419,-0.0014,1]},
{"frame":31,"values":[0.8019,0.5617,0.2036,0,-0.5152,0.8227,-0.2404,0,-0.3025,0.0879,0.9491,0,-0.0857,0.1419,-0.0014,1]},
{"frame":32,"values":[0.7878,0.5807,0.2053,0,-0.5598,0.8141,-0.1547,0,-0.257,0.0069,0.9664,0,-0.0857,0.1419,-0.0014,1]}]}},
{"name":"LeftForeArm","index":9,"matrix":[0.9624,0.1841,-0.1998,0,-0.2626,0.819,-0.5101,0,0.0698,0.5434,0.8366,0,-0.0792,0.2701,0.0568,1],"rest":[1,0,0,0,0,1,0,0,0,0,1,0,-0.0792,0.2701,0.0568,1],"parentBoneIndex":8,"length":0.2023
,"animation":{"name":"anim","property":"_matrix","dataType":3,"framePerSecond":30,"loopBehavior":1,"keys":[
{"frame":1,"values":[0.9624,0.1841,-0.1998,0,-0.2626,0.819,-0.5101,0,0.0698,0.5434,0.8366,0,-0.0792,0.2701,0.0568,1]},
{"frame":2,"values":[0.9679,0.17,-0.1849,0,-0.2408,0.8375,-0.4904,0,0.0715,0.5192,0.8516,0,-0.0792,0.2701,0.0568,1]},
{"frame":3,"values":[0.9674,0.164,-0.1931,0,-0.2409,0.8312,-0.5011,0,0.0783,0.5312,0.8436,0,-0.0792,0.2701,0.0568,1]},
{"frame":4,"values":[0.964,0.1608,-0.2118,0,-0.2464,0.8396,-0.4842,0,0.1,0.5189,0.849,0,-0.0792,0.2701,0.0568,1]},
{"frame":5,"values":[0.9621,0.1495,-0.2283,0,-0.2415,0.856,-0.4571,0,0.127,0.4949,0.8596,0,-0.0792,0.2701,0.0568,1]},
{"frame":6,"values":[0.9618,0.1334,-0.239,0,-0.2291,0.8702,-0.4361,0,0.1498,0.4743,0.8676,0,-0.0792,0.2701,0.0568,1]},
{"frame":7,"values":[0.962,0.1174,-0.2467,0,-0.2155,0.8811,-0.421,0,0.168,0.4582,0.8729,0,-0.0792,0.2701,0.0568,1]},
{"frame":8,"values":[0.9632,0.1094,-0.2454,0,-0.2148,0.8622,-0.4587,0,0.1614,0.4946,0.854,0,-0.0792,0.2701,0.0568,1]},
{"frame":9,"values":[0.9663,0.1092,-0.2332,0,-0.2209,0.8169,-0.5328,0,0.1323,0.5664,0.8135,0,-0.0792,0.2701,0.0568,1]},
{"frame":10,"values":[0.9712,0.1049,-0.2137,0,-0.2113,0.7933,-0.571,0,0.1097,0.5997,0.7927,0,-0.0792,0.2701,0.0568,1]},
{"frame":11,"values":[0.9731,0.1109,-0.2019,0,-0.2102,0.7856,-0.5819,0,0.0941,0.6087,0.7878,0,-0.0792,0.2701,0.0568,1]},
{"frame":12,"values":[0.9756,0.1174,-0.1856,0,-0.2074,0.7712,-0.6019,0,0.0725,0.6257,0.7767,0,-0.0792,0.2701,0.0568,1]},
{"frame":13,"values":[0.9799,0.1075,-0.1682,0,-0.1885,0.7753,-0.6028,0,0.0656,0.6224,0.7799,0,-0.0792,0.2701,0.0568,1]},
{"frame":14,"values":[0.9807,0.0992,-0.1686,0,-0.1749,0.8307,-0.5286,0,0.0876,0.5479,0.832,0,-0.0792,0.2701,0.0568,1]},
{"frame":15,"values":[0.9799,0.0915,-0.1771,0,-0.1657,0.8681,-0.4679,0,0.1109,0.4879,0.8658,0,-0.0792,0.2701,0.0568,1]},
{"frame":16,"values":[0.9793,0.0911,-0.1805,0,-0.1662,0.8711,-0.4621,0,0.1151,0.4826,0.8683,0,-0.0792,0.2701,0.0568,1]},
{"frame":17,"values":[0.9797,0.1056,-0.1703,0,-0.1798,0.8388,-0.5139,0,0.0886,0.5341,0.8408,0,-0.0792,0.2701,0.0568,1]},
{"frame":18,"values":[0.9813,0.1229,-0.1484,0,-0.1887,0.7689,-0.6109,0,0.039,0.6275,0.7777,0,-0.0792,0.2701,0.0568,1]},
{"frame":19,"values":[0.9827,0.14,-0.1215,0,-0.1849,0.6949,-0.6949,0,-0.0129,0.7054,0.7087,0,-0.0792,0.2701,0.0568,1]},
{"frame":20,"values":[0.9845,0.1528,-0.0865,0,-0.164,0.6242,-0.7639,0,-0.0627,0.7662,0.6395,0,-0.0792,0.2701,0.0568,1]},
{"frame":21,"values":[0.9861,0.1565,-0.0564,0,-0.138,0.58,-0.8028,0,-0.0929,0.7994,0.5935,0,-0.0792,0.2701,0.0568,1]},
{"frame":22,"values":[0.9872,0.156,-0.0321,0,-0.1145,0.5548,-0.824,0,-0.1108,0.8172,0.5656,0,-0.0792,0.2701,0.0568,1]},
{"frame":23,"values":[0.9877,0.1556,-0.0172,0,-0.0998,0.5412,-0.8349,0,-0.1206,0.8264,0.5501,0,-0.0792,0.2701,0.0568,1]},
{"frame":24,"values":[0.9875,0.1569,-0.0123,0,-0.0958,0.5376,-0.8378,0,-0.1249,0.8285,0.5459,0,-0.0792,0.2701,0.0568,1]},
{"frame":25,"values":[0.9873,0.1583,-0.0145,0,-0.0974,0.5309,-0.8418,0,-0.1255,0.8326,0.5395,0,-0.0792,0.2701,0.0568,1]},
{"frame":26,"values":[0.9857,0.165,-0.0341,0,-0.1208,0.5508,-0.8258,0,-0.1175,0.8182,0.5629,0,-0.0792,0.2701,0.0568,1]},
{"frame":27,"values":[0.9834,0.1694,-0.0648,0,-0.1565,0.6117,-0.7755,0,-0.0917,0.7728,0.628,0,-0.0792,0.2701,0.0568,1]},
{"frame":28,"values":[0.9786,0.1766,-0.1061,0,-0.199,0.6774,-0.7082,0,-0.0532,0.7141,0.698,0,-0.0792,0.2701,0.0568,1]},
{"frame":29,"values":[0.9734,0.1754,-0.1476,0,-0.2292,0.7521,-0.6179,0,0.0026,0.6353,0.7723,0,-0.0792,0.2701,0.0568,1]},
{"frame":30,"values":[0.9653,0.1895,-0.1796,0,-0.2577,0.802,-0.5388,0,0.0419,0.5664,0.8231,0,-0.0792,0.2701,0.0568,1]},
{"frame":31,"values":[0.9584,0.2063,-0.1972,0,-0.2783,0.8285,-0.486,0,0.0632,0.5207,0.8514,0,-0.0792,0.2701,0.0568,1]},
{"frame":32,"values":[0.9624,0.1841,-0.1998,0,-0.2626,0.819,-0.5101,0,0.0698,0.5434,0.8366,0,-0.0792,0.2701,0.0568,1]}]}},
{"name":"LeftHand","index":10,"matrix":[0.9794,-0.1815,-0.0889,0,0.1533,0.9537,-0.2587,0,0.1317,0.2397,0.9619,0,-0.0545,0.1921,0.0324,1],"rest":[1,0,0,0,0,1,0,0,0,0,1,0,-0.0545,0.1921,0.0324,1],"parentBoneIndex":9,"length":0.1481
,"animation":{"name":"anim","property":"_matrix","dataType":3,"framePerSecond":30,"loopBehavior":1,"keys":[
{"frame":1,"values":[0.9794,-0.1815,-0.0889,0,0.1533,0.9537,-0.2587,0,0.1317,0.2397,0.9619,0,-0.0545,0.1921,0.0324,1]},
{"frame":2,"values":[0.9799,-0.162,-0.1166,0,0.1238,0.9515,-0.2817,0,0.1566,0.2616,0.9524,0,-0.0545,0.1921,0.0324,1]},
{"frame":3,"values":[0.9814,-0.1642,-0.0991,0,0.1324,0.9538,-0.2698,0,0.1388,0.2517,0.9578,0,-0.0545,0.1921,0.0324,1]},
{"frame":4,"values":[0.9823,-0.1653,-0.0884,0,0.1353,0.9516,-0.2759,0,0.1297,0.2591,0.9571,0,-0.0545,0.1921,0.0324,1]},
{"frame":5,"values":[0.9833,-0.1557,-0.0938,0,0.1214,0.9466,-0.2986,0,0.1353,0.2823,0.9497,0,-0.0545,0.1921,0.0324,1]},
{"frame":6,"values":[0.9837,-0.1398,-0.1133,0,0.096,0.9404,-0.3263,0,0.1522,0.3101,0.9385,0,-0.0545,0.1921,0.0324,1]},
{"frame":7,"values":[0.9814,-0.1082,-0.1589,0,0.0531,0.947,-0.3169,0,0.1847,0.3026,0.9351,0,-0.0545,0.1921,0.0324,1]},
{"frame":8,"values":[0.9746,-0.059,-0.2159,0,0.0099,0.975,-0.2221,0,0.2236,0.2143,0.9508,0,-0.0545,0.1921,0.0324,1]},
{"frame":9,"values":[0.9693,-0.0118,-0.2456,0,-0.0111,0.9957,-0.0915,0,0.2456,0.0914,0.965,0,-0.0545,0.1921,0.0324,1]},
{"frame":10,"values":[0.9679,0.0177,-0.2506,0,-0.0178,0.9998,0.0017,0,0.2506,0.0028,0.9681,0,-0.0545,0.1921,0.0324,1]},
