{"producer":{"name":"Blender","version":"2.93.0 Beta","exporter_version":"2.93.4","file":"walk01.babylon"},
"autoClear":true,"clearColor":[0.0509,0.0509,0.0509],"gravity":[0,-9.81,0],
"materials":[{"name":"Material","id":"Material","customType":"BABYLON.PBRMaterial","albedo":[0.8,0,0],"emissive":[0,0,0],"reflectivity":[0.5,0.5,0.5],"roughness":0.4,"alpha":1,"transparencyMode":0,"alphaCutOff":0.4,"metallic":0},
{"name":"asdf1:Beta_HighLimbsGeoSG2","id":"asdf1:Beta_HighLimbsGeoSG2","customType":"BABYLON.PBRMaterial","albedo":[0.837,0.3023,0.2637],"emissive":[0,0,0],"reflectivity":[1,1,1],"roughness":0.8083,"alpha":1,"transparencyMode":0,"alphaCutOff":0.4,"metallic":0},
{"name":"Beta_Joints_MAT","id":"Beta_Joints_MAT","customType":"BABYLON.PBRMaterial","albedo":[0.3333,0.1245,0.101],"emissive":[0,0,0],"reflectivity":[1,1,1],"roughness":0.8586,"alpha":1,"transparencyMode":0,"alphaCutOff":0.4,"metallic":0.5}],
"skeletons":[{"name":"Armature","id":0,"dimensionsAtRest":[1.8637,1.9154,0.3588],"bones":[
{"name":"mixamorig:Hips","index":0,"matrix":[0.9969,-0.0702,0.0356,0,0.0688,0.9969,0.0373,0,0.0381,0.0347,-0.9987,0,0.0033,0.9954,-0.0152,1],"rest":[1,0,0,0,0,1,0,0,0,0,-1,0,0,1.0399,-0.0208,1],"parentBoneIndex":-1,"length":0.1056
,"animation":{"name":"anim","property":"_matrix","dataType":3,"framePerSecond":30,"loopBehavior":1,"keys":[
{"frame":1,"values":[0.9969,-0.0702,0.0356,0,0.0688,0.9969,0.0373,0,0.0381,0.0347,-0.9987,0,0.0033,0.9954,-0.0152,1]},
{"frame":2,"values":[0.9982,-0.0592,0.0068,0,0.059,0.9978,0.0294,0,0.0086,0.0289,-0.9995,0,0.0051,0.9957,-0.0077,1]},
{"frame":3,"values":[0.9985,-0.0515,-0.019,0,0.0519,0.9985,0.0201,0,-0.0179,0.021,-0.9996,0,0.0072,0.9947,-0.0016,1]},
{"frame":4,"values":[0.9978,-0.0502,-0.0428,0,0.0507,0.9987,0.011,0,-0.0422,0.0131,-0.999,0,0.0095,0.9919,0.0034,1]},
{"frame":5,"values":[0.9966,-0.0527,-0.0635,0,0.053,0.9986,0.0046,0,-0.0631,0.0079,-0.998,0,0.0118,0.9871,0.0075,1]},
{"frame":6,"values":[0.9958,-0.048,-0.0776,0,0.0484,0.9988,0.0036,0,-0.0773,0.0074,-0.997,0,0.0139,0.9805,0.0105,1]},
{"frame":7,"values":[0.996,-0.0295,-0.0844,0,0.0304,0.9995,0.0091,0,-0.0841,0.0116,-0.9964,0,0.0153,0.9739,0.0112,1]},
{"frame":8,"values":[0.996,0.0015,-0.0889,0,0.0003,0.9998,0.0195,0,-0.0889,0.0195,-0.9959,0,0.0166,0.9679,0.0091,1]},
{"frame":9,"values":[0.9946,0.0346,-0.0975,0,-0.0316,0.999,0.032,0,-0.0986,0.0288,-0.9947,0,0.018,0.9625,0.004,1]},
{"frame":10,"values":[0.9918,0.0654,-0.1102,0,-0.0609,0.9972,0.0436,0,-0.1128,0.0365,-0.993,0,0.0196,0.96,-0.0014,1]},
{"frame":11,"values":[0.9887,0.0888,-0.1208,0,-0.0831,0.9952,0.0518,0,-0.1248,0.0412,-0.9913,0,0.0213,0.9618,-0.0061,1]},
{"frame":12,"values":[0.9865,0.1059,-0.1253,0,-0.0994,0.9934,0.057,0,-0.1305,0.0438,-0.9905,0,0.0227,0.9659,-0.007,1]},
{"frame":13,"values":[0.9856,0.1159,-0.1231,0,-0.1091,0.9922,0.0606,0,-0.1292,0.0463,-0.9905,0,0.0236,0.9733,-0.0049,1]},
{"frame":14,"values":[0.9867,0.116,-0.114,0,-0.1094,0.992,0.0632,0,-0.1204,0.0498,-0.9915,0,0.024,0.9818,-0.0018,1]},
{"frame":15,"values":[0.9898,0.1043,-0.0971,0,-0.0984,0.9931,0.0638,0,-0.1031,0.0536,-0.9932,0,0.024,0.9896,0.0007,1]},
{"frame":16,"values":[0.9937,0.0864,-0.0721,0,-0.0821,0.9948,0.061,0,-0.0769,0.0547,-0.9955,0,0.0238,0.9944,0.0031,1]},
{"frame":17,"values":[0.997,0.0666,-0.0407,0,-0.0643,0.9965,0.0537,0,-0.0441,0.051,-0.9977,0,0.0231,0.9958,0.0055,1]},
{"frame":18,"values":[0.9988,0.0476,-0.0066,0,-0.0472,0.998,0.0424,0,-0.0086,0.0421,-0.9991,0,0.0219,0.9952,0.0071,1]},
{"frame":19,"values":[0.9991,0.0323,0.027,0,-0.0331,0.999,0.0297,0,0.026,0.0306,-0.9992,0,0.0204,0.9928,0.0077,1]},
{"frame":20,"values":[0.9981,0.02,0.058,0,-0.0212,0.9996,0.0192,0,0.0576,0.0204,-0.9981,0,0.0187,0.9876,0.0071,1]},
{"frame":21,"values":[0.9963,0.0087,0.0854,0,-0.0099,0.9999,0.0133,0,0.0853,0.014,-0.9963,0,0.017,0.9785,0.0039,1]},
{"frame":22,"values":[0.9943,-0.0068,0.1066,0,0.0055,0.9999,0.0122,0,0.1067,0.0115,-0.9942,0,0.0155,0.9677,-0.0027,1]},
{"frame":23,"values":[0.9925,-0.0291,0.1191,0,0.0275,0.9995,0.0153,0,0.1194,0.0119,-0.9928,0,0.0139,0.9584,-0.0113,1]},
{"frame":24,"values":[0.9912,-0.0539,0.1209,0,0.0517,0.9984,0.0214,0,0.1219,0.015,-0.9924,0,0.0115,0.954,-0.02,1]},
{"frame":25,"values":[0.9906,-0.0767,0.1131,0,0.0739,0.9968,0.0295,0,0.1151,0.0209,-0.9931,0,0.0081,0.9555,-0.0266,1]},
{"frame":26,"values":[0.9905,-0.0928,0.1015,0,0.0894,0.9953,0.038,0,0.1045,0.0285,-0.9941,0,0.0042,0.9614,-0.0295,1]},
{"frame":27,"values":[0.9903,-0.1025,0.0934,0,0.0987,0.9941,0.0445,0,0.0974,0.0349,-0.9946,0,0.0009,0.9695,-0.0276,1]},
{"frame":28,"values":[0.9905,-0.104,0.0896,0,0.1001,0.9939,0.0471,0,0.094,0.0377,-0.9949,0,-0.0006,0.9784,-0.0233,1]},
{"frame":29,"values":[0.9919,-0.0958,0.0833,0,0.0923,0.9947,0.0454,0,0.0872,0.0373,-0.9955,0,-0.0004,0.9865,-0.0198,1]},
{"frame":30,"values":[0.9944,-0.0827,0.0664,0,0.0801,0.9959,0.0414,0,0.0696,0.0358,-0.9969,0,0.0012,0.9925,-0.0173,1]},
{"frame":31,"values":[0.9969,-0.0702,0.0356,0,0.0688,0.9969,0.0373,0,0.0381,0.0347,-0.9987,0,0.0033,0.9954,-0.0152,1]}]}},
{"name":"mixamorig:Spine","index":1,"matrix":[0.9974,0.0635,-0.0328,0,-0.0615,0.9964,0.0588,0,0.0364,-0.0566,0.9977,0,0,0.1018,0.0013,1],"rest":[1,0,0,0,0,1,0,0,0,0,1,0,0,0.1018,0.0013,1],"parentBoneIndex":0,"length":0.1013
,"animation":{"name":"anim","property":"_matrix","dataType":3,"framePerSecond":30,"loopBehavior":1,"keys":[
{"frame":1,"values":[0.9974,0.0635,-0.0328,0,-0.0615,0.9964,0.0588,0,0.0364,-0.0566,0.9977,0,0,0.1018,0.0013,1]},
{"frame":2,"values":[0.9973,0.0594,-0.0439,0,-0.0568,0.9967,0.0579,0,0.0472,-0.0553,0.9974,0,0,0.1018,0.0013,1]},
{"frame":3,"values":[0.9967,0.0592,-0.0555,0,-0.0561,0.9969,0.0554,0,0.0586,-0.0521,0.9969,0,0,0.1018,0.0013,1]},
{"frame":4,"values":[0.9956,0.0643,-0.0674,0,-0.0608,0.9967,0.053,0,0.0706,-0.0486,0.9963,0,0,0.1018,0.0013,1]},
{"frame":5,"values":[0.9945,0.0706,-0.0779,0,-0.0666,0.9964,0.0525,0,0.0813,-0.047,0.9956,0,0,0.1018,0.0013,1]},
{"frame":6,"values":[0.9942,0.0672,-0.0839,0,-0.0628,0.9966,0.0539,0,0.0873,-0.0483,0.995,0,0,0.1018,0.0013,1]},
{"frame":7,"values":[0.9952,0.0476,-0.0856,0,-0.043,0.9976,0.0549,0,0.088,-0.051,0.9948,0,0,0.1018,0.0013,1]},
{"frame":8,"values":[0.9962,0.0123,-0.0861,0,-0.0077,0.9985,0.0533,0,0.0867,-0.0525,0.9949,0,0,0.1018,0.0013,1]},
{"frame":9,"values":[0.9957,-0.0282,-0.0882,0,0.0326,0.9983,0.0489,0,0.0867,-0.0516,0.9949,0,0,0.1018,0.0013,1]},
{"frame":10,"values":[0.9938,-0.0667,-0.0891,0,0.0709,0.9965,0.0441,0,0.0858,-0.0501,0.995,0,0,0.1018,0.0013,1]},
{"frame":11,"values":[0.9919,-0.0951,-0.0838,0,0.0989,0.9942,0.0423,0,0.0793,-0.0502,0.9956,0,0,0.1018,0.0013,1]},
{"frame":12,"values":[0.9909,-0.1136,-0.0723,0,0.1171,0.9921,0.0451,0,0.0666,-0.0531,0.9964,0,0,0.1018,0.0013,1]},
{"frame":13,"values":[0.9908,-0.1229,-0.0572,0,0.1259,0.9907,0.0514,0,0.0503,-0.0581,0.997,0,0,0.1018,0.0013,1]},
{"frame":14,"values":[0.9918,-0.1214,-0.0401,0,0.1236,0.9906,0.0588,0,0.0326,-0.0633,0.9975,0,0,0.1018,0.0013,1]},
{"frame":15,"values":[0.9939,-0.1081,-0.0223,0,0.1093,0.9919,0.065,0,0.0151,-0.0671,0.9976,0,0,0.1018,0.0013,1]},
{"frame":16,"values":[0.9959,-0.0901,-0.0051,0,0.0902,0.9936,0.0683,0,-0.001,-0.0685,0.9976,0,0,0.1018,0.0013,1]},
{"frame":17,"values":[0.9972,-0.0734,0.0106,0,0.0725,0.995,0.0682,0,-0.0156,-0.0672,0.9976,0,0,0.1018,0.0013,1]},
{"frame":18,"values":[0.9979,-0.0605,0.0248,0,0.0587,0.9961,0.0654,0,-0.0287,-0.0638,0.9976,0,0,0.1018,0.0013,1]},
{"frame":19,"values":[0.998,-0.0516,0.0372,0,0.0493,0.9969,0.0615,0,-0.0402,-0.0596,0.9974,0,0,0.1018,0.0013,1]},
{"frame":20,"values":[0.998,-0.0429,0.0473,0,0.0401,0.9975,0.0578,0,-0.0496,-0.0558,0.9972,0,0,0.1018,0.0013,1]},
{"frame":21,"values":[0.998,-0.0311,0.0551,0,0.0282,0.9982,0.0535,0,-0.0567,-0.0518,0.997,0,0,0.1018,0.0013,1]},
{"frame":22,"values":[0.9981,-0.0116,0.0599,0,0.0087,0.9988,0.0472,0,-0.0604,-0.0466,0.9971,0,0,0.1018,0.0013,1]},
{"frame":23,"values":[0.998,0.0174,0.0614,0,-0.0198,0.999,0.0398,0,-0.0606,-0.0409,0.9973,0,0,0.1018,0.0013,1]},
{"frame":24,"values":[0.9971,0.0487,0.0593,0,-0.0508,0.9981,0.035,0,-0.0575,-0.0379,0.9976,0,0,0.1018,0.0013,1]},
{"frame":25,"values":[0.9958,0.0742,0.0532,0,-0.0762,0.9964,0.0367,0,-0.0503,-0.0406,0.9979,0,0,0.1018,0.0013,1]},
{"frame":26,"values":[0.9952,0.088,0.0433,0,-0.0899,0.9949,0.0448,0,-0.0392,-0.0485,0.9981,0,0,0.1018,0.0013,1]},
{"frame":27,"values":[0.9952,0.0925,0.0313,0,-0.0941,0.9941,0.0544,0,-0.0261,-0.0571,0.998,0,0,0.1018,0.0013,1]},
{"frame":28,"values":[0.9958,0.0898,0.0178,0,-0.0908,0.994,0.0604,0,-0.0123,-0.0618,0.998,0,0,0.1018,0.0013,1]},
{"frame":29,"values":[0.9967,0.0809,0.0027,0,-0.0809,0.9948,0.0615,0,0.0023,-0.0615,0.9981,0,0,0.1018,0.0013,1]},
{"frame":30,"values":[0.9974,0.0706,-0.0142,0,-0.0696,0.9958,0.0599,0,0.0184,-0.0587,0.9981,0,0,0.1018,0.0013,1]},
{"frame":31,"values":[0.9974,0.0635,-0.0328,0,-0.0615,0.9964,0.0588,0,0.0364,-0.0566,0.9977,0,0,0.1018,0.0013,1]}]}},
{"name":"mixamorig:Spine1","index":2,"matrix":[1,0.0025,-0.0048,0,-0.0024,0.9995,0.0317,0,0.0049,-0.0317,0.9995,0,0,0.1008,-0.01,1],"rest":[1,0,0,0,0,1,0,0,0,0,1,0,0,0.1008,-0.01,1],"parentBoneIndex":1,"length":0.092
,"animation":{"name":"anim","property":"_matrix","dataType":3,"framePerSecond":30,"loopBehavior":1,"keys":[
{"frame":1,"values":[1,0.0025,-0.0048,0,-0.0024,0.9995,0.0317,0,0.0049,-0.0317,0.9995,0,0,0.1008,-0.01,1]},
{"frame":2,"values":[1,0.0016,-0.0062,0,-0.0014,0.9995,0.0311,0,0.0063,-0.031,0.9995,0,0,0.1008,-0.01,1]},
{"frame":3,"values":[1,0.0018,-0.0075,0,-0.0016,0.9996,0.0288,0,0.0075,-0.0288,0.9996,0,0,0.1008,-0.01,1]},
{"frame":4,"values":[1,0.003,-0.0087,0,-0.0028,0.9997,0.0263,0,0.0087,-0.0262,0.9996,0,0,0.1008,-0.01,1]},
{"frame":5,"values":[0.9999,0.0043,-0.0098,0,-0.0041,0.9997,0.0249,0,0.0099,-0.0249,0.9996,0,0,0.1008,-0.01,1]},
{"frame":6,"values":[0.9999,0.0042,-0.0108,0,-0.0039,0.9997,0.0253,0,0.0109,-0.0253,0.9996,0,0,0.1008,-0.01,1]},
{"frame":7,"values":[0.9999,0.0017,-0.0114,0,-0.0014,0.9996,0.0266,0,0.0114,-0.0266,0.9996,0,0,0.1008,-0.01,1]},
{"frame":8,"values":[0.9999,-0.0028,-0.0114,0,0.0031,0.9996,0.028,0,0.0113,-0.028,0.9995,0,0,0.1008,-0.01,1]},
{"frame":9,"values":[0.9999,-0.0081,-0.0108,0,0.0084,0.9995,0.0294,0,0.0106,-0.0295,0.9995,0,0,0.1008,-0.01,1]},
{"frame":10,"values":[0.9999,-0.0129,-0.0097,0,0.0132,0.9994,0.0314,0,0.0093,-0.0315,0.9995,0,0,0.1008,-0.01,1]},
{"frame":11,"values":[0.9998,-0.0163,-0.0083,0,0.0166,0.9993,0.0335,0,0.0078,-0.0337,0.9994,0,0,0.1008,-0.01,1]},
{"frame":12,"values":[0.9998,-0.0177,-0.0068,0,0.0179,0.9992,0.0346,0,0.0062,-0.0347,0.9994,0,0,0.1008,-0.01,1]},
{"frame":13,"values":[0.9998,-0.0167,-0.0053,0,0.0169,0.9993,0.0341,0,0.0047,-0.0342,0.9994,0,0,0.1008,-0.01,1]},
{"frame":14,"values":[0.9999,-0.0137,-0.0038,0,0.0138,0.9994,0.033,0,0.0033,-0.0331,0.9994,0,0,0.1008,-0.01,1]},
{"frame":15,"values":[0.9999,-0.0099,-0.0021,0,0.01,0.9994,0.0327,0,0.0018,-0.0327,0.9995,0,0,0.1008,-0.01,1]},
{"frame":16,"values":[1,-0.0064,-0.0003,0,0.0065,0.9994,0.0334,0,0.0001,-0.0334,0.9994,0,0,0.1008,-0.01,1]},
{"frame":17,"values":[1,-0.0041,0.0014,0,0.0041,0.9994,0.0339,0,-0.0015,-0.0338,0.9994,0,0,0.1008,-0.01,1]},
{"frame":18,"values":[1,-0.0033,0.0028,0,0.0032,0.9995,0.0328,0,-0.0029,-0.0328,0.9995,0,0,0.1008,-0.01,1]},
{"frame":19,"values":[1,-0.0038,0.0041,0,0.0037,0.9995,0.0306,0,-0.0042,-0.0305,0.9995,0,0,0.1008,-0.01,1]},
{"frame":20,"values":[1,-0.0045,0.0055,0,0.0043,0.9996,0.0283,0,-0.0056,-0.0283,0.9996,0,0,0.1008,-0.01,1]},
{"frame":21,"values":[1,-0.004,0.007,0,0.0038,0.9996,0.027,0,-0.0071,-0.027,0.9996,0,0,0.1008,-0.01,1]},
{"frame":22,"values":[1,-0.0013,0.0079,0,0.0011,0.9996,0.0266,0,-0.0079,-0.0266,0.9996,0,0,0.1008,-0.01,1]},
{"frame":23,"values":[1,0.0033,0.0078,0,-0.0035,0.9996,0.0268,0,-0.0077,-0.0269,0.9996,0,0,0.1008,-0.01,1]},
{"frame":24,"values":[0.9999,0.0083,0.0067,0,-0.0085,0.9996,0.028,0,-0.0065,-0.028,0.9996,0,0,0.1008,-0.01,1]},
{"frame":25,"values":[0.9999,0.0118,0.0051,0,-0.0119,0.9995,0.0302,0,-0.0048,-0.0303,0.9995,0,0,0.1008,-0.01,1]},
{"frame":26,"values":[0.9999,0.0127,0.0037,0,-0.0129,0.9994,0.0329,0,-0.0032,-0.033,0.9995,0,0,0.1008,-0.01,1]},
{"frame":27,"values":[0.9999,0.0112,0.0025,0,-0.0113,0.9993,0.0347,0,-0.0021,-0.0348,0.9994,0,0,0.1008,-0.01,1]},
{"frame":28,"values":[1,0.0084,0.0014,0,-0.0084,0.9994,0.0347,0,-0.0011,-0.0347,0.9994,0,0,0.1008,-0.01,1]},
{"frame":29,"values":[1,0.0056,-0.0001,0,-0.0056,0.9994,0.0334,0,0.0003,-0.0334,0.9994,0,0,0.1008,-0.01,1]},
{"frame":30,"values":[1,0.0036,-0.0022,0,-0.0035,0.9995,0.032,0,0.0023,-0.032,0.9995,0,0,0.1008,-0.01,1]},
{"frame":31,"values":[1,0.0025,-0.0048,0,-0.0024,0.9995,0.0317,0,0.0049,-0.0317,0.9995,0,0,0.1008,-0.01,1]}]}},
{"name":"mixamorig:Spine2","index":3,"matrix":[1,0.0026,-0.0047,0,-0.0025,0.9995,0.0317,0,0.0048,-0.0317,0.9995,0,0,0.091,-0.0137,1],"rest":[1,0,0,0,0,1,0,0,0,0,1,0,0,0.091,-0.0137,1],"parentBoneIndex":2,"length":0.1372
,"animation":{"name":"anim","property":"_matrix","dataType":3,"framePerSecond":30,"loopBehavior":1,"keys":[
{"frame":1,"values":[1,0.0026,-0.0047,0,-0.0025,0.9995,0.0317,0,0.0048,-0.0317,0.9995,0,0,0.091,-0.0137,1]},
{"frame":2,"values":[1,0.0018,-0.0062,0,-0.0016,0.9995,0.0311,0,0.0063,-0.0311,0.9995,0,0,0.091,-0.0137,1]},
{"frame":3,"values":[1,0.0019,-0.0075,0,-0.0017,0.9996,0.0288,0,0.0076,-0.0288,0.9996,0,0,0.091,-0.0137,1]},
{"frame":4,"values":[1,0.0031,-0.0087,0,-0.0029,0.9997,0.0263,0,0.0088,-0.0262,0.9996,0,0,0.091,-0.0137,1]},
{"frame":5,"values":[0.9999,0.0045,-0.0099,0,-0.0042,0.9997,0.0249,0,0.01,-0.0249,0.9996,0,0,0.091,-0.0137,1]},
{"frame":6,"values":[0.9999,0.0044,-0.0108,0,-0.0041,0.9997,0.0253,0,0.0109,-0.0252,0.9996,0,0,0.091,-0.0137,1]},
{"frame":7,"values":[0.9999,0.0019,-0.0113,0,-0.0016,0.9996,0.0266,0,0.0114,-0.0266,0.9996,0,0,0.091,-0.0137,1]},
{"frame":8,"values":[0.9999,-0.0025,-0.0113,0,0.0028,0.9996,0.028,0,0.0112,-0.028,0.9995,0,0,0.091,-0.0137,1]},
{"frame":9,"values":[0.9999,-0.0078,-0.0106,0,0.0081,0.9995,0.0295,0,0.0104,-0.0296,0.9995,0,0,0.091,-0.0137,1]},
{"frame":10,"values":[0.9999,-0.0125,-0.0095,0,0.0128,0.9994,0.0315,0,0.0091,-0.0317,0.9995,0,0,0.091,-0.0137,1]},
{"frame":11,"values":[0.9998,-0.016,-0.0081,0,0.0163,0.9993,0.0336,0,0.0076,-0.0338,0.9994,0,0,0.091,-0.0137,1]},
{"frame":12,"values":[0.9998,-0.0174,-0.0067,0,0.0176,0.9992,0.0347,0,0.0061,-0.0348,0.9994,0,0,0.091,-0.0137,1]},
{"frame":13,"values":[0.9999,-0.0165,-0.0052,0,0.0166,0.9993,0.0342,0,0.0047,-0.0343,0.9994,0,0,0.091,-0.0137,1]},
{"frame":14,"values":[0.9999,-0.0136,-0.0037,0,0.0137,0.9994,0.0331,0,0.0032,-0.0331,0.9994,0,0,0.091,-0.0137,1]},
{"frame":15,"values":[0.9999,-0.0098,-0.002,0,0.0099,0.9994,0.0327,0,0.0016,-0.0327,0.9995,0,0,0.091,-0.0137,1]},
{"frame":16,"values":[1,-0.0064,-0.0001,0,0.0064,0.9994,0.0334,0,-0.0001,-0.0334,0.9994,0,0,0.091,-0.0137,1]},
{"frame":17,"values":[1,-0.0041,0.0016,0,0.0041,0.9994,0.0339,0,-0.0017,-0.0338,0.9994,0,0,0.091,-0.0137,1]},
{"frame":18,"values":[1,-0.0034,0.003,0,0.0033,0.9995,0.0328,0,-0.0031,-0.0328,0.9995,0,0,0.091,-0.0137,1]},
{"frame":19,"values":[1,-0.0038,0.0043,0,0.0037,0.9995,0.0305,0,-0.0044,-0.0305,0.9995,0,0,0.091,-0.0137,1]},
{"frame":20,"values":[1,-0.0046,0.0057,0,0.0044,0.9996,0.0283,0,-0.0058,-0.0282,0.9996,0,0,0.091,-0.0137,1]},
{"frame":21,"values":[1,-0.0041,0.0071,0,0.0039,0.9996,0.027,0,-0.0072,-0.0269,0.9996,0,0,0.091,-0.0137,1]},
{"frame":22,"values":[1,-0.0014,0.008,0,0.0012,0.9996,0.0266,0,-0.008,-0.0266,0.9996,0,0,0.091,-0.0137,1]},
{"frame":23,"values":[1,0.0031,0.0078,0,-0.0033,0.9996,0.0269,0,-0.0078,-0.0269,0.9996,0,0,0.091,-0.0137,1]},
{"frame":24,"values":[0.9999,0.0081,0.0068,0,-0.0083,0.9996,0.028,0,-0.0065,-0.0281,0.9996,0,0,0.091,-0.0137,1]},
{"frame":25,"values":[0.9999,0.0116,0.0053,0,-0.0118,0.9995,0.0303,0,-0.0049,-0.0303,0.9995,0,0,0.091,-0.0137,1]},
{"frame":26,"values":[0.9999,0.0126,0.0039,0,-0.0127,0.9994,0.033,0,-0.0035,-0.033,0.9994,0,0,0.091,-0.0137,1]},
{"frame":27,"values":[0.9999,0.0112,0.0028,0,-0.0113,0.9993,0.0347,0,-0.0024,-0.0348,0.9994,0,0,0.091,-0.0137,1]},
{"frame":28,"values":[1,0.0084,0.0017,0,-0.0084,0.9994,0.0347,0,-0.0015,-0.0347,0.9994,0,0,0.091,-0.0137,1]},
{"frame":29,"values":[1,0.0056,0.0002,0,-0.0056,0.9994,0.0334,0,0,-0.0334,0.9994,0,0,0.091,-0.0137,1]},
{"frame":30,"values":[1,0.0036,-0.002,0,-0.0036,0.9995,0.0321,0,0.0021,-0.032,0.9995,0,0,0.091,-0.0137,1]},
{"frame":31,"values":[1,0.0026,-0.0047,0,-0.0025,0.9995,0.0317,0,0.0048,-0.0317,0.9995,0,0,0.091,-0.0137,1]}]}},
{"name":"mixamorig:Neck","index":4,"matrix":[1,-0.0032,-0.0065,0,0.0031,1,-0.0073,0,0.0065,0.0073,1,0,0,0.1667,-0.0252,1],"rest":[1,0,0,0,0,1,0,0,0,0,1,0,0,0.1667,-0.0252,1],"parentBoneIndex":3,"length":0.0976
,"animation":{"name":"anim","property":"_matrix","dataType":3,"framePerSecond":30,"loopBehavior":1,"keys":[
{"frame":1,"values":[1,-0.0032,-0.0065,0,0.0031,1,-0.0073,0,0.0065,0.0073,1,0,0,0.1667,-0.0252,1]},
{"frame":2,"values":[1,-0.0058,-0.0075,0,0.0058,1,-0.0072,0,0.0076,0.0071,0.9999,0,0,0.1667,-0.0252,1]},
{"frame":3,"values":[0.9999,-0.009,-0.0086,0,0.009,0.9999,-0.0068,0,0.0086,0.0067,0.9999,0,0,0.1667,-0.0252,1]},
{"frame":4,"values":[0.9999,-0.0124,-0.0094,0,0.0124,0.9999,-0.0069,0,0.0095,0.0068,0.9999,0,0,0.1667,-0.0252,1]},
{"frame":5,"values":[0.9998,-0.0147,-0.0101,0,0.0146,0.9999,-0.0083,0,0.0102,0.0081,0.9999,0,0,0.1667,-0.0252,1]},
{"frame":6,"values":[0.9998,-0.0143,-0.0105,0,0.0142,0.9998,-0.0103,0,0.0107,0.0102,0.9999,0,0,0.1667,-0.0252,1]},
{"frame":7,"values":[0.9999,-0.0104,-0.0109,0,0.0102,0.9999,-0.012,0,0.011,0.0118,0.9999,0,0,0.1667,-0.0252,1]},
{"frame":8,"values":[0.9999,-0.0038,-0.0112,0,0.0036,0.9999,-0.0125,0,0.0113,0.0124,0.9999,0,0,0.1667,-0.0252,1]},
{"frame":9,"values":[0.9999,0.0035,-0.0116,0,-0.0036,0.9999,-0.0127,0,0.0116,0.0128,0.9999,0,0,0.1667,-0.0252,1]},
{"frame":10,"values":[0.9999,0.0093,-0.0121,0,-0.0095,0.9999,-0.0141,0,0.012,0.0142,0.9998,0,0,0.1667,-0.0252,1]},
{"frame":11,"values":[0.9998,0.0121,-0.0127,0,-0.0123,0.9998,-0.0167,0,0.0125,0.0169,0.9998,0,0,0.1667,-0.0252,1]},
{"frame":12,"values":[0.9998,0.0111,-0.0135,0,-0.0113,0.9998,-0.0189,0,0.0133,0.019,0.9997,0,0,0.1667,-0.0252,1]},
{"frame":13,"values":[0.9999,0.0068,-0.0143,0,-0.0071,0.9998,-0.0187,0,0.0142,0.0188,0.9997,0,0,0.1667,-0.0252,1]},
{"frame":14,"values":[0.9999,0.0011,-0.0152,0,-0.0013,0.9999,-0.0162,0,0.0151,0.0162,0.9998,0,0,0.1667,-0.0252,1]},
{"frame":15,"values":[0.9999,-0.004,-0.0158,0,0.0038,0.9999,-0.0129,0,0.0158,0.0129,0.9998,0,0,0.1667,-0.0252,1]},
{"frame":16,"values":[0.9999,-0.0069,-0.0157,0,0.0067,0.9999,-0.0108,0,0.0158,0.0107,0.9998,0,0,0.1667,-0.0252,1]},
{"frame":17,"values":[0.9999,-0.0067,-0.0147,0,0.0065,0.9999,-0.0104,0,0.0148,0.0103,0.9998,0,0,0.1667,-0.0252,1]},
{"frame":18,"values":[0.9999,-0.0037,-0.013,0,0.0036,0.9999,-0.0112,0,0.0131,0.0111,0.9999,0,0,0.1667,-0.0252,1]},
{"frame":19,"values":[0.9999,0.0007,-0.0112,0,-0.0008,0.9999,-0.0126,0,0.0112,0.0126,0.9999,0,0,0.1667,-0.0252,1]},
{"frame":20,"values":[0.9999,0.0041,-0.0096,0,-0.0042,0.9999,-0.0145,0,0.0095,0.0146,0.9998,0,0,0.1667,-0.0252,1]},
{"frame":21,"values":[1,0.0039,-0.0083,0,-0.004,0.9999,-0.0167,0,0.0082,0.0168,0.9998,0,0,0.1667,-0.0252,1]},
{"frame":22,"values":[1,-0.0011,-0.0074,0,0.0009,0.9998,-0.0184,0,0.0075,0.0184,0.9998,0,0,0.1667,-0.0252,1]},
{"frame":23,"values":[0.9999,-0.0091,-0.0072,0,0.009,0.9998,-0.0194,0,0.0074,0.0193,0.9998,0,0,0.1667,-0.0252,1]},
{"frame":24,"values":[0.9998,-0.0166,-0.0076,0,0.0165,0.9997,-0.0201,0,0.008,0.0199,0.9998,0,0,0.1667,-0.0252,1]},
{"frame":25,"values":[0.9998,-0.0202,-0.0085,0,0.02,0.9996,-0.021,0,0.0089,0.0208,0.9997,0,0,0.1667,-0.0252,1]},
{"frame":26,"values":[0.9998,-0.0185,-0.0091,0,0.0183,0.9996,-0.0217,0,0.0095,0.0215,0.9997,0,0,0.1667,-0.0252,1]},
{"frame":27,"values":[0.9999,-0.013,-0.0089,0,0.0129,0.9997,-0.0207,0,0.0092,0.0206,0.9997,0,0,0.1667,-0.0252,1]},
{"frame":28,"values":[0.9999,-0.0068,-0.0079,0,0.0067,0.9998,-0.0175,0,0.008,0.0174,0.9998,0,0,0.1667,-0.0252,1]},
{"frame":29,"values":[1,-0.0027,-0.0067,0,0.0026,0.9999,-0.013,0,0.0067,0.013,0.9999,0,0,0.1667,-0.0252,1]},
{"frame":30,"values":[1,-0.0016,-0.0061,0,0.0015,1,-0.0092,0,0.0061,0.0092,0.9999,0,0,0.1667,-0.0252,1]},
{"frame":31,"values":[1,-0.0032,-0.0065,0,0.0031,1,-0.0073,0,0.0065,0.0073,1,0,0,0.1667,-0.0252,1]}]}},
{"name":"mixamorig:Head","index":5,"matrix":[0.9955,0.0144,0.0942,0,-0.007,0.9969,-0.0787,0,-0.095,0.0777,0.9924,0,0,0.0962,0.0168,1],"rest":[1,0,0,0,0,1,0,0,0,0,1,0,0,0.0962,0.0169,1],"parentBoneIndex":4,"length":0.1379
,"animation":{"name":"anim","property":"_matrix","dataType":3,"framePerSecond":30,"loopBehavior":1,"keys":[
{"frame":1,"values":[0.9955,0.0144,0.0942,0,-0.007,0.9969,-0.0787,0,-0.095,0.0777,0.9924,0,0,0.0962,0.0168,1]},
{"frame":2,"values":[0.9963,0.0108,0.085,0,-0.0038,0.9966,-0.082,0,-0.0856,0.0813,0.993,0,0,0.0962,0.0168,1]},
{"frame":3,"values":[0.9971,0.004,0.0764,0,0.0026,0.9963,-0.0855,0,-0.0765,0.0854,0.9934,0,0,0.0962,0.0168,1]},
{"frame":4,"values":[0.9976,-0.0054,0.069,0,0.0117,0.9957,-0.0918,0,-0.0682,0.0924,0.9934,0,0,0.0962,0.0168,1]},
{"frame":5,"values":[0.9979,-0.0142,0.0632,0,0.0206,0.9945,-0.1022,0,-0.0614,0.1033,0.9927,0,0,0.0962,0.0168,1]},
{"frame":6,"values":[0.9981,-0.018,0.0592,0,0.0246,0.9932,-0.1139,0,-0.0568,0.1152,0.9917,0,0,0.0962,0.0168,1]},
{"frame":7,"values":[0.9983,-0.0136,0.0562,0,0.0203,0.9925,-0.1202,0,-0.0542,0.1211,0.9912,0,0,0.0962,0.0168,1]},
{"frame":8,"values":[0.9986,-0.0018,0.053,0,0.008,0.9932,-0.1161,0,-0.0524,0.1163,0.9918,0,0,0.0962,0.0168,1]},
{"frame":9,"values":[0.9987,0.0137,0.0486,0,-0.0085,0.9945,-0.104,0,-0.0498,0.1034,0.9934,0,0,0.0962,0.0168,1]},
{"frame":10,"values":[0.9987,0.0285,0.0425,0,-0.0244,0.9954,-0.093,0,-0.0449,0.0919,0.9948,0,0,0.0962,0.0168,1]},
{"frame":11,"values":[0.9987,0.0384,0.0347,0,-0.0351,0.9952,-0.0913,0,-0.038,0.09,0.9952,0,0,0.0962,0.0168,1]},
{"frame":12,"values":[0.9989,0.0405,0.0256,0,-0.0378,0.9944,-0.0989,0,-0.0295,0.0978,0.9948,0,0,0.0962,0.0168,1]},
{"frame":13,"values":[0.9993,0.034,0.0165,0,-0.032,0.9935,-0.1089,0,-0.0201,0.1083,0.9939,0,0,0.0962,0.0168,1]},
{"frame":14,"values":[0.9997,0.0222,0.009,0,-0.0211,0.9932,-0.1144,0,-0.0114,0.1141,0.9934,0,0,0.0962,0.0168,1]},
{"frame":15,"values":[0.9999,0.0108,0.0055,0,-0.0102,0.9935,-0.1135,0,-0.0067,0.1135,0.9935,0,0,0.0962,0.0168,1]},
{"frame":16,"values":[1,0.0051,0.0084,0,-0.0041,0.994,-0.1094,0,-0.0089,0.1093,0.994,0,0,0.0962,0.0168,1]},
{"frame":17,"values":[0.9998,0.0071,0.0179,0,-0.0052,0.9943,-0.1063,0,-0.0185,0.1062,0.9942,0,0,0.0962,0.0168,1]},
{"frame":18,"values":[0.9994,0.0162,0.0313,0,-0.0127,0.9941,-0.1076,0,-0.0329,0.1072,0.9937,0,0,0.0962,0.0168,1]},
{"frame":19,"values":[0.9986,0.0291,0.045,0,-0.0238,0.9932,-0.1144,0,-0.0481,0.1131,0.9924,0,0,0.0962,0.0168,1]},
{"frame":20,"values":[0.9975,0.0407,0.0573,0,-0.0333,0.9917,-0.1241,0,-0.0619,0.1218,0.9906,0,0,0.0962,0.0168,1]},
{"frame":21,"values":[0.9967,0.045,0.0683,0,-0.0357,0.9907,-0.1313,0,-0.0736,0.1284,0.989,0,0,0.0962,0.0168,1]},
{"frame":22,"values":[0.9962,0.0382,0.0776,0,-0.0278,0.991,-0.1307,0,-0.0819,0.1281,0.9884,0,0,0.0962,0.0168,1]},
{"frame":23,"values":[0.9963,0.0215,0.0831,0,-0.0113,0.9925,-0.1218,0,-0.0851,0.1204,0.9891,0,0,0.0962,0.0168,1]},
{"frame":24,"values":[0.9966,0.0017,0.0825,0,0.0075,0.9939,-0.1105,0,-0.0822,0.1107,0.9905,0,0,0.0962,0.0168,1]},
{"frame":25,"values":[0.9969,-0.0128,0.0776,0,0.0209,0.9944,-0.1039,0,-0.0758,0.1052,0.9916,0,0,0.0962,0.0168,1]},
{"frame":26,"values":[0.9971,-0.0169,0.074,0,0.0245,0.9943,-0.1036,0,-0.0718,0.1052,0.9919,0,0,0.0962,0.0168,1]},
{"frame":27,"values":[0.997,-0.011,0.0765,0,0.019,0.9943,-0.1046,0,-0.0749,0.1057,0.9916,0,0,0.0962,0.0168,1]},
{"frame":28,"values":[0.9964,-0.0004,0.085,0,0.009,0.9948,-0.101,0,-0.0845,0.1014,0.9912,0,0,0.0962,0.0168,1]},
{"frame":29,"values":[0.9955,0.0089,0.0941,0,-0.0001,0.9957,-0.0926,0,-0.0946,0.0922,0.9912,0,0,0.0962,0.0168,1]},
{"frame":30,"values":[0.9951,0.0138,0.0982,0,-0.0056,0.9965,-0.0837,0,-0.099,0.0827,0.9916,0,0,0.0962,0.0168,1]},
{"frame":31,"values":[0.9955,0.0144,0.0942,0,-0.007,0.9969,-0.0787,0,-0.095,0.0777,0.9924,0,0,0.0962,0.0168,1]}]}},
{"name":"mixamorig:HeadTop_End","index":6,"matrix":[1,0,0,0,0,1,0,0,0,0,1,0,0,0.1782,0.0258,1],"rest":[1,0,0,0,0,1,0,0,0,0,1,0,0,0.1782,0.0258,1],"parentBoneIndex":5,"length":0.1379
,"animation":{"name":"anim","property":"_matrix","dataType":3,"framePerSecond":30,"loopBehavior":1,"keys":[
{"frame":1,"values":[1,0,0,0,0,1,0,0,0,0,1,0,0,0.1782,0.0258,1]},
{"frame":31,"values":[1,0,0,0,0,1,0,0,0,0,1,0,0,0.1782,0.0258,1]}]}},
{"name":"mixamorig:LeftEye","index":7,"matrix":[1,0,0,0,0,1,0,0,0,0,1,0,0.0307,0.0641,0.0928,1],"rest":[1,0,0,0,0,1,0,0,0,0,1,0,0.0307,0.0641,0.0928,1],"parentBoneIndex":5,"length":0.1379
,"animation":{"name":"anim","property":"_matrix","dataType":3,"framePerSecond":30,"loopBehavior":1,"keys":[
{"frame":1,"values":[1,0,0,0,0,1,0,0,0,0,1,0,0.0307,0.0641,0.0928,1]},
{"frame":31,"values":[1,0,0,0,0,1,0,0,0,0,1,0,0.0307,0.0641,0.0928,1]}]}},
{"name":"mixamorig:RightEye","index":8,"matrix":[1,0,0,0,0,1,0,0,0,0,1,0,-0.0307,0.0641,0.0928,1],"rest":[1,0,0,0,0,1,0,0,0,0,1,0,-0.0307,0.0641,0.0928,1],"parentBoneIndex":5,"length":0.1379
,"animation":{"name":"anim","property":"_matrix","dataType":3,"framePerSecond":30,"loopBehavior":1,"keys":[
{"frame":1,"values":[1,0,0,0,0,1,0,0,0,0,1,0,-0.0307,0.0641,0.0928,1]},
{"frame":31,"values":[1,0,0,0,0,1,0,0,0,0,1,0,-0.0307,0.0641,0.0928,1]}]}},
{"name":"mixamorig:LeftShoulder","index":9,"matrix":[0.1264,0.9915,0.0294,0,0.9901,-0.1279,0.0578,0,0.061,0.0218,-0.9979,0,0.0457,0.1095,-0.0263,1],"rest":[0,1,0,0,1,0,0,0,0,0,-1,0,0.0457,0.1095,-0.0263,1],"parentBoneIndex":3,"length":0.1084
,"animation":{"name":"anim","property":"_matrix","dataType":3,"framePerSecond":30,"loopBehavior":1,"keys":[
{"frame":1,"values":[0.1264,0.9915,0.0294,0,0.9901,-0.1279,0.0578,0,0.061,0.0218,-0.9979,0,0.0457,0.1095,-0.0263,1]},
{"frame":2,"values":[0.1306,0.991,0.0287,0,0.99,-0.132,0.0503,0,0.0537,0.0219,-0.9983,0,0.0457,0.1095,-0.0263,1]},
{"frame":3,"values":[0.1358,0.9903,0.028,0,0.9897,-0.1369,0.0423,0,0.0457,0.0219,-0.9987,0,0.0457,0.1095,-0.0263,1]},
{"frame":4,"values":[0.1409,0.9896,0.0271,0,0.9893,-0.1418,0.0336,0,0.0371,0.0221,-0.9991,0,0.0457,0.1095,-0.0263,1]},
{"frame":5,"values":[0.1444,0.9892,0.0262,0,0.9891,-0.1451,0.0254,0,0.0289,0.0222,-0.9993,0,0.0457,0.1095,-0.0263,1]},
{"frame":6,"values":[0.145,0.9891,0.0254,0,0.9892,-0.1455,0.019,0,0.0225,0.0223,-0.9995,0,0.0457,0.1095,-0.0263,1]},
{"frame":7,"values":[0.143,0.9894,0.0248,0,0.9895,-0.1434,0.0156,0,0.019,0.0224,-0.9996,0,0.0457,0.1095,-0.0263,1]},
{"frame":8,"values":[0.1396,0.9899,0.0246,0,0.99,-0.14,0.0149,0,0.0182,0.0223,-0.9996,0,0.0457,0.1095,-0.0263,1]},
{"frame":9,"values":[0.136,0.9904,0.0246,0,0.9905,-0.1364,0.0159,0,0.0192,0.0222,-0.9996,0,0.0457,0.1095,-0.0263,1]},
{"frame":10,"values":[0.1329,0.9908,0.0248,0,0.9909,-0.1334,0.0178,0,0.021,0.0222,-0.9995,0,0.0457,0.1095,-0.0263,1]},
{"frame":11,"values":[0.1305,0.9911,0.025,0,0.9912,-0.131,0.0205,0,0.0236,0.0221,-0.9995,0,0.0457,0.1095,-0.0263,1]},
{"frame":12,"values":[0.1291,0.9913,0.0254,0,0.9913,-0.1297,0.0241,0,0.0272,0.0221,-0.9994,0,0.0457,0.1095,-0.0263,1]},
{"frame":13,"values":[0.1294,0.9912,0.0259,0,0.9911,-0.1302,0.0282,0,0.0313,0.022,-0.9993,0,0.0457,0.1095,-0.0263,1]},
{"frame":14,"values":[0.1317,0.9909,0.0265,0,0.9906,-0.1326,0.0324,0,0.0357,0.022,-0.9991,0,0.0457,0.1095,-0.0263,1]},
{"frame":15,"values":[0.1346,0.9905,0.0273,0,0.9901,-0.1355,0.0374,0,0.0408,0.022,-0.9989,0,0.0457,0.1095,-0.0263,1]},
{"frame":16,"values":[0.1354,0.9904,0.0282,0,0.9896,-0.1366,0.0442,0,0.0476,0.0219,-0.9986,0,0.0457,0.1095,-0.0263,1]},
{"frame":17,"values":[0.1327,0.9907,0.0292,0,0.9895,-0.1341,0.0534,0,0.0568,0.0218,-0.9981,0,0.0457,0.1095,-0.0263,1]},
{"frame":18,"values":[0.1267,0.9915,0.0301,0,0.9897,-0.1285,0.0639,0,0.0672,0.0217,-0.9975,0,0.0457,0.1095,-0.0263,1]},
{"frame":19,"values":[0.12,0.9923,0.031,0,0.9897,-0.1221,0.0742,0,0.0774,0.0217,-0.9968,0,0.0457,0.1095,-0.0263,1]},
{"frame":20,"values":[0.1154,0.9928,0.0317,0,0.9896,-0.1176,0.0827,0,0.0858,0.0218,-0.9961,0,0.0457,0.1095,-0.0263,1]},
{"frame":21,"values":[0.1146,0.9929,0.0323,0,0.9892,-0.1171,0.0881,0,0.0912,0.0218,-0.9956,0,0.0457,0.1095,-0.0263,1]},
{"frame":22,"values":[0.1182,0.9925,0.0326,0,0.9887,-0.1207,0.0889,0,0.0921,0.0218,-0.9955,0,0.0457,0.1095,-0.0263,1]},
{"frame":23,"values":[0.1247,0.9917,0.0325,0,0.9884,-0.127,0.0836,0,0.087,0.0216,-0.996,0,0.0457,0.1095,-0.0263,1]},
{"frame":24,"values":[0.1314,0.9908,0.0316,0,0.9884,-0.1334,0.0731,0,0.0766,0.0216,-0.9968,0,0.0457,0.1095,-0.0263,1]},
{"frame":25,"values":[0.1353,0.9903,0.0304,0,0.9887,-0.1369,0.061,0,0.0646,0.0218,-0.9977,0,0.0457,0.1095,-0.0263,1]},
{"frame":26,"values":[0.1349,0.9904,0.0293,0,0.9893,-0.1363,0.0526,0,0.0561,0.0219,-0.9982,0,0.0457,0.1095,-0.0263,1]},
{"frame":27,"values":[0.1309,0.991,0.0288,0,0.9899,-0.1322,0.051,0,0.0543,0.0219,-0.9983,0,0.0457,0.1095,-0.0263,1]},
{"frame":28,"values":[0.126,0.9916,0.029,0,0.9903,-0.1275,0.0548,0,0.0581,0.0218,-0.9981,0,0.0457,0.1095,-0.0263,1]},
{"frame":29,"values":[0.1231,0.992,0.0294,0,0.9904,-0.1246,0.0596,0,0.0628,0.0218,-0.9978,0,0.0457,0.1095,-0.0263,1]},
{"frame":30,"values":[0.1232,0.9919,0.0296,0,0.9903,-0.1249,0.0612,0,0.0644,0.0218,-0.9977,0,0.0457,0.1095,-0.0263,1]},
{"frame":31,"values":[0.1264,0.9915,0.0294,0,0.9901,-0.1279,0.0578,0,0.061,0.0218,-0.9979,0,0.0457,0.1095,-0.0263,1]}]}},
{"name":"mixamorig:LeftArm","index":10,"matrix":[0.3206,0.8713,-0.3715,0,-0.9469,0.2849,-0.1489,0,-0.0239,0.3995,0.9164,0,-0.0052,0.1059,0.0223,1],"rest":[1,0,0,0,0,1,0,0,0,0,1,0,-0.0052,0.1059,0.0223,1],"parentBoneIndex":9,"length":0.2784
,"animation":{"name":"anim","property":"_matrix","dataType":3,"framePerSecond":30,"loopBehavior":1,"keys":[
{"frame":1,"values":[0.3206,0.8713,-0.3715,0,-0.9469,0.2849,-0.1489,0,-0.0239,0.3995,0.9164,0,-0.0052,0.1059,0.0223,1]},
{"frame":2,"values":[0.2884,0.889,-0.3557,0,-0.9571,0.2787,-0.0794,0,0.0285,0.3633,0.9312,0,-0.0052,0.1059,0.0223,1]},
{"frame":3,"values":[0.2583,0.9049,-0.3382,0,-0.9624,0.2716,-0.0084,0,0.0843,0.3277,0.941,0,-0.0052,0.1059,0.0223,1]},
{"frame":4,"values":[0.23,0.9202,-0.3167,0,-0.9632,0.2617,0.0608,0,0.1389,0.2911,0.9466,0,-0.0052,0.1059,0.0223,1]},
{"frame":5,"values":[0.2051,0.9349,-0.2897,0,-0.9608,0.2487,0.1224,0,0.1865,0.2532,0.9493,0,-0.0052,0.1059,0.0223,1]},
{"frame":6,"values":[0.1874,0.9476,-0.2588,0,-0.9567,0.2358,0.1708,0,0.2229,0.2156,0.9507,0,-0.0052,0.1059,0.0223,1]},
{"frame":7,"values":[0.179,0.9568,-0.2291,0,-0.9517,0.2275,0.2064,0,0.2496,0.181,0.9513,0,-0.0052,0.1059,0.0223,1]},
{"frame":8,"values":[0.1779,0.9621,-0.2065,0,-0.9458,0.2251,0.2342,0,0.2718,0.1537,0.95,0,-0.0052,0.1059,0.0223,1]},
{"frame":9,"values":[0.1792,0.9639,-0.1969,0,-0.9395,0.2271,0.2566,0,0.292,0.139,0.9463,0,-0.0052,0.1059,0.0223,1]},
{"frame":10,"values":[0.1821,0.9619,-0.2037,0,-0.9351,0.2335,0.2665,0,0.304,0.142,0.942,0,-0.0052,0.1059,0.0223,1]},
{"frame":11,"values":[0.1912,0.9547,-0.2279,0,-0.9357,0.2474,0.2517,0,0.2967,0.1651,0.9406,0,-0.0052,0.1059,0.0223,1]},
{"frame":12,"values":[0.2117,0.9405,-0.2656,0,-0.941,0.2696,0.2045,0,0.264,0.2067,0.9421,0,-0.0052,0.1059,0.0223,1]},
{"frame":13,"values":[0.2448,0.9187,-0.3098,0,-0.9466,0.2956,0.1289,0,0.21,0.2618,0.942,0,-0.0052,0.1059,0.0223,1]},
{"frame":14,"values":[0.2881,0.8906,-0.352,0,-0.9466,0.3204,0.0359,0,0.1448,0.3228,0.9353,0,-0.0052,0.1059,0.0223,1]},
{"frame":15,"values":[0.339,0.8585,-0.3847,0,-0.9376,0.342,-0.063,0,0.0775,0.3821,0.9209,0,-0.0052,0.1059,0.0223,1]},
{"frame":16,"values":[0.3938,0.8263,-0.4027,0,-0.9191,0.3602,-0.1597,0,0.0131,0.433,0.9013,0,-0.0052,0.1059,0.0223,1]},
{"frame":17,"values":[0.4474,0.7982,-0.4034,0,-0.8931,0.3749,-0.2487,0,-0.0473,0.4715,0.8806,0,-0.0052,0.1059,0.0223,1]},
{"frame":18,"values":[0.4947,0.7775,-0.3882,0,-0.8628,0.386,-0.3264,0,-0.104,0.4964,0.8618,0,-0.0052,0.1059,0.0223,1]},
{"frame":19,"values":[0.5338,0.7633,-0.3639,0,-0.8312,0.3944,-0.3919,0,-0.1556,0.5117,0.845,0,-0.0052,0.1059,0.0223,1]},
{"frame":20,"values":[0.5659,0.7503,-0.3418,0,-0.801,0.4021,-0.4434,0,-0.1953,0.5247,0.8286,0,-0.0052,0.1059,0.0223,1]},
{"frame":21,"values":[0.5925,0.7343,-0.3314,0,-0.7768,0.4117,-0.4765,0,-0.2135,0.5398,0.8143,0,-0.0052,0.1059,0.0223,1]},
{"frame":22,"values":[0.6114,0.717,-0.3349,0,-0.764,0.4245,-0.486,0,-0.2062,0.553,0.8072,0,-0.0052,0.1059,0.0223,1]},
{"frame":23,"values":[0.6177,0.706,-0.3464,0,-0.7655,0.4389,-0.4704,0,-0.1801,0.5558,0.8116,0,-0.0052,0.1059,0.0223,1]},
{"frame":24,"values":[0.608,0.7086,-0.358,0,-0.78,0.4491,-0.4357,0,-0.148,0.5441,0.8258,0,-0.0052,0.1059,0.0223,1]},
{"frame":25,"values":[0.5828,0.7258,-0.3655,0,-0.8035,0.4476,-0.3925,0,-0.1213,0.5224,0.844,0,-0.0052,0.1059,0.0223,1]},
{"frame":26,"values":[0.545,0.7531,-0.3685,0,-0.8318,0.4306,-0.3503,0,-0.1052,0.4974,0.8611,0,-0.0052,0.1059,0.0223,1]},
{"frame":27,"values":[0.4984,0.7855,-0.3669,0,-0.8613,0.4005,-0.3125,0,-0.0985,0.4718,0.8762,0,-0.0052,0.1059,0.0223,1]},
{"frame":28,"values":[0.4477,0.8179,-0.3612,0,-0.8892,0.3646,-0.2766,0,-0.0945,0.445,0.8905,0,-0.0052,0.1059,0.0223,1]},
{"frame":29,"values":[0.3988,0.8452,-0.3557,0,-0.9132,0.3307,-0.2381,0,-0.0836,0.4198,0.9038,0,-0.0052,0.1059,0.0223,1]},
{"frame":30,"values":[0.356,0.8635,-0.3573,0,-0.9325,0.3037,-0.1952,0,-0.0601,0.4027,0.9134,0,-0.0052,0.1059,0.0223,1]},
{"frame":31,"values":[0.3206,0.8713,-0.3715,0,-0.9469,0.2849,-0.1489,0,-0.0239,0.3995,0.9164,0,-0.0052,0.1059,0.0223,1]}]}},
{"name":"mixamorig:LeftForeArm","index":11,"matrix":[1,0,0,0,0,0.9871,-0.1604,0,0,0.1604,0.9871,0,0,0.2784,0,1],"rest":[1,0,0,0,0,1,0,0,0,0,1,0,0,0.2784,0,1],"parentBoneIndex":10,"length":0.2833
,"animation":{"name":"anim","property":"_matrix","dataType":3,"framePerSecond":30,"loopBehavior":1,"keys":[
{"frame":1,"values":[1,0,0,0,0,0.9871,-0.1604,0,0,0.1604,0.9871,0,0,0.2784,0,1]},
{"frame":2,"values":[1,0,0,0,0,0.9919,-0.1271,0,0,0.1271,0.9919,0,0,0.2784,0,1]},
{"frame":3,"values":[1,0,0,0,0,0.9937,-0.1123,0,0,0.1123,0.9937,0,0,0.2784,0,1]},
{"frame":4,"values":[1,0,0,0,0,0.994,-0.1095,0,0,0.1095,0.994,0,0,0.2784,0,1]},
{"frame":5,"values":[1,0,0,0,0,0.9944,-0.1061,0,0,0.1061,0.9944,0,0,0.2784,0,1]},
{"frame":6,"values":[1,0,0,0,0,0.9954,-0.0955,0,0,0.0955,0.9954,0,0,0.2784,0,1]},
{"frame":7,"values":[1,0,0,0,0,0.996,-0.0896,0,0,0.0896,0.996,0,0,0.2784,0,1]},
{"frame":8,"values":[1,0,0,0,0,0.9939,-0.1106,0,0,0.1106,0.9939,0,0,0.2784,0,1]},
{"frame":9,"values":[1,0,0,0,0,0.986,-0.1667,0,0,0.1667,0.986,0,0,0.2784,0,1]},
{"frame":10,"values":[1,0,0,0,0,0.9716,-0.2367,0,0,0.2367,0.9716,0,0,0.2784,0,1]},
{"frame":11,"values":[1,0,0,0,0,0.9592,-0.2829,0,0,0.2829,0.9592,0,0,0.2784,0,1]},
{"frame":12,"values":[1,0,0,0,0,0.9598,-0.2806,0,0,0.2806,0.9598,0,0,0.2784,0,1]},
{"frame":13,"values":[1,0,0,0,0,0.972,-0.2349,0,0,0.2349,0.972,0,0,0.2784,0,1]},
{"frame":14,"values":[1,0,0,0,0,0.9846,-0.1751,0,0,0.1751,0.9846,0,0,0.2784,0,1]},
{"frame":15,"values":[1,0,0,0,0,0.991,-0.1342,0,0,0.1342,0.991,0,0,0.2784,0,1]},
{"frame":16,"values":[1,0,0,0,0,0.9918,-0.1277,0,0,0.1277,0.9918,0,0,0.2784,0,1]},
{"frame":17,"values":[1,0,0,0,0,0.9888,-0.1496,0,0,0.1496,0.9888,0,0,0.2784,0,1]},
{"frame":18,"values":[1,0,0,0,0,0.9828,-0.1844,0,0,0.1844,0.9828,0,0,0.2784,0,1]},
{"frame":19,"values":[1,0,0,0,0,0.975,-0.2223,0,0,0.2223,0.975,0,0,0.2784,0,1]},
{"frame":20,"values":[1,0,0,0,0,0.9644,-0.2644,0,0,0.2644,0.9644,0,0,0.2784,0,1]},
{"frame":21,"values":[1,0,0,0,0,0.9478,-0.3188,0,0,0.3188,0.9478,0,0,0.2784,0,1]},
{"frame":22,"values":[1,0,0,0,0,0.9207,-0.3903,0,0,0.3903,0.9207,0,0,0.2784,0,1]},
{"frame":23,"values":[1,0,0,0,0,0.8809,-0.4734,0,0,0.4734,0.8809,0,0,0.2784,0,1]},
{"frame":24,"values":[1,0,0,0,0,0.8342,-0.5515,0,0,0.5515,0.8342,0,0,0.2784,0,1]},
{"frame":25,"values":[1,0,0,0,0,0.7962,-0.605,0,0,0.605,0.7962,0,0,0.2784,0,1]},
{"frame":26,"values":[1,0,0,0,0,0.7857,-0.6185,0,0,0.6185,0.7857,0,0,0.2784,0,1]},
{"frame":27,"values":[1,0,0,0,0,0.8115,-0.5843,0,0,0.5843,0.8115,0,0,0.2784,0,1]},
{"frame":28,"values":[1,0,0,0,0,0.8635,-0.5043,0,0,0.5043,0.8635,0,0,0.2784,0,1]},
{"frame":29,"values":[1,0,0,0,0,0.9196,-0.3929,0,0,0.3929,0.9196,0,0,0.2784,0,1]},
{"frame":30,"values":[1,0,0,0,0,0.9623,-0.2721,0,0,0.2721,0.9623,0,0,0.2784,0,1]},
{"frame":31,"values":[1,0,0,0,0,0.9871,-0.1604,0,0,0.1604,0.9871,0,0,0.2784,0,1]}]}},
{"name":"mixamorig:LeftHand","index":12,"matrix":[0.8517,-0.3184,0.4162,0,0.2866,0.948,0.1386,0,-0.4386,0.0012,0.8987,0,0,0.2833,0,1],"rest":[1,0,0,0,0,1,0,0,0,0,1,0,0,0.2833,0,1],"parentBoneIndex":11,"length":0.0823
,"animation":{"name":"anim","property":"_matrix","dataType":3,"framePerSecond":30,"loopBehavior":1,"keys":[
{"frame":1,"values":[0.8517,-0.3184,0.4162,0,0.2866,0.948,0.1386,0,-0.4386,0.0012,0.8987,0,0,0.2833,0,1]},
{"frame":2,"values":[0.8673,-0.3122,0.3877,0,0.2781,0.9499,0.1429,0,-0.4129,-0.0161,0.9106,0,0,0.2833,0,1]},
{"frame":3,"values":[0.877,-0.3116,0.3658,0,0.2758,0.9498,0.1478,0,-0.3935,-0.0287,0.9189,0,0,0.2833,0,1]},
{"frame":4,"values":[0.8833,-0.3105,0.3512,0,0.276,0.95,0.1457,0,-0.3789,-0.0317,0.9249,0,0,0.2833,0,1]},
{"frame":5,"values":[0.8891,-0.3033,0.3428,0,0.2737,0.9526,0.1331,0,-0.3669,-0.0245,0.9299,0,0,0.2833,0,1]},
{"frame":6,"values":[0.8953,-0.2916,0.3369,0,0.2661,0.9564,0.1206,0,-0.3573,-0.0183,0.9338,0,0,0.2833,0,1]},
{"frame":7,"values":[0.9004,-0.2856,0.3281,0,0.2557,0.9577,0.1319,0,-0.352,-0.0349,0.9354,0,0,0.2833,0,1]},
{"frame":8,"values":[0.9022,-0.2947,0.3151,0,0.2462,0.9514,0.185,0,-0.3543,-0.0894,0.9309,0,0,0.2833,0,1]},
{"frame":9,"values":[0.8991,-0.3157,0.3033,0,0.2368,0.9334,0.2696,0,-0.3682,-0.1706,0.914,0,0,0.2833,0,1]},
{"frame":10,"values":[0.8913,-0.3372,0.3031,0,0.2258,0.9098,0.3482,0,-0.3931,-0.2419,0.8871,0,0,0.2833,0,1]},
{"frame":11,"values":[0.881,-0.3487,0.3199,0,0.2162,0.8979,0.3834,0,-0.4209,-0.2686,0.8664,0,0,0.2833,0,1]},
{"frame":12,"values":[0.8722,-0.3462,0.3456,0,0.2159,0.9064,0.3631,0,-0.4389,-0.2421,0.8653,0,0,0.2833,0,1]},
{"frame":13,"values":[0.8693,-0.3366,0.362,0,0.2315,0.9243,0.3035,0,-0.4367,-0.18,0.8814,0,0,0.2833,0,1]},
{"frame":14,"values":[0.8715,-0.334,0.359,0,0.2612,0.9358,0.2366,0,-0.415,-0.1125,0.9028,0,0,0.2833,0,1]},
{"frame":15,"values":[0.8725,-0.3432,0.3477,0,0.2934,0.9372,0.1887,0,-0.3907,-0.0627,0.9184,0,0,0.2833,0,1]},
{"frame":16,"values":[0.8676,-0.3554,0.3478,0,0.3162,0.9341,0.1657,0,-0.3837,-0.0338,0.9228,0,0,0.2833,0,1]},
{"frame":17,"values":[0.8569,-0.3616,0.3673,0,0.3265,0.9322,0.156,0,-0.3989,-0.0138,0.9169,0,0,0.2833,0,1]},
{"frame":18,"values":[0.8432,-0.3603,0.399,0,0.33,0.9328,0.1449,0,-0.4244,0.0095,0.9054,0,0,0.2833,0,1]},
{"frame":19,"values":[0.8292,-0.3557,0.4313,0,0.3351,0.9337,0.1257,0,-0.4474,0.0403,0.8934,0,0,0.2833,0,1]},
{"frame":20,"values":[0.8156,-0.3536,0.458,0,0.3469,0.9323,0.1021,0,-0.4631,0.0756,0.8831,0,0,0.2833,0,1]},
{"frame":21,"values":[0.8012,-0.3595,0.4784,0,0.3662,0.9268,0.083,0,-0.4732,0.1087,0.8742,0,0,0.2833,0,1]},
{"frame":22,"values":[0.7856,-0.3759,0.4915,0,0.392,0.9169,0.0749,0,-0.4788,0.1338,0.8677,0,0,0.2833,0,1]},
{"frame":23,"values":[0.7698,-0.4017,0.496,0,0.4212,0.9036,0.078,0,-0.4795,0.1489,0.8648,0,0,0.2833,0,1]},
{"frame":24,"values":[0.7549,-0.4303,0.4948,0,0.4492,0.8891,0.0879,0,-0.4778,0.156,0.8645,0,0,0.2833,0,1]},
{"frame":25,"values":[0.7415,-0.4525,0.4954,0,0.4701,0.8772,0.0976,0,-0.4788,0.1606,0.8631,0,0,0.2833,0,1]},
{"frame":26,"values":[0.732,-0.4602,0.5024,0,0.479,0.872,0.1008,0,-0.4845,0.1669,0.8587,0,0,0.2833,0,1]},
{"frame":27,"values":[0.7322,-0.4505,0.5108,0,0.4728,0.876,0.0948,0,-0.4902,0.1721,0.8545,0,0,0.2833,0,1]},
