{"producer":{"name":"Blender","version":"2.76 (sub 0)","exporter_version":"4.5.1","file":"zed1c.babylon"},
"autoClear":true,"clearColor":[0.0509,0.0509,0.0509],"ambientColor":[0,0,0],"gravity":[0,-9.81,0],
"materials":[{"name":"zed1c.Casual_Male_Lod_1","id":"zed1c.Casual_Male_Lod_1","ambient":[0.8,0.8,0.8],"diffuse":[0.64,0.64,0.64],"specular":[0.05,0.05,0.05],"emissive":[0,0,0],"specularPower":2,"alpha":1,"backFaceCulling":true,"checkReadyOnlyOnce":false, 
"diffuseTexture":{"name":"Zed_new.jpg","level":1,"hasAlpha":1,"coordinatesMode":0,"uOffset":0,"vOffset":0,"uScale":1,"vScale":1,"uAng":0,"vAng":0,"wAng":0,"wrapU":1,"wrapV":1,"coordinatesIndex":0}}],
"multiMaterials":[],
"skeletons":[{"name":"Armature","id":0,"bones":[
{"name":"Zed_Hips","index":0,"matrix":[0.9952,-0.0124,-0.0973,0,0.0036,0.9959,-0.0904,0,-0.098,-0.0896,-0.9911,0,-0.06,1.1638,-0.005,1],"rest":[1,0,0,0,0,0.9857,-0.1685,0,0,-0.1685,-0.9857,0,0,0.9638,-0.0399,1],"parentBoneIndex":-1,"length":0.0936
,"animation":{"dataType":3,"framePerSecond":30,"keys":[
{"frame":1,"values":[0.9952,-0.0124,-0.0973,0,0.0036,0.9959,-0.0904,0,-0.098,-0.0896,-0.9911,0,-0.06,1.1638,-0.005,1]},
{"frame":2,"values":[0.9952,-0.0089,-0.0972,0,0.0003,0.9961,-0.0884,0,-0.0977,-0.088,-0.9913,0,-0.06,1.1638,-0.005,1]},
{"frame":3,"values":[0.995,-0.0141,-0.0989,0,0.0052,0.9959,-0.0899,0,-0.0998,-0.0889,-0.991,0,-0.06,1.1638,-0.005,1]},
{"frame":4,"values":[0.9948,-0.0108,-0.1017,0,0.0015,0.9959,-0.0909,0,-0.1023,-0.0903,-0.9907,0,-0.06,1.1638,-0.005,1]},
{"frame":5,"values":[0.995,-0.0069,-0.0997,0,-0.0023,0.9958,-0.0919,0,-0.0999,-0.0917,-0.9908,0,-0.06,1.1638,-0.005,1]},
{"frame":6,"values":[0.9949,-0.0091,-0.1008,0,-0.0004,0.9956,-0.0932,0,-0.1012,-0.0928,-0.9905,0,-0.06,1.1638,-0.005,1]},
{"frame":7,"values":[0.9952,-0.0108,-0.0977,0,0.0013,0.9954,-0.0962,0,-0.0983,-0.0956,-0.9906,0,-0.06,1.1638,-0.005,1]},
{"frame":8,"values":[0.9954,-0.006,-0.0955,0,-0.0032,0.9954,-0.0957,0,-0.0956,-0.0956,-0.9908,0,-0.06,1.1638,-0.005,1]},
{"frame":9,"values":[0.9957,-0.0108,-0.092,0,0.002,0.9954,-0.0957,0,-0.0926,-0.0951,-0.9912,0,-0.06,1.1638,-0.005,1]},
{"frame":10,"values":[0.9965,-0.0097,-0.0826,0,0.0016,0.9953,-0.0971,0,-0.0831,-0.0966,-0.9918,0,-0.06,1.1638,-0.005,1]},
{"frame":11,"values":[0.9973,-0.013,-0.0725,0,0.0055,0.9947,-0.1026,0,-0.0735,-0.1019,-0.9921,0,-0.06,1.1638,-0.005,1]},
{"frame":12,"values":[0.9979,-0.0136,-0.0629,0,0.0074,0.9952,-0.0975,0,-0.0639,-0.0969,-0.9932,0,-0.06,1.1638,-0.005,1]},
{"frame":13,"values":[0.9968,-0.0178,-0.0777,0,0.0101,0.9951,-0.098,0,-0.0791,-0.0969,-0.9921,0,-0.06,1.1638,-0.005,1]},
{"frame":14,"values":[0.9973,-0.0223,-0.07,0,0.015,0.9946,-0.1027,0,-0.0719,-0.1014,-0.9922,0,-0.06,1.1638,-0.005,1]},
{"frame":15,"values":[0.9976,-0.0151,-0.0672,0,0.0081,0.9946,-0.1039,0,-0.0684,-0.1031,-0.9923,0,-0.06,1.1638,-0.005,1]},
{"frame":16,"values":[0.9966,-0.0197,-0.0798,0,0.0115,0.9947,-0.1021,0,-0.0814,-0.1008,-0.9916,0,-0.06,1.1638,-0.005,1]},
{"frame":17,"values":[0.9969,-0.0142,-0.0771,0,0.0063,0.9947,-0.1026,0,-0.0782,-0.1018,-0.9917,0,-0.06,1.1638,-0.005,1]},
{"frame":18,"values":[0.9952,-0.016,-0.0963,0,0.006,0.9946,-0.1034,0,-0.0974,-0.1023,-0.99,0,-0.06,1.1638,-0.005,1]},
{"frame":19,"values":[0.9952,-0.0153,-0.0962,0,0.005,0.9943,-0.1061,0,-0.0973,-0.1051,-0.9897,0,-0.06,1.1638,-0.005,1]},
{"frame":20,"values":[0.9941,-0.0111,-0.1081,0,-0.0005,0.9944,-0.106,0,-0.1086,-0.1054,-0.9885,0,-0.0611,1.1638,-0.005,1]},
{"frame":21,"values":[0.992,-0.0077,-0.1263,0,-0.0058,0.9944,-0.1058,0,-0.1264,-0.1057,-0.9863,0,-0.0623,1.1638,-0.005,1]},
{"frame":22,"values":[0.9895,-0.0074,-0.144,0,-0.0077,0.9945,-0.104,0,-0.144,-0.1041,-0.9841,0,-0.0635,1.1638,-0.005,1]},
{"frame":23,"values":[0.9892,-0.0077,-0.1463,0,-0.0074,0.9947,-0.1025,0,-0.1463,-0.1025,-0.9839,0,-0.0646,1.1638,-0.005,1]},
{"frame":24,"values":[0.9879,-0.0153,-0.1544,0,-0.0004,0.9948,-0.1014,0,-0.1551,-0.1003,-0.9828,0,-0.0658,1.1638,-0.005,1]},
{"frame":25,"values":[0.9884,-0.0122,-0.1514,0,-0.0031,0.9949,-0.1007,0,-0.1519,-0.1,-0.9833,0,-0.0669,1.1638,-0.005,1]},
{"frame":26,"values":[0.99,-0.0163,-0.14,0,0.0022,0.9949,-0.1006,0,-0.1409,-0.0993,-0.985,0,-0.0681,1.1638,-0.005,1]},
{"frame":27,"values":[0.9864,-0.0153,-0.1634,0,0.0003,0.9958,-0.0913,0,-0.1642,-0.09,-0.9823,0,-0.0692,1.1633,-0.008,1]},
{"frame":28,"values":[0.9888,-0.0155,-0.1487,0,0.0024,0.9961,-0.0883,0,-0.1495,-0.0869,-0.9849,0,-0.0704,1.1628,-0.011,1]},
{"frame":29,"values":[0.9916,-0.0186,-0.128,0,0.0073,0.9961,-0.0882,0,-0.1292,-0.0866,-0.9878,0,-0.0716,1.1623,-0.014,1]},
{"frame":30,"values":[0.993,-0.0162,-0.1174,0,0.0059,0.9961,-0.0878,0,-0.1184,-0.0865,-0.9892,0,-0.0727,1.1618,-0.017,1]},
{"frame":31,"values":[0.9949,-0.0201,-0.0991,0,0.0114,0.9961,-0.0876,0,-0.1005,-0.0861,-0.9912,0,-0.0739,1.1613,-0.02,1]},
{"frame":32,"values":[0.9965,-0.0197,-0.0813,0,0.0122,0.9957,-0.0919,0,-0.0827,-0.0905,-0.9924,0,-0.075,1.1607,-0.023,1]},
{"frame":33,"values":[0.998,-0.0217,-0.06,0,0.0162,0.9958,-0.0901,0,-0.0617,-0.089,-0.9941,0,-0.0762,1.1602,-0.026,1]},
{"frame":34,"values":[0.9987,-0.0246,-0.0455,0,0.0205,0.9959,-0.0884,0,-0.0475,-0.0873,-0.995,0,-0.0774,1.1597,-0.029,1]},
{"frame":35,"values":[0.9991,-0.0295,-0.0308,0,0.0266,0.9955,-0.0912,0,-0.0334,-0.0903,-0.9954,0,-0.0785,1.1592,-0.032,1]},
{"frame":36,"values":[0.9994,-0.028,-0.0193,0,0.0262,0.9955,-0.0907,0,-0.0217,-0.0902,-0.9957,0,-0.0797,1.1587,-0.035,1]},
{"frame":37,"values":[0.9994,-0.033,-0.0104,0,0.0319,0.9954,-0.0903,0,-0.0133,-0.0899,-0.9959,0,-0.0808,1.1582,-0.038,1]},
{"frame":38,"values":[0.9992,-0.0386,-0.0067,0,0.0378,0.9951,-0.0916,0,-0.0102,-0.0912,-0.9958,0,-0.082,1.1577,-0.041,1]},
{"frame":39,"values":[0.9992,-0.0382,-0.0094,0,0.0372,0.995,-0.0929,0,-0.0129,-0.0925,-0.9956,0,-0.0832,1.1562,-0.0496,1]},
{"frame":40,"values":[0.9992,-0.0362,-0.0179,0,0.0343,0.9948,-0.0963,0,-0.0212,-0.0956,-0.9952,0,-0.0788,1.1565,-0.0584,1]},
{"frame":41,"values":[0.9993,-0.0327,-0.0156,0,0.031,0.9946,-0.0994,0,-0.0187,-0.0989,-0.9949,0,-0.0743,1.1568,-0.0673,1]},
{"frame":42,"values":[0.9993,-0.0303,-0.0207,0,0.028,0.9943,-0.1027,0,-0.0237,-0.102,-0.9945,0,-0.0699,1.1571,-0.0761,1]},
{"frame":43,"values":[0.999,-0.0364,-0.0247,0,0.0335,0.9934,-0.1095,0,-0.0285,-0.1086,-0.9937,0,-0.0655,1.1574,-0.085,1]},
{"frame":44,"values":[0.9992,-0.0311,-0.0269,0,0.0277,0.9925,-0.119,0,-0.0304,-0.1182,-0.9925,0,-0.0611,1.1578,-0.0938,1]},
{"frame":45,"values":[0.9988,-0.0335,-0.0345,0,0.0288,0.9913,-0.1286,0,-0.0385,-0.1275,-0.9911,0,-0.0567,1.1581,-0.1027,1]},
{"frame":46,"values":[0.9989,-0.0295,-0.0375,0,0.0241,0.9904,-0.1363,0,-0.0411,-0.1353,-0.99,0,-0.0523,1.1584,-0.1115,1]},
{"frame":47,"values":[0.9983,-0.0353,-0.046,0,0.0285,0.9895,-0.1418,0,-0.0505,-0.1402,-0.9888,0,-0.0479,1.1587,-0.1204,1]},
{"frame":48,"values":[0.9982,-0.0397,-0.0444,0,0.0325,0.9879,-0.1518,0,-0.0499,-0.1501,-0.9874,0,-0.0435,1.159,-0.1292,1]},
{"frame":49,"values":[0.9977,-0.0434,-0.0522,0,0.0344,0.9862,-0.1619,0,-0.0585,-0.1597,-0.9854,0,-0.0391,1.1578,-0.1468,1]},
{"frame":50,"values":[0.9977,-0.0453,-0.0504,0,0.0365,0.9858,-0.164,0,-0.0571,-0.1618,-0.9852,0,-0.0347,1.1566,-0.1644,1]},
{"frame":51,"values":[0.9972,-0.0486,-0.0572,0,0.0385,0.9853,-0.1663,0,-0.0645,-0.1636,-0.9844,0,-0.0303,1.1555,-0.1819,1]},
{"frame":52,"values":[0.9964,-0.0558,-0.0633,0,0.0441,0.9839,-0.1731,0,-0.0719,-0.1697,-0.9829,0,-0.017,1.1543,-0.1995,1]},
{"frame":53,"values":[0.9959,-0.0623,-0.0655,0,0.0496,0.9824,-0.1798,0,-0.0755,-0.1758,-0.9815,0,-0.0038,1.1518,-0.2249,1]},
{"frame":54,"values":[0.9969,-0.0604,-0.0496,0,0.0501,0.981,-0.1873,0,-0.06,-0.1843,-0.981,0,0.0094,1.1492,-0.2503,1]},
{"frame":55,"values":[0.9983,-0.0518,-0.0272,0,0.0454,0.9792,-0.1975,0,-0.0369,-0.196,-0.9799,0,0.0227,1.1467,-0.2757,1]},
{"frame":56,"values":[0.9991,-0.0397,0.0119,0,0.0413,0.9783,-0.2032,0,0.0035,-0.2036,-0.9791,0,0.0359,1.1477,-0.3125,1]},
{"frame":57,"values":[0.9983,-0.0157,0.0565,0,0.0268,0.979,-0.2023,0,0.0521,-0.2034,-0.9777,0,0.0491,1.1487,-0.3493,1]},
{"frame":58,"values":[0.9933,0.0141,0.1151,0,0.0091,0.9801,-0.1981,0,0.1156,-0.1978,-0.9734,0,0.0624,1.1496,-0.386,1]},
{"frame":59,"values":[0.9887,0.033,0.1462,0,-0.0047,0.9818,-0.1898,0,0.1499,-0.187,-0.9709,0,0.0756,1.1506,-0.4228,1]},
{"frame":60,"values":[0.9846,0.0617,0.1636,0,-0.0313,0.9827,-0.1828,0,0.172,-0.1749,-0.9694,0,0.0889,1.1516,-0.4596,1]},
{"frame":61,"values":[0.9793,0.0905,0.1809,0,-0.0577,0.9821,-0.1791,0,0.1939,-0.1649,-0.9671,0,0.0967,1.1526,-0.4964,1]},
{"frame":62,"values":[0.9749,0.1102,0.1936,0,-0.0753,0.9809,-0.1791,0,0.2097,-0.1601,-0.9646,0,0.1045,1.1575,-0.5338,1]},
{"frame":63,"values":[0.9707,0.1208,0.2079,0,-0.0838,0.9804,-0.1786,0,0.2254,-0.1559,-0.9617,0,0.1124,1.1625,-0.5713,1]},
{"frame":64,"values":[0.9685,0.1253,0.215,0,-0.0858,0.9791,-0.1842,0,0.2336,-0.16,-0.9591,0,0.1202,1.1674,-0.6088,1]},
{"frame":65,"values":[0.9687,0.1229,0.2156,0,-0.0835,0.9795,-0.1831,0,0.2337,-0.1594,-0.9592,0,0.1281,1.1724,-0.6462,1]},
{"frame":66,"values":[0.9705,0.1202,0.2089,0,-0.0805,0.9787,-0.1891,0,0.2271,-0.1667,-0.9595,0,0.1359,1.1773,-0.6837,1]},
{"frame":67,"values":[0.969,0.1307,0.2097,0,-0.0899,0.9769,-0.1937,0,0.2302,-0.1689,-0.9584,0,0.1438,1.1812,-0.7274,1]},
{"frame":68,"values":[0.9679,0.1356,0.2116,0,-0.0934,0.9758,-0.1978,0,0.2333,-0.1716,-0.9571,0,0.1483,1.1774,-0.7697,1]},
{"frame":69,"values":[0.9647,0.1461,0.2193,0,-0.1019,0.9743,-0.2011,0,0.243,-0.1717,-0.9547,0,0.1529,1.1737,-0.8121,1]},
{"frame":70,"values":[0.9581,0.1531,0.2422,0,-0.1048,0.974,-0.2011,0,0.2667,-0.1673,-0.9492,0,0.1575,1.1699,-0.8545,1]},
{"frame":71,"values":[0.9512,0.1572,0.2654,0,-0.1043,0.9736,-0.203,0,0.2903,-0.1655,-0.9425,0,0.162,1.1661,-0.8968,1]},
{"frame":72,"values":[0.9542,0.1526,0.2572,0,-0.1033,0.9752,-0.1955,0,0.2807,-0.16,-0.9464,0,0.1666,1.1599,-0.9535,1]},
{"frame":73,"values":[0.9555,0.1452,0.2567,0,-0.097,0.9767,-0.1916,0,0.2785,-0.1582,-0.9473,0,0.1712,1.1537,-1.0102,1]},
{"frame":74,"values":[0.9639,0.1137,0.2409,0,-0.0728,0.9823,-0.1725,0,0.2562,-0.1487,-0.9551,0,0.1757,1.1575,-1.0686,1]},
{"frame":75,"values":[0.9707,0.0892,0.2232,0,-0.0552,0.9865,-0.1545,0,0.234,-0.1376,-0.9624,0,0.1779,1.1612,-1.1269,1]},
{"frame":76,"values":[0.9728,0.0664,0.2219,0,-0.0385,0.9911,-0.1276,0,0.2284,-0.1156,-0.9667,0,0.1801,1.1649,-1.1853,1]},
{"frame":77,"values":[0.9763,0.0365,0.2134,0,-0.0126,0.9936,-0.1125,0,0.2161,-0.1071,-0.9705,0,0.1823,1.1696,-1.2382,1]},
{"frame":78,"values":[0.9824,0.0272,0.185,0,-0.0083,0.9947,-0.102,0,0.1868,-0.0987,-0.9774,0,0.1845,1.1743,-1.291,1]},
{"frame":79,"values":[0.9867,0.0045,0.1626,0,0.0104,0.9958,-0.0905,0,0.1623,-0.091,-0.9825,0,0.1867,1.1789,-1.3438,1]},
{"frame":80,"values":[0.9895,-0.0008,0.1442,0,0.0141,0.9958,-0.0909,0,0.1435,-0.092,-0.9854,0,0.1888,1.1771,-1.3956,1]},
{"frame":81,"values":[0.9923,-0.0218,0.1216,0,0.0322,0.9959,-0.0843,0,0.1193,-0.0876,-0.989,0,0.191,1.1753,-1.4473,1]},
{"frame":82,"values":[0.994,-0.0378,0.1023,0,0.0463,0.9955,-0.0822,0,0.0987,-0.0865,-0.9914,0,0.1932,1.1735,-1.499,1]},
{"frame":83,"values":[0.9962,-0.0475,0.0727,0,0.0544,0.9939,-0.0964,0,0.0677,-0.1,-0.9927,0,0.1954,1.1716,-1.5508,1]},
{"frame":84,"values":[0.9981,-0.053,0.0306,0,0.0561,0.9922,-0.1112,0,0.0244,-0.1128,-0.9933,0,0.1976,1.1698,-1.6025,1]},
{"frame":85,"values":[0.9981,-0.0522,-0.0341,0,0.0475,0.9908,-0.1266,0,-0.0404,-0.1248,-0.9914,0,0.1997,1.168,-1.6542,1]},
{"frame":86,"values":[0.9944,-0.0621,-0.0851,0,0.0499,0.9892,-0.138,0,-0.0927,-0.133,-0.9868,0,0.2019,1.1662,-1.7059,1]},
{"frame":87,"values":[0.9898,-0.0631,-0.1278,0,0.0452,0.9894,-0.1383,0,-0.1352,-0.1311,-0.9821,0,0.2041,1.163,-1.7652,1]},
{"frame":88,"values":[0.9869,-0.064,-0.148,0,0.0441,0.99,-0.134,0,-0.155,-0.1257,-0.9799,0,0.2063,1.1599,-1.8244,1]},
{"frame":89,"values":[0.9849,-0.056,-0.1639,0,0.0372,0.9926,-0.1153,0,-0.1691,-0.1075,-0.9797,0,0.2085,1.1623,-1.8846,1]},
{"frame":90,"values":[0.9834,-0.0263,-0.1796,0,0.0081,0.9948,-0.1014,0,-0.1814,-0.0982,-0.9785,0,0.2106,1.1647,-1.9448,1]},
{"frame":91,"values":[0.9775,0.002,-0.2109,0,-0.0194,0.9966,-0.0806,0,-0.2101,-0.0829,-0.9742,0,0.2128,1.1671,-2.005,1]},
{"frame":92,"values":[0.9749,0.0477,-0.2176,0,-0.0616,0.9964,-0.0578,0,-0.214,-0.0697,-0.9743,0,0.2101,1.1708,-2.0576,1]},
{"frame":93,"values":[0.9784,0.0587,-0.1984,0,-0.0691,0.9966,-0.0457,0,-0.195,-0.0584,-0.9791,0,0.2073,1.1745,-2.1103,1]},
{"frame":94,"values":[0.9812,0.0656,-0.1815,0,-0.0747,0.9963,-0.0437,0,-0.178,-0.0564,-0.9824,0,0.2046,1.1782,-2.1629,1]},
{"frame":95,"values":[0.9825,0.0846,-0.1659,0,-0.0925,0.9949,-0.0406,0,-0.1616,-0.0552,-0.9853,0,0.2018,1.1819,-2.2156,1]},
{"frame":96,"values":[0.9838,0.0951,-0.1523,0,-0.102,0.994,-0.0383,0,-0.1477,-0.0533,-0.9876,0,0.199,1.1795,-2.2672,1]},
{"frame":97,"values":[0.9859,0.0949,-0.1378,0,-0.1015,0.994,-0.0413,0,-0.1331,-0.0547,-0.9896,0,0.1963,1.1771,-2.3188,1]},
{"frame":98,"values":[0.987,0.1127,-0.1147,0,-0.1186,0.9919,-0.0462,0,-0.1085,-0.0592,-0.9923,0,0.1935,1.1748,-2.3704,1]},
{"frame":99,"values":[0.9881,0.1175,-0.0994,0,-0.1233,0.9909,-0.0538,0,-0.0922,-0.0654,-0.9936,0,0.1856,1.1724,-2.422,1]},
{"frame":100,"values":[0.9903,0.1157,-0.0772,0,-0.1208,0.9905,-0.0656,0,-0.0689,-0.0743,-0.9949,0,0.1777,1.17,-2.4736,1]},
{"frame":101,"values":[0.9927,0.1078,-0.0537,0,-0.1115,0.9912,-0.071,0,-0.0456,-0.0764,-0.996,0,0.1698,1.1677,-2.5252,1]},
{"frame":102,"values":[0.9935,0.1047,-0.0453,0,-0.1077,0.9918,-0.0688,0,-0.0378,-0.0732,-0.9966,0,0.1619,1.1638,-2.5853,1]},
{"frame":103,"values":[0.9936,0.1068,-0.037,0,-0.1088,0.9925,-0.0563,0,-0.0307,-0.06,-0.9977,0,0.154,1.16,-2.6454,1]},
{"frame":104,"values":[0.9959,0.0901,-0.008,0,-0.0904,0.9943,-0.0567,0,-0.0028,-0.0572,-0.9984,0,0.1461,1.1643,-2.7069,1]},
{"frame":105,"values":[0.9989,0.0445,-0.0163,0,-0.0453,0.9976,-0.0517,0,-0.014,-0.0524,-0.9985,0,0.1382,1.1686,-2.7684,1]},
{"frame":106,"values":[0.9993,0.0322,-0.0191,0,-0.0328,0.9988,-0.0357,0,-0.0179,-0.0363,-0.9992,0,0.1303,1.1729,-2.8299,1]},
{"frame":107,"values":[0.9999,-0.0116,-0.0025,0,0.0115,0.9995,-0.0311,0,-0.0029,-0.0311,-0.9995,0,0.1224,1.1784,-2.8846,1]},
{"frame":108,"values":[0.9996,-0.028,-0.0081,0,0.0277,0.9991,-0.0324,0,-0.009,-0.0322,-0.9994,0,0.1145,1.1838,-2.9393,1]},
{"frame":109,"values":[0.9992,-0.038,-0.0144,0,0.0375,0.9987,-0.0338,0,-0.0156,-0.0332,-0.9993,0,0.1066,1.1893,-2.994,1]},
{"frame":110,"values":[0.9984,-0.0522,-0.0202,0,0.0515,0.9981,-0.0327,0,-0.0219,-0.0316,-0.9993,0,0.0987,1.1948,-3.0487,1]},
{"frame":111,"values":[0.9972,-0.0672,-0.0331,0,0.0657,0.9969,-0.0435,0,-0.0359,-0.0412,-0.9985,0,0.0908,1.1915,-3.1019,1]},
{"frame":112,"values":[0.9968,-0.0713,-0.0357,0,0.0695,0.9963,-0.0509,0,-0.0392,-0.0483,-0.9981,0,0.0902,1.1881,-3.1551,1]},
{"frame":113,"values":[0.9954,-0.0776,-0.056,0,0.074,0.9953,-0.0632,0,-0.0606,-0.0588,-0.9964,0,0.0895,1.1848,-3.2083,1]},
{"frame":114,"values":[0.9925,-0.0937,-0.078,0,0.0871,0.9926,-0.0843,0,-0.0853,-0.0769,-0.9934,0,0.0889,1.1815,-3.2615,1]},
{"frame":115,"values":[0.9907,-0.0891,-0.1025,0,0.0783,0.9914,-0.1048,0,-0.1109,-0.0958,-0.9892,0,0.0882,1.1782,-3.3147,1]},
{"frame":116,"values":[0.9864,-0.1013,-0.1292,0,0.0856,0.9889,-0.1215,0,-0.14,-0.1088,-0.9842,0,0.0876,1.1749,-3.3678,1]},
{"frame":117,"values":[0.9826,-0.0975,-0.1582,0,0.0766,0.9882,-0.1328,0,-0.1693,-0.1184,-0.9784,0,0.087,1.1703,-3.4285,1]},
{"frame":118,"values":[0.9808,-0.0976,-0.1691,0,0.0748,0.9878,-0.1364,0,-0.1804,-0.1212,-0.9761,0,0.0863,1.1657,-3.4891,1]},
{"frame":119,"values":[0.9826,-0.0884,-0.1636,0,0.0684,0.9899,-0.1238,0,-0.1729,-0.1105,-0.9787,0,0.0857,1.1679,-3.5508,1]},
{"frame":120,"values":[0.9877,-0.0595,-0.1447,0,0.0454,0.9941,-0.0989,0,-0.1497,-0.0911,-0.9845,0,0.085,1.1701,-3.6126,1]},
{"frame":121,"values":[0.9893,-0.0458,-0.1386,0,0.0352,0.9963,-0.0784,0,-0.1417,-0.0727,-0.9872,0,0.0844,1.1724,-3.6743,1]},
{"frame":122,"values":[0.99,-0.0016,-0.1408,0,-0.0063,0.9984,-0.0559,0,-0.1407,-0.0562,-0.9885,0,0.0837,1.1746,-3.7361,1]},
{"frame":123,"values":[0.9911,0.038,-0.1274,0,-0.0434,0.9982,-0.0404,0,-0.1257,-0.0456,-0.991,0,0.0831,1.1784,-3.7885,1]},
{"frame":124,"values":[0.9928,0.0517,-0.1083,0,-0.0556,0.9979,-0.0338,0,-0.1063,-0.0396,-0.9935,0,0.0825,1.1822,-3.8409,1]},
{"frame":125,"values":[0.9938,0.0586,-0.0949,0,-0.0611,0.9979,-0.0234,0,-0.0934,-0.0291,-0.9952,0,0.0818,1.186,-3.8932,1]},
{"frame":126,"values":[0.9949,0.0714,-0.0707,0,-0.0731,0.9971,-0.0214,0,-0.0689,-0.0265,-0.9973,0,0.0812,1.184,-3.9446,1]},
{"frame":127,"values":[0.9935,0.1066,-0.0392,0,-0.1075,0.9939,-0.0234,0,-0.0365,-0.0274,-0.999,0,0.0751,1.182,-3.996,1]},
{"frame":128,"values":[0.9944,0.1054,-0.0118,0,-0.1057,0.994,-0.0264,0,-0.009,-0.0275,-0.9996,0,0.0691,1.18,-4.0474,1]},
{"frame":129,"values":[0.9938,0.1105,0.0099,0,-0.1099,0.9929,-0.0449,0,0.0148,-0.0435,-0.9989,0,0.063,1.1779,-4.0988,1]},
{"frame":130,"values":[0.9942,0.0999,0.0398,0,-0.0974,0.9934,-0.0607,0,0.0456,-0.0565,-0.9974,0,0.057,1.1759,-4.1501,1]},
{"frame":131,"values":[0.9902,0.1172,0.0761,0,-0.1114,0.9908,-0.0773,0,0.0845,-0.0681,-0.9941,0,0.0509,1.1739,-4.2015,1]},
{"frame":132,"values":[0.9855,0.1368,0.1004,0,-0.1282,0.9879,-0.0874,0,0.1111,-0.0733,-0.9911,0,0.0449,1.1707,-4.2595,1]},
{"frame":133,"values":[0.9913,0.1054,0.0791,0,-0.099,0.9918,-0.0808,0,0.087,-0.0722,-0.9936,0,0.0389,1.1676,-4.3175,1]},
{"frame":134,"values":[0.9884,0.1244,0.0872,0,-0.1174,0.9898,-0.0811,0,0.0964,-0.07,-0.9929,0,0.0328,1.1644,-4.3755,1]},
{"frame":135,"values":[0.9912,0.0931,0.0937,0,-0.087,0.9939,-0.0671,0,0.0994,-0.0583,-0.9933,0,0.0268,1.17,-4.435,1]},
{"frame":136,"values":[0.9918,0.0825,0.0972,0,-0.0771,0.9953,-0.0583,0,0.1015,-0.0503,-0.9936,0,0.0207,1.1756,-4.4944,1]},
{"frame":137,"values":[0.995,0.016,0.0983,0,-0.0116,0.9989,-0.0444,0,0.0989,-0.043,-0.9942,0,0.0147,1.1812,-4.5539,1]},
{"frame":138,"values":[0.9947,-0.009,0.1028,0,0.0128,0.9992,-0.0368,0,0.1024,-0.0379,-0.994,0,0.0086,1.1868,-4.6134,1]},
{"frame":139,"values":[0.9963,0.0059,0.0862,0,-0.0019,0.9989,-0.046,0,0.0864,-0.0456,-0.9952,0,0.0026,1.1941,-4.6631,1]},
{"frame":140,"values":[0.9983,0.0024,0.0585,0,0.0001,0.9991,-0.0431,0,0.0586,-0.043,-0.9974,0,-0.0035,1.2014,-4.7129,1]},
{"frame":141,"values":[0.9998,-0.0138,0.0169,0,0.0146,0.9989,-0.0446,0,0.0163,-0.0449,-0.9989,0,-0.0047,1.2029,-4.7616,1]},
{"frame":142,"values":[0.9992,-0.0302,-0.0246,0,0.0288,0.998,-0.0564,0,-0.0263,-0.0557,-0.9981,0,-0.006,1.2043,-4.8104,1]},
{"frame":143,"values":[0.9979,-0.03,-0.0576,0,0.0261,0.9973,-0.0682,0,-0.0595,-0.0665,-0.996,0,-0.0072,1.2058,-4.8592,1]},
{"frame":144,"values":[0.9949,-0.0247,-0.0983,0,0.0173,0.997,-0.0755,0,-0.0998,-0.0734,-0.9923,0,-0.0084,1.2073,-4.9079,1]},
{"frame":145,"values":[0.9849,-0.0664,-0.16,0,0.0547,0.9956,-0.0768,0,-0.1644,-0.0668,-0.9841,0,-0.0097,1.2088,-4.9567,1]},
{"frame":146,"values":[0.9775,-0.0739,-0.1977,0,0.0551,0.9935,-0.0993,0,-0.2038,-0.0862,-0.9752,0,-0.0109,1.2103,-5.0054,1]},
{"frame":147,"values":[0.9727,-0.0444,-0.2279,0,0.0195,0.9937,-0.1103,0,-0.2313,-0.1029,-0.9674,0,-0.0122,1.2044,-5.0563,1]},
{"frame":148,"values":[0.9646,-0.0549,-0.2579,0,0.0257,0.993,-0.1151,0,-0.2625,-0.1044,-0.9593,0,-0.0134,1.1986,-5.1072,1]},
{"frame":149,"values":[0.9651,-0.0528,-0.2566,0,0.0255,0.9938,-0.1085,0,-0.2607,-0.0982,-0.9604,0,-0.0147,1.1928,-5.1581,1]},
{"frame":150,"values":[0.9623,-0.0555,-0.2661,0,0.0323,0.9954,-0.0906,0,-0.2699,-0.0786,-0.9597,0,-0.0159,1.187,-5.209,1]},
{"frame":151,"values":[0.9618,-0.0294,-0.272,0,0.0124,0.9979,-0.0642,0,-0.2733,-0.0584,-0.9601,0,-0.0172,1.1812,-5.2599,1]},
{"frame":152,"values":[0.9575,0.0064,-0.2884,0,-0.0175,0.9992,-0.036,0,-0.2879,-0.0395,-0.9568,0,-0.0184,1.1808,-5.3117,1]},
{"frame":153,"values":[0.9517,0.0548,-0.3022,0,-0.0592,0.9982,-0.0054,0,-0.3014,-0.023,-0.9532,0,-0.0197,1.1804,-5.3636,1]},
{"frame":154,"values":[0.9509,0.0785,-0.2994,0,-0.0795,0.9968,0.009,0,-0.2992,-0.0152,-0.9541,0,-0.026,1.1822,-5.4027,1]},
{"frame":155,"values":[0.9525,0.09,-0.2908,0,-0.0876,0.9959,0.0211,0,-0.2915,-0.0054,-0.9565,0,-0.0324,1.184,-5.4419,1]},
{"frame":156,"values":[0.9534,0.0769,-0.2918,0,-0.0746,0.997,0.0191,0,-0.2924,-0.0036,-0.9563,0,-0.0387,1.1857,-5.481,1]},
{"frame":157,"values":[0.9549,0.0356,-0.2947,0,-0.0341,0.9994,0.0102,0,-0.2949,-0.0003,-0.9555,0,-0.0451,1.1875,-5.5202,1]},
{"frame":158,"values":[0.9632,0.1219,-0.2395,0,-0.1195,0.9925,0.0248,0,-0.2407,-0.0048,-0.9706,0,-0.0514,1.1893,-5.5593,1]},
{"frame":159,"values":[0.9681,0.106,-0.2269,0,-0.1046,0.9944,0.0181,0,-0.2275,-0.0062,-0.9738,0,-0.0578,1.1911,-5.5984,1]},
{"frame":160,"values":[0.9705,0.1197,-0.2093,0,-0.1192,0.9928,0.0148,0,-0.2095,-0.0106,-0.9777,0,-0.0641,1.1929,-5.6376,1]},
{"frame":180,"values":[0.9705,0.1197,-0.2093,0,-0.1192,0.9928,0.0148,0,-0.2095,-0.0106,-0.9777,0,-0.0641,1.1929,-5.6376,1]}],"loopBehavior":1,"name":"anim","property":"_matrix"}},
{"name":"Zed_Spine","index":1,"matrix":[0.9984,-0.0519,0.0211,0,0.0498,0.9949,0.0875,0,-0.0255,-0.0864,0.9959,0,0,0.0936,0,1],"rest":[1,0,0,0,0,0.9839,-0.1785,0,0,0.1785,0.9839,0,0,0.0936,0,1],"parentBoneIndex":0,"length":0.1625
,"animation":{"dataType":3,"framePerSecond":30,"keys":[
{"frame":1,"values":[0.9984,-0.0519,0.0211,0,0.0498,0.9949,0.0875,0,-0.0255,-0.0864,0.9959,0,0,0.0936,0,1]},
{"frame":2,"values":[0.998,-0.0566,0.0267,0,0.0536,0.9934,0.1018,0,-0.0323,-0.1002,0.9944,0,0,0.0936,0,1]},
{"frame":3,"values":[0.9986,-0.0492,0.02,0,0.0469,0.9937,0.102,0,-0.0249,-0.101,0.9946,0,0,0.0936,0,1]},
{"frame":4,"values":[0.9982,-0.0557,0.0205,0,0.053,0.9921,0.1135,0,-0.0267,-0.1122,0.9933,0,0,0.0936,0,1]},
{"frame":5,"values":[0.9978,-0.0591,0.0294,0,0.056,0.9938,0.096,0,-0.0348,-0.0942,0.9949,0,0,0.0936,0,1]},
{"frame":6,"values":[0.9981,-0.0574,0.0243,0,0.0545,0.993,0.1051,0,-0.0302,-0.1036,0.9942,0,0,0.0936,0,1]},
{"frame":7,"values":[0.9981,-0.0551,0.0286,0,0.0522,0.9943,0.0926,0,-0.0336,-0.091,0.9953,0,0,0.0936,0,1]},
{"frame":8,"values":[0.9979,-0.0598,0.0265,0,0.0566,0.9923,0.1104,0,-0.0329,-0.1087,0.9935,0,0,0.0936,0,1]},
{"frame":9,"values":[0.9976,-0.0604,0.0333,0,0.0569,0.9935,0.0987,0,-0.039,-0.0966,0.9946,0,0,0.0936,0,1]},
{"frame":10,"values":[0.9975,-0.0612,0.0363,0,0.0573,0.9933,0.1003,0,-0.0422,-0.0979,0.9943,0,0,0.0936,0,1]},
{"frame":11,"values":[0.9972,-0.0604,0.0434,0,0.0561,0.9939,0.0944,0,-0.0489,-0.0917,0.9946,0,0,0.0936,0,1]},
{"frame":12,"values":[0.9973,-0.0574,0.046,0,0.0535,0.9953,0.0813,0,-0.0504,-0.0786,0.9956,0,0,0.0936,0,1]},
{"frame":13,"values":[0.9972,-0.0615,0.0425,0,0.0572,0.9937,0.0965,0,-0.0482,-0.0938,0.9944,0,0,0.0936,0,1]},
{"frame":14,"values":[0.9975,-0.0595,0.0392,0,0.0555,0.9939,0.0954,0,-0.0447,-0.093,0.9947,0,0,0.0936,0,1]},
{"frame":15,"values":[0.9965,-0.068,0.048,0,0.063,0.993,0.0994,0,-0.0545,-0.0961,0.9939,0,0,0.0936,0,1]},
{"frame":16,"values":[0.9977,-0.0557,0.0381,0,0.0519,0.9941,0.0948,0,-0.0432,-0.0926,0.9948,0,0,0.0936,0,1]},
{"frame":17,"values":[0.9967,-0.0664,0.047,0,0.0611,0.9925,0.1063,0,-0.0537,-0.1031,0.9932,0,0,0.0936,0,1]},
{"frame":18,"values":[0.9976,-0.057,0.0404,0,0.0527,0.9936,0.0999,0,-0.0459,-0.0975,0.9942,0,0,0.0936,0,1]},
{"frame":19,"values":[0.9981,-0.0474,0.0406,0,0.043,0.9938,0.1029,0,-0.0452,-0.101,0.9939,0,0,0.0936,0,1]},
{"frame":20,"values":[0.9978,-0.0511,0.0413,0,0.0467,0.9937,0.1016,0,-0.0463,-0.0995,0.994,0,0,0.0936,0,1]},
{"frame":21,"values":[0.9983,-0.0463,0.0362,0,0.0428,0.9949,0.0912,0,-0.0403,-0.0894,0.9952,0,0,0.0936,0,1]},
{"frame":22,"values":[0.9983,-0.0507,0.0284,0,0.0476,0.9936,0.102,0,-0.0334,-0.1005,0.9944,0,0,0.0936,0,1]},
{"frame":23,"values":[0.9987,-0.0453,0.0254,0,0.0428,0.9946,0.0943,0,-0.0295,-0.0931,0.9952,0,0,0.0936,0,1]},
{"frame":24,"values":[0.999,-0.0401,0.0221,0,0.0378,0.9945,0.0973,0,-0.0258,-0.0964,0.995,0,0,0.0936,0,1]},
{"frame":25,"values":[0.9991,-0.0403,0.0157,0,0.0385,0.9942,0.1004,0,-0.0196,-0.0997,0.9948,0,0,0.0936,0,1]},
{"frame":26,"values":[0.999,-0.0401,0.0195,0,0.0377,0.9929,0.1127,0,-0.0238,-0.1118,0.9934,0,0,0.0936,0,1]},
{"frame":27,"values":[0.9994,-0.0343,0.0051,0,0.0336,0.9934,0.1098,0,-0.0088,-0.1096,0.9939,0,0,0.0936,0,1]},
{"frame":28,"values":[0.9992,-0.0398,0.0075,0,0.0388,0.9939,0.1033,0,-0.0116,-0.1029,0.9946,0,0,0.0936,0,1]},
{"frame":29,"values":[0.9993,-0.0383,0.005,0,0.0375,0.9928,0.1134,0,-0.0093,-0.1131,0.9935,0,0,0.0936,0,1]},
{"frame":30,"values":[0.9992,-0.0404,0.0063,0,0.0396,0.9946,0.0957,0,-0.0102,-0.0954,0.9954,0,0,0.0936,0,1]},
{"frame":31,"values":[0.9993,-0.0368,0.007,0,0.0359,0.9943,0.1,0,-0.0107,-0.0997,0.995,0,0,0.0936,0,1]},
{"frame":32,"values":[0.9992,-0.0404,0.0048,0,0.0397,0.9934,0.108,0,-0.0091,-0.1077,0.9941,0,0,0.0936,0,1]},
{"frame":33,"values":[0.999,-0.0439,0.0062,0,0.0429,0.9926,0.1135,0,-0.0112,-0.1131,0.9935,0,0,0.0936,0,1]},
{"frame":34,"values":[0.9989,-0.0456,0.0074,0,0.0443,0.9913,0.1242,0,-0.013,-0.1237,0.9922,0,0,0.0936,0,1]},
{"frame":35,"values":[0.9988,-0.047,0.014,0,0.045,0.9921,0.1171,0,-0.0194,-0.1163,0.993,0,0,0.0936,0,1]},
{"frame":36,"values":[0.9988,-0.0457,0.0164,0,0.0436,0.993,0.11,0,-0.0213,-0.1091,0.9938,0,0,0.0936,0,1]},
{"frame":37,"values":[0.9991,-0.0378,0.0183,0,0.0355,0.9928,0.1142,0,-0.0225,-0.1135,0.9933,0,0,0.0936,0,1]},
{"frame":38,"values":[0.9994,-0.0282,0.0174,0,0.0259,0.9922,0.1216,0,-0.0207,-0.1211,0.9924,0,0,0.0936,0,1]},
{"frame":39,"values":[0.9997,-0.0185,0.0168,0,0.0165,0.9935,0.1124,0,-0.0188,-0.1121,0.9935,0,0,0.0936,0,1]},
{"frame":40,"values":[0.9997,-0.016,0.0163,0,0.0139,0.9925,0.1216,0,-0.0181,-0.1214,0.9924,0,0,0.0936,0,1]},
{"frame":41,"values":[0.9998,-0.0095,0.0156,0,0.0073,0.9914,0.1308,0,-0.0167,-0.1307,0.9913,0,0,0.0936,0,1]},
{"frame":42,"values":[0.9998,-0.0077,0.0172,0,0.0053,0.9909,0.1347,0,-0.0181,-0.1346,0.9907,0,0,0.0936,0,1]},
{"frame":43,"values":[0.9999,0.0076,0.0145,0,-0.0096,0.9903,0.1384,0,-0.0133,-0.1386,0.9903,0,0,0.0936,0,1]},
{"frame":44,"values":[0.9999,0.0046,0.016,0,-0.0069,0.989,0.1477,0,-0.0151,-0.1478,0.9889,0,0,0.0936,0,1]},
{"frame":45,"values":[0.9998,0.0173,0.0091,0,-0.0184,0.9909,0.1335,0,-0.0067,-0.1336,0.991,0,0,0.0936,0,1]},
{"frame":46,"values":[0.9998,0.0141,0.0107,0,-0.0153,0.9917,0.1274,0,-0.0088,-0.1276,0.9918,0,0,0.0936,0,1]},
{"frame":47,"values":[0.9999,0.0106,0.0066,0,-0.0114,0.9884,0.1516,0,-0.0049,-0.1517,0.9884,0,0,0.0936,0,1]},
{"frame":48,"values":[0.9999,0.0162,0.0049,0,-0.0167,0.9885,0.1503,0,-0.0024,-0.1504,0.9886,0,0,0.0936,0,1]},
{"frame":49,"values":[0.9997,0.0216,-0.0071,0,-0.0205,0.9915,0.1288,0,0.0098,-0.1286,0.9916,0,0,0.0936,0,1]},
{"frame":50,"values":[0.9997,0.0215,-0.0112,0,-0.0199,0.9913,0.13,0,0.0138,-0.1298,0.9914,0,0,0.0936,0,1]},
{"frame":51,"values":[0.9995,0.0215,-0.0218,0,-0.0178,0.9875,0.1569,0,0.0249,-0.1564,0.9874,0,0,0.0936,0,1]},
{"frame":52,"values":[0.9989,0.0316,-0.0356,0,-0.0254,0.9867,0.1604,0,0.0402,-0.1593,0.9864,0,0,0.0936,0,1]},
{"frame":53,"values":[0.9979,0.0417,-0.0494,0,-0.0329,0.9852,0.1682,0,0.0556,-0.1662,0.9845,0,0,0.0936,0,1]},
{"frame":54,"values":[0.9969,0.0516,-0.06,0,-0.0412,0.9857,0.1633,0,0.0676,-0.1603,0.9847,0,0,0.0936,0,1]},
{"frame":55,"values":[0.9963,0.0529,-0.0672,0,-0.0417,0.9865,0.1582,0,0.0747,-0.1548,0.9851,0,0,0.0936,0,1]},
{"frame":56,"values":[0.9964,0.051,-0.0675,0,-0.0405,0.988,0.1491,0,0.0743,-0.1458,0.9865,0,0,0.0936,0,1]},
{"frame":57,"values":[0.9976,0.0346,-0.0599,0,-0.0252,0.9882,0.1508,0,0.0644,-0.1489,0.9867,0,0,0.0936,0,1]},
{"frame":58,"values":[0.9989,0.0153,-0.045,0,-0.0084,0.9888,0.149,0,0.0468,-0.1484,0.9878,0,0,0.0936,0,1]},
{"frame":59,"values":[0.9993,-0.0062,-0.0367,0,0.012,0.9872,0.159,0,0.0353,-0.1593,0.9866,0,0,0.0936,0,1]},
{"frame":60,"values":[0.999,-0.0332,-0.0314,0,0.038,0.9849,0.169,0,0.0253,-0.1701,0.9851,0,0,0.0936,0,1]},
{"frame":61,"values":[0.998,-0.0602,-0.0191,0,0.0627,0.9821,0.1776,0,0.008,-0.1785,0.9839,0,0,0.0936,0,1]},
{"frame":62,"values":[0.9968,-0.0794,-0.0092,0,0.0799,0.9822,0.1699,0,-0.0045,-0.1701,0.9854,0,0,0.0936,0,1]},
{"frame":63,"values":[0.9963,-0.0861,0.0043,0,0.084,0.9812,0.1739,0,-0.0192,-0.1729,0.9848,0,0,0.0936,0,1]},
{"frame":64,"values":[0.9956,-0.0927,0.0115,0,0.0895,0.9815,0.169,0,-0.027,-0.1673,0.9855,0,0,0.0936,0,1]},
{"frame":65,"values":[0.9954,-0.0939,0.0184,0,0.0895,0.9814,0.1697,0,-0.034,-0.1673,0.9853,0,0,0.0936,0,1]},
{"frame":66,"values":[0.9947,-0.1005,0.022,0,0.0954,0.9815,0.1661,0,-0.0383,-0.1631,0.9859,0,0,0.0936,0,1]},
{"frame":67,"values":[0.9916,-0.1255,0.0312,0,0.1188,0.9794,0.1633,0,-0.0511,-0.1582,0.9861,0,0,0.0936,0,1]},
{"frame":68,"values":[0.9906,-0.1326,0.0332,0,0.1251,0.9773,0.1712,0,-0.0552,-0.1654,0.9847,0,0,0.0936,0,1]},
{"frame":69,"values":[0.9887,-0.1451,0.0363,0,0.1374,0.9769,0.1637,0,-0.0592,-0.1569,0.9858,0,0,0.0936,0,1]},
{"frame":70,"values":[0.989,-0.1409,0.045,0,0.131,0.9756,0.1762,0,-0.0687,-0.1684,0.9833,0,0,0.0936,0,1]},
{"frame":71,"values":[0.9893,-0.1362,0.0529,0,0.1257,0.9778,0.1679,0,-0.0746,-0.1594,0.9844,0,0,0.0936,0,1]},
{"frame":72,"values":[0.9907,-0.1274,0.0488,0,0.1182,0.9802,0.1587,0,-0.0681,-0.1515,0.9861,0,0,0.0936,0,1]},
{"frame":73,"values":[0.9926,-0.1107,0.0502,0,0.1021,0.9834,0.1497,0,-0.0659,-0.1435,0.9875,0,0,0.0936,0,1]},
{"frame":74,"values":[0.9957,-0.0821,0.042,0,0.0752,0.9864,0.146,0,-0.0534,-0.1422,0.9884,0,0,0.0936,0,1]},
{"frame":75,"values":[0.9974,-0.0642,0.0338,0,0.0585,0.9872,0.1483,0,-0.0429,-0.1459,0.9884,0,0,0.0936,0,1]},
{"frame":76,"values":[0.9978,-0.0577,0.0312,0,0.0524,0.9871,0.151,0,-0.0396,-0.1491,0.988,0,0,0.0936,0,1]},
{"frame":77,"values":[0.9992,-0.0328,0.0237,0,0.0288,0.9877,0.1535,0,-0.0285,-0.1527,0.9879,0,0,0.0936,0,1]},
{"frame":78,"values":[0.9997,-0.0236,0.0092,0,0.0218,0.9875,0.1561,0,-0.0128,-0.1559,0.9877,0,0,0.0936,0,1]},
{"frame":79,"values":[0.9999,-0.0088,-0.0052,0,0.0094,0.9891,0.1469,0,0.0039,-0.147,0.9891,0,0,0.0936,0,1]},
{"frame":80,"values":[0.9999,0.0037,-0.0135,0,-0.0016,0.9888,0.1495,0,0.0139,-0.1495,0.9887,0,0,0.0936,0,1]},
{"frame":81,"values":[0.9995,0.0236,-0.022,0,-0.02,0.9881,0.1523,0,0.0253,-0.1518,0.9881,0,0,0.0936,0,1]},
{"frame":82,"values":[0.9988,0.0403,-0.0271,0,-0.0356,0.9872,0.1552,0,0.033,-0.154,0.9875,0,0,0.0936,0,1]},
{"frame":83,"values":[0.9984,0.047,-0.0323,0,-0.0418,0.9881,0.1478,0,0.0389,-0.1462,0.9885,0,0,0.0936,0,1]},
{"frame":84,"values":[0.9985,0.0419,-0.0356,0,-0.0364,0.989,0.1432,0,0.0412,-0.1417,0.989,0,0,0.0936,0,1]},
{"frame":85,"values":[0.9986,0.0294,-0.0437,0,-0.0239,0.9923,0.1216,0,0.047,-0.1204,0.9916,0,0,0.0936,0,1]},
{"frame":86,"values":[0.9986,0.0284,-0.0454,0,-0.0229,0.9928,0.1173,0,0.0484,-0.116,0.9921,0,0,0.0936,0,1]},
{"frame":87,"values":[0.9988,0.0227,-0.0423,0,-0.0171,0.9916,0.1282,0,0.0449,-0.1274,0.9908,0,0,0.0936,0,1]},
{"frame":88,"values":[0.9991,0.0195,-0.0364,0,-0.0147,0.9917,0.1275,0,0.0386,-0.1269,0.9912,0,0,0.0936,0,1]},
{"frame":89,"values":[0.9995,0.0135,-0.0303,0,-0.009,0.9897,0.1427,0,0.0319,-0.1424,0.9893,0,0,0.0936,0,1]},
{"frame":90,"values":[0.9996,-0.0126,-0.0239,0,0.016,0.9894,0.1443,0,0.0219,-0.1446,0.9892,0,0,0.0936,0,1]},
{"frame":91,"values":[0.9989,-0.0412,-0.0233,0,0.0443,0.9879,0.1488,0,0.0169,-0.1497,0.9886,0,0,0.0936,0,1]},
{"frame":92,"values":[0.9963,-0.0844,-0.0128,0,0.0854,0.9838,0.1575,0,-0.0007,-0.158,0.9874,0,0,0.0936,0,1]},
{"frame":93,"values":[0.9963,-0.0861,0.0033,0,0.0845,0.9835,0.1601,0,-0.017,-0.1592,0.9871,0,0,0.0936,0,1]},
{"frame":94,"values":[0.996,-0.0878,0.0166,0,0.0843,0.9846,0.1529,0,-0.0298,-0.1509,0.9881,0,0,0.0936,0,1]},
{"frame":95,"values":[0.9946,-0.1003,0.025,0,0.0955,0.9841,0.15,0,-0.0396,-0.1468,0.9884,0,0,0.0936,0,1]},
{"frame":96,"values":[0.9939,-0.1052,0.0319,0,0.0991,0.9832,0.1532,0,-0.0474,-0.1491,0.9877,0,0,0.0936,0,1]},
{"frame":97,"values":[0.9941,-0.1014,0.0389,0,0.0944,0.9838,0.1522,0,-0.0537,-0.1476,0.9876,0,0,0.0936,0,1]},
{"frame":98,"values":[0.992,-0.1175,0.0465,0,0.1096,0.9832,0.146,0,-0.0629,-0.1397,0.9882,0,0,0.0936,0,1]},
{"frame":99,"values":[0.9915,-0.1201,0.0501,0,0.1121,0.9839,0.139,0,-0.066,-0.1322,0.989,0,0,0.0936,0,1]},
{"frame":100,"values":[0.9916,-0.1177,0.0543,0,0.1104,0.9863,0.1222,0,-0.0679,-0.1152,0.991,0,0,0.0936,0,1]},
{"frame":101,"values":[0.9916,-0.1157,0.0574,0,0.1081,0.9866,0.1221,0,-0.0708,-0.1149,0.9908,0,0,0.0936,0,1]},
{"frame":102,"values":[0.9919,-0.1139,0.0564,0,0.1064,0.9868,0.1219,0,-0.0695,-0.1149,0.9909,0,0,0.0936,0,1]},
{"frame":103,"values":[0.9912,-0.1202,0.0555,0,0.1128,0.9861,0.1218,0,-0.0694,-0.1145,0.991,0,0,0.0936,0,1]},
{"frame":104,"values":[0.9921,-0.1104,0.0602,0,0.1029,0.9879,0.1157,0,-0.0723,-0.1086,0.9915,0,0,0.0936,0,1]},
{"frame":105,"values":[0.9962,-0.0715,0.0499,0,0.0654,0.9913,0.114,0,-0.0576,-0.1103,0.9922,0,0,0.0936,0,1]},
{"frame":106,"values":[0.9972,-0.0627,0.0403,0,0.0575,0.991,0.121,0,-0.0475,-0.1184,0.9918,0,0,0.0936,0,1]},
{"frame":107,"values":[0.9992,-0.0231,0.0332,0,0.0186,0.9914,0.1299,0,-0.0359,-0.1292,0.991,0,0,0.0936,0,1]},
{"frame":108,"values":[0.9997,-0.0094,0.0217,0,0.0066,0.9919,0.1268,0,-0.0227,-0.1266,0.9917,0,0,0.0936,0,1]},
{"frame":109,"values":[0.9999,0.0042,0.0102,0,-0.0054,0.9929,0.1192,0,-0.0097,-0.1192,0.9928,0,0,0.0936,0,1]},
{"frame":110,"values":[0.9997,0.0226,0.003,0,-0.0228,0.9927,0.1186,0,-0.0003,-0.1186,0.9929,0,0,0.0936,0,1]},
{"frame":111,"values":[0.9992,0.041,-0.0041,0,-0.0401,0.9911,0.1272,0,0.0093,-0.1269,0.9919,0,0,0.0936,0,1]},
{"frame":112,"values":[0.9989,0.0467,-0.0035,0,-0.0459,0.9913,0.1237,0,0.0092,-0.1234,0.9923,0,0,0.0936,0,1]},
{"frame":113,"values":[0.9986,0.0523,-0.0064,0,-0.0512,0.9919,0.1165,0,0.0125,-0.116,0.9932,0,0,0.0936,0,1]},
{"frame":114,"values":[0.998,0.0617,-0.0105,0,-0.0598,0.9898,0.1295,0,0.0184,-0.1286,0.9915,0,0,0.0936,0,1]},
{"frame":115,"values":[0.9981,0.0592,-0.015,0,-0.0571,0.9916,0.1157,0,0.0218,-0.1147,0.9932,0,0,0.0936,0,1]},
{"frame":116,"values":[0.9976,0.0662,-0.0193,0,-0.0634,0.9906,0.1211,0,0.0271,-0.1196,0.9924,0,0,0.0936,0,1]},
{"frame":117,"values":[0.9981,0.0567,-0.0233,0,-0.0537,0.9917,0.1168,0,0.0298,-0.1153,0.9929,0,0,0.0936,0,1]},
{"frame":118,"values":[0.9984,0.052,-0.0229,0,-0.0488,0.9908,0.1263,0,0.0292,-0.125,0.9917,0,0,0.0936,0,1]},
{"frame":119,"values":[0.9989,0.0446,-0.0159,0,-0.0425,0.9925,0.1145,0,0.0209,-0.1136,0.9933,0,0,0.0936,0,1]},
{"frame":120,"values":[0.9998,0.0183,-0.0078,0,-0.0171,0.991,0.1324,0,0.0102,-0.1323,0.9912,0,0,0.0936,0,1]},
{"frame":121,"values":[0.9999,0.0131,-0.0027,0,-0.0126,0.9902,0.1392,0,0.0045,-0.1392,0.9903,0,0,0.0936,0,1]},
{"frame":122,"values":[0.9998,-0.0216,0.0028,0,0.021,0.9899,0.1403,0,-0.0058,-0.1403,0.9901,0,0,0.0936,0,1]},
{"frame":123,"values":[0.9983,-0.0562,0.0121,0,0.0539,0.988,0.1448,0,-0.0201,-0.1439,0.9894,0,0,0.0936,0,1]},
{"frame":124,"values":[0.9981,-0.0585,0.0209,0,0.0549,0.9881,0.1439,0,-0.0291,-0.1425,0.9894,0,0,0.0936,0,1]},
{"frame":125,"values":[0.9977,-0.0635,0.0253,0,0.0591,0.9872,0.1484,0,-0.0344,-0.1465,0.9886,0,0,0.0936,0,1]},
{"frame":126,"values":[0.9968,-0.0734,0.0302,0,0.0684,0.9872,0.1444,0,-0.0404,-0.1418,0.9891,0,0,0.0936,0,1]},
{"frame":127,"values":[0.993,-0.1118,0.0379,0,0.1054,0.9844,0.141,0,-0.053,-0.136,0.9893,0,0,0.0936,0,1]},
{"frame":128,"values":[0.993,-0.1105,0.0415,0,0.1037,0.9848,0.1394,0,-0.0563,-0.1341,0.9894,0,0,0.0936,0,1]},
{"frame":129,"values":[0.9915,-0.1214,0.0461,0,0.1148,0.9853,0.1267,0,-0.0608,-0.1203,0.9909,0,0,0.0936,0,1]},
{"frame":130,"values":[0.9924,-0.1124,0.0496,0,0.1056,0.9866,0.1241,0,-0.0629,-0.118,0.991,0,0,0.0936,0,1]},
{"frame":131,"values":[0.9897,-0.1328,0.0545,0,0.126,0.9856,0.1132,0,-0.0687,-0.1051,0.9921,0,0,0.0936,0,1]},
{"frame":132,"values":[0.9871,-0.1502,0.0556,0,0.1436,0.9837,0.108,0,-0.0709,-0.0986,0.9926,0,0,0.0936,0,1]},
{"frame":133,"values":[0.9907,-0.1293,0.0426,0,0.1236,0.9856,0.1155,0,-0.057,-0.1092,0.9924,0,0,0.0936,0,1]},
{"frame":134,"values":[0.9891,-0.1409,0.0425,0,0.1351,0.9838,0.1178,0,-0.0584,-0.1108,0.9921,0,0,0.0936,0,1]},
{"frame":135,"values":[0.9937,-0.104,0.0409,0,0.0986,0.988,0.1188,0,-0.0527,-0.114,0.9921,0,0,0.0936,0,1]},
{"frame":136,"values":[0.9938,-0.1036,0.0406,0,0.0982,0.9883,0.1167,0,-0.0522,-0.112,0.9923,0,0,0.0936,0,1]},
{"frame":137,"values":[0.9979,-0.0531,0.0384,0,0.048,0.9913,0.1228,0,-0.0446,-0.1206,0.9917,0,0,0.0936,0,1]},
{"frame":138,"values":[0.9988,-0.0283,0.0409,0,0.0226,0.9909,0.1323,0,-0.0443,-0.1312,0.9904,0,0,0.0936,0,1]},
{"frame":139,"values":[0.9984,-0.0406,0.0398,0,0.0365,0.9943,0.1,0,-0.0436,-0.0983,0.9942,0,0,0.0936,0,1]},
{"frame":140,"values":[0.9988,-0.033,0.0372,0,0.0286,0.9932,0.1127,0,-0.0406,-0.1115,0.9929,0,0,0.0936,0,1]},
{"frame":141,"values":[0.9993,-0.0161,0.0326,0,0.0119,0.992,0.1253,0,-0.0344,-0.1248,0.9916,0,0,0.0936,0,1]},
{"frame":142,"values":[0.9996,0.0037,0.0282,0,-0.0074,0.9913,0.1312,0,-0.0275,-0.1313,0.991,0,0,0.0936,0,1]},
{"frame":143,"values":[0.9996,0.0103,0.0265,0,-0.0136,0.9921,0.1249,0,-0.025,-0.1252,0.9918,0,0,0.0936,0,1]},
{"frame":144,"values":[0.9997,0.0029,0.0252,0,-0.0056,0.9942,0.1072,0,-0.0247,-0.1073,0.9939,0,0,0.0936,0,1]},
{"frame":145,"values":[0.9995,0.0286,0.0146,0,-0.0302,0.9911,0.1297,0,-0.0107,-0.1301,0.9914,0,0,0.0936,0,1]},
{"frame":146,"values":[0.9993,0.0339,0.0149,0,-0.0355,0.9923,0.1184,0,-0.0108,-0.1188,0.9929,0,0,0.0936,0,1]},
{"frame":147,"values":[0.9997,0.0155,0.0189,0,-0.0169,0.9969,0.0762,0,-0.0177,-0.0765,0.9969,0,0,0.0936,0,1]},
{"frame":148,"values":[0.9996,0.0147,0.0229,0,-0.0169,0.995,0.0988,0,-0.0213,-0.0992,0.9948,0,0,0.0936,0,1]},
{"frame":149,"values":[0.9993,0.0142,0.0339,0,-0.0179,0.9937,0.1107,0,-0.0321,-0.1112,0.9933,0,0,0.0936,0,1]},
{"frame":150,"values":[0.9992,0.0215,0.0335,0,-0.0249,0.9944,0.1025,0,-0.0311,-0.1032,0.9942,0,0,0.0936,0,1]},
{"frame":151,"values":[0.9993,0.002,0.037,0,-0.0063,0.9933,0.1158,0,-0.0365,-0.1159,0.9926,0,0,0.0936,0,1]},
{"frame":152,"values":[0.9987,-0.0295,0.0405,0,0.024,0.9913,0.1294,0,-0.0439,-0.1282,0.9908,0,0,0.0936,0,1]},
{"frame":153,"values":[0.9966,-0.07,0.0443,0,0.0639,0.99,0.1258,0,-0.0527,-0.1225,0.9911,0,0,0.0936,0,1]},
{"frame":154,"values":[0.9947,-0.0883,0.053,0,0.0817,0.99,0.1154,0,-0.0627,-0.1104,0.9919,0,0,0.0936,0,1]},
{"frame":155,"values":[0.9927,-0.1031,0.0618,0,0.0963,0.9898,0.105,0,-0.072,-0.0983,0.9926,0,0,0.0936,0,1]},
{"frame":156,"values":[0.9921,-0.1091,0.0616,0,0.0995,0.985,0.1408,0,-0.076,-0.1336,0.9881,0,0,0.0936,0,1]},
{"frame":157,"values":[0.9956,-0.0752,0.0554,0,0.0677,0.9895,0.1274,0,-0.0644,-0.1231,0.9903,0,0,0.0936,0,1]},
{"frame":158,"values":[0.9851,-0.1553,0.0746,0,0.1463,0.9827,0.1133,0,-0.0909,-0.1007,0.9908,0,0,0.0936,0,1]},
{"frame":159,"values":[0.9875,-0.1413,0.0694,0,0.1324,0.984,0.1191,0,-0.0852,-0.1084,0.9905,0,0,0.0936,0,1]},
{"frame":160,"values":[0.9853,-0.1541,0.0744,0,0.1448,0.9825,0.1171,0,-0.0912,-0.1046,0.9903,0,0,0.0936,0,1]},
{"frame":180,"values":[0.9853,-0.1541,0.0744,0,0.1448,0.9825,0.1171,0,-0.0912,-0.1046,0.9903,0,0,0.0936,0,1]}],"loopBehavior":1,"name":"anim","property":"_matrix"}},
{"name":"Zed_Spine1","index":2,"matrix":[1,0,0,0,0,0.9965,-0.0842,0,0,0.0842,0.9965,0,0,0.1625,0,1],"rest":[1,0,0,0,0,0.9965,-0.0842,0,0,0.0842,0.9965,0,0,0.1625,0,1],"parentBoneIndex":1,"length":0.137
,"animation":{"dataType":3,"framePerSecond":30,"keys":[
{"frame":1,"values":[1,0,0,0,0,0.9965,-0.0842,0,0,0.0842,0.9965,0,0,0.1625,0,1]},
{"frame":180,"values":[1,0,0,0,0,0.9965,-0.0842,0,0,0.0842,0.9965,0,0,0.1625,0,1]}],"loopBehavior":1,"name":"anim","property":"_matrix"}},
{"name":"Zed_Spine2","index":3,"matrix":[0.9891,0.1415,0.0403,0,-0.1151,0.9147,-0.3873,0,-0.0916,0.3785,0.9211,0,0,0.137,0,1],"rest":[1,0,0,0,0,0.9781,-0.208,0,0,0.208,0.9781,0,0,0.137,0,1],"parentBoneIndex":2,"length":0.1454
,"animation":{"dataType":3,"framePerSecond":30,"keys":[
{"frame":1,"values":[0.9891,0.1415,0.0403,0,-0.1151,0.9147,-0.3873,0,-0.0916,0.3785,0.9211,0,0,0.137,0,1]},
