{"producer":{"name":"Blender","version":"2.93.4","exporter_version":"2.93.4","file":"colonel01.babylon"},
"autoClear":true,"clearColor":[0.0509,0.0509,0.0509],"gravity":[0,-0.1,0],
"materials":[{"name":"skin","id":"skin","customType":"BABYLON.PBRMaterial","emissive":[0,0,0],"reflectivity":[0,0,0],"roughness":1,"alpha":1,"transparencyMode":0,"alphaCutOff":0.4,"metallic":0, 
"albedoTexture":{"name":"newskin01.jpg","level":1,"hasAlpha":false,"coordinatesMode":0,"uOffset":0,"vOffset":0,"uScale":1,"vScale":1,"uAng":0,"vAng":0,"wAng":0,"wrapU":1,"wrapV":1,"coordinatesIndex":0},"useAlphaFromAlbedoTexture":false},
{"name":"bobby_jacket","id":"bobby_jacket","customType":"BABYLON.PBRMaterial","emissive":[0,0,0],"reflectivity":[0,0,0],"roughness":1,"alpha":1,"transparencyMode":0,"alphaCutOff":0.4,"metallic":1, 
"albedoTexture":{"name":"colonel_khaki01.jpg","level":1,"hasAlpha":false,"coordinatesMode":0,"uOffset":0,"vOffset":0,"uScale":1,"vScale":1,"uAng":0,"vAng":0,"wAng":0,"wrapU":1,"wrapV":1,"coordinatesIndex":0},"useAlphaFromAlbedoTexture":false}],
"skeletons":[{"name":"aColonel","id":0,"dimensionsAtRest":[1.0413,1.712,0.3864],"bones":[
{"name":"Hips","index":0,"matrix":[1,0,0,0,0,0.9394,0.3427,0,0,0.3427,-0.9394,0,-31,-0.2764,-9.003,1],"rest":[1,0,0,0,0,0.9394,0.3427,0,0,0.3427,-0.9394,0,-31,-0.2764,-9.003,1],"parentBoneIndex":-1,"length":0.0931
,"animation":{"name":"anim","property":"_matrix","dataType":3,"framePerSecond":24,"loopBehavior":1,"keys":[
{"frame":1,"values":[1,0,0,0,0,0.9394,0.3427,0,0,0.3427,-0.9394,0,-31,-0.2764,-9.003,1]},
{"frame":2,"values":[1,0,0,0,0,0.9394,0.3427,0,0,0.3427,-0.9394,0,-31,-0.2767,-9.003,1]},
{"frame":3,"values":[1,0,0,0,0,0.9394,0.3427,0,0,0.3427,-0.9394,0,-31,-0.2775,-9.003,1]},
{"frame":4,"values":[1,0,0,0,0,0.9394,0.3427,0,0,0.3427,-0.9394,0,-31,-0.2789,-9.003,1]},
{"frame":5,"values":[1,0,0,0,0,0.9394,0.3427,0,0,0.3427,-0.9394,0,-31,-0.2807,-9.003,1]},
{"frame":6,"values":[1,0,0,0,0,0.9394,0.3427,0,0,0.3427,-0.9394,0,-31,-0.283,-9.003,1]},
{"frame":7,"values":[1,0,0,0,0,0.9394,0.3427,0,0,0.3427,-0.9394,0,-31,-0.2856,-9.003,1]},
{"frame":8,"values":[1,0,0,0,0,0.9394,0.3427,0,0,0.3427,-0.9394,0,-31,-0.2886,-9.003,1]},
{"frame":9,"values":[1,0,0,0,0,0.9394,0.3427,0,0,0.3427,-0.9394,0,-31,-0.2919,-9.003,1]},
{"frame":10,"values":[1,0,0,0,0,0.9394,0.3427,0,0,0.3427,-0.9394,0,-31,-0.2954,-9.003,1]},
{"frame":11,"values":[1,0,0,0,0,0.9394,0.3427,0,0,0.3427,-0.9394,0,-31,-0.2992,-9.003,1]},
{"frame":12,"values":[1,0,0,0,0,0.9394,0.3427,0,0,0.3427,-0.9394,0,-31,-0.3031,-9.003,1]},
{"frame":13,"values":[1,0,0,0,0,0.9394,0.3427,0,0,0.3427,-0.9394,0,-31,-0.3072,-9.003,1]},
{"frame":14,"values":[1,0,0,0,0,0.9394,0.3427,0,0,0.3427,-0.9394,0,-31,-0.3113,-9.003,1]},
{"frame":15,"values":[1,0,0,0,0,0.9394,0.3427,0,0,0.3427,-0.9394,0,-31,-0.3155,-9.003,1]},
{"frame":16,"values":[1,0,0,0,0,0.9394,0.3427,0,0,0.3427,-0.9394,0,-31,-0.3197,-9.003,1]},
{"frame":17,"values":[1,0,0,0,0,0.9394,0.3427,0,0,0.3427,-0.9394,0,-31,-0.3238,-9.003,1]},
{"frame":18,"values":[1,0,0,0,0,0.9394,0.3427,0,0,0.3427,-0.9394,0,-31,-0.3279,-9.003,1]},
{"frame":19,"values":[1,0,0,0,0,0.9394,0.3427,0,0,0.3427,-0.9394,0,-31,-0.3318,-9.003,1]},
{"frame":20,"values":[1,0,0,0,0,0.9394,0.3427,0,0,0.3427,-0.9394,0,-31,-0.3356,-9.003,1]},
{"frame":21,"values":[1,0,0,0,0,0.9394,0.3427,0,0,0.3427,-0.9394,0,-31,-0.3391,-9.003,1]},
{"frame":22,"values":[1,0,0,0,0,0.9394,0.3427,0,0,0.3427,-0.9394,0,-31,-0.3424,-9.003,1]},
{"frame":23,"values":[1,0,0,0,0,0.9394,0.3427,0,0,0.3427,-0.9394,0,-31,-0.3454,-9.003,1]},
{"frame":24,"values":[1,0,0,0,0,0.9394,0.3427,0,0,0.3427,-0.9394,0,-31,-0.348,-9.003,1]},
{"frame":25,"values":[1,0,0,0,0,0.9394,0.3427,0,0,0.3427,-0.9394,0,-31,-0.3503,-9.003,1]},
{"frame":26,"values":[1,0,0,0,0,0.9394,0.3427,0,0,0.3427,-0.9394,0,-31,-0.3521,-9.003,1]},
{"frame":27,"values":[1,0,0,0,0,0.9394,0.3427,0,0,0.3427,-0.9394,0,-31,-0.3535,-9.003,1]},
{"frame":28,"values":[1,0,0,0,0,0.9394,0.3427,0,0,0.3427,-0.9394,0,-31,-0.3543,-9.003,1]},
{"frame":29,"values":[1,0,0,0,0,0.9394,0.3427,0,0,0.3427,-0.9394,0,-31,-0.3546,-9.003,1]},
{"frame":32,"values":[1,0,0,0,0,0.9394,0.3427,0,0,0.3427,-0.9394,0,-31,-0.3543,-9.003,1]},
{"frame":33,"values":[1,0,0,0,0,0.9394,0.3427,0,0,0.3427,-0.9394,0,-31,-0.3536,-9.003,1]},
{"frame":34,"values":[1,0,0,0,0,0.9394,0.3427,0,0,0.3427,-0.9394,0,-31,-0.3523,-9.003,1]},
{"frame":35,"values":[1,0,0,0,0,0.9394,0.3427,0,0,0.3427,-0.9394,0,-31,-0.3506,-9.003,1]},
{"frame":36,"values":[1,0,0,0,0,0.9394,0.3427,0,0,0.3427,-0.9394,0,-31,-0.3484,-9.003,1]},
{"frame":37,"values":[1,0,0,0,0,0.9394,0.3427,0,0,0.3427,-0.9394,0,-31,-0.346,-9.003,1]},
{"frame":38,"values":[1,0,0,0,0,0.9394,0.3427,0,0,0.3427,-0.9394,0,-31,-0.3431,-9.003,1]},
{"frame":39,"values":[1,0,0,0,0,0.9394,0.3427,0,0,0.3427,-0.9394,0,-31,-0.34,-9.003,1]},
{"frame":40,"values":[1,0,0,0,0,0.9394,0.3427,0,0,0.3427,-0.9394,0,-31,-0.3367,-9.003,1]},
{"frame":41,"values":[1,0,0,0,0,0.9394,0.3427,0,0,0.3427,-0.9394,0,-31,-0.3331,-9.003,1]},
{"frame":42,"values":[1,0,0,0,0,0.9394,0.3427,0,0,0.3427,-0.9394,0,-31,-0.3294,-9.003,1]},
{"frame":43,"values":[1,0,0,0,0,0.9394,0.3427,0,0,0.3427,-0.9394,0,-31,-0.3255,-9.003,1]},
{"frame":44,"values":[1,0,0,0,0,0.9394,0.3427,0,0,0.3427,-0.9394,0,-31,-0.3215,-9.003,1]},
{"frame":45,"values":[1,0,0,0,0,0.9394,0.3427,0,0,0.3427,-0.9394,0,-31,-0.3175,-9.003,1]},
{"frame":46,"values":[1,0,0,0,0,0.9394,0.3427,0,0,0.3427,-0.9394,0,-31,-0.3135,-9.003,1]},
{"frame":47,"values":[1,0,0,0,0,0.9394,0.3427,0,0,0.3427,-0.9394,0,-31,-0.3094,-9.003,1]},
{"frame":48,"values":[1,0,0,0,0,0.9394,0.3427,0,0,0.3427,-0.9394,0,-31,-0.3055,-9.003,1]},
{"frame":49,"values":[1,0,0,0,0,0.9394,0.3427,0,0,0.3427,-0.9394,0,-31,-0.3016,-9.003,1]},
{"frame":50,"values":[1,0,0,0,0,0.9394,0.3427,0,0,0.3427,-0.9394,0,-31,-0.2979,-9.003,1]},
{"frame":51,"values":[1,0,0,0,0,0.9394,0.3427,0,0,0.3427,-0.9394,0,-31,-0.2943,-9.003,1]},
{"frame":52,"values":[1,0,0,0,0,0.9394,0.3427,0,0,0.3427,-0.9394,0,-31,-0.2909,-9.003,1]},
{"frame":53,"values":[1,0,0,0,0,0.9394,0.3427,0,0,0.3427,-0.9394,0,-31,-0.2878,-9.003,1]},
{"frame":54,"values":[1,0,0,0,0,0.9394,0.3427,0,0,0.3427,-0.9394,0,-31,-0.285,-9.003,1]},
{"frame":55,"values":[1,0,0,0,0,0.9394,0.3427,0,0,0.3427,-0.9394,0,-31,-0.2825,-9.003,1]},
{"frame":56,"values":[1,0,0,0,0,0.9394,0.3427,0,0,0.3427,-0.9394,0,-31,-0.2804,-9.003,1]},
{"frame":57,"values":[1,0,0,0,0,0.9394,0.3427,0,0,0.3427,-0.9394,0,-31,-0.2787,-9.003,1]},
{"frame":58,"values":[1,0,0,0,0,0.9394,0.3427,0,0,0.3427,-0.9394,0,-31,-0.2774,-9.003,1]},
{"frame":59,"values":[1,0,0,0,0,0.9394,0.3427,0,0,0.3427,-0.9394,0,-31,-0.2766,-9.003,1]},
{"frame":60,"values":[1,0,0,0,0,0.9394,0.3427,0,0,0.3427,-0.9394,0,-31,-0.2764,-9.003,1]},
{"frame":71,"values":[1,0,0,0,0,0.9394,0.3427,0,0,0.3427,-0.9394,0,-31,-0.2764,-9.003,1]},
{"frame":100,"values":[1,0,0,0,0,0.9394,0.3427,0,0,0.3427,-0.9394,0,-31,-0.2764,-9.003,1]}]}},
{"name":"LeftUpLeg","index":1,"matrix":[0.9997,0.0234,0.0118,0,0.0254,-0.9788,-0.2032,0,0.0068,0.2034,-0.9791,0,0.1085,-0.001,-0.0117,1],"rest":[0.9935,0.0855,0.0755,0,0.1025,-0.9596,-0.2621,0,0.0501,0.2681,-0.9621,0,0.1085,-0.001,-0.0117,1],"parentBoneIndex":0,"length":0.4176
,"animation":{"name":"anim","property":"_matrix","dataType":3,"framePerSecond":24,"loopBehavior":1,"keys":[
{"frame":1,"values":[0.9997,0.0234,0.0118,0,0.0254,-0.9788,-0.2032,0,0.0068,0.2034,-0.9791,0,0.1085,-0.001,-0.0117,1]},
{"frame":2,"values":[0.9997,0.0235,0.0118,0,0.0254,-0.9794,-0.2002,0,0.0069,0.2005,-0.9797,0,0.1085,-0.001,-0.0117,1]},
{"frame":3,"values":[0.9997,0.0236,0.0118,0,0.0254,-0.9811,-0.1921,0,0.007,0.1923,-0.9813,0,0.1085,-0.001,-0.0117,1]},
{"frame":4,"values":[0.9996,0.0237,0.0118,0,0.0255,-0.9834,-0.1799,0,0.0073,0.1802,-0.9836,0,0.1085,-0.001,-0.0117,1]},
{"frame":5,"values":[0.9996,0.0239,0.0117,0,0.0255,-0.986,-0.165,0,0.0076,0.1653,-0.9862,0,0.1085,-0.001,-0.0117,1]},
{"frame":6,"values":[0.9996,0.0242,0.0117,0,0.0256,-0.9886,-0.1483,0,0.008,0.1486,-0.9889,0,0.1085,-0.001,-0.0117,1]},
{"frame":7,"values":[0.9996,0.0244,0.0116,0,0.0257,-0.9911,-0.1306,0,0.0084,0.1309,-0.9914,0,0.1085,-0.001,-0.0117,1]},
{"frame":8,"values":[0.9996,0.0247,0.0116,0,0.0258,-0.9933,-0.1124,0,0.0087,0.1126,-0.9936,0,0.1085,-0.001,-0.0117,1]},
{"frame":9,"values":[0.9996,0.025,0.0115,0,0.0259,-0.9953,-0.0938,0,0.0091,0.0941,-0.9955,0,0.1085,-0.001,-0.0117,1]},
{"frame":10,"values":[0.9996,0.0253,0.0114,0,0.0261,-0.9968,-0.0754,0,0.0095,0.0757,-0.9971,0,0.1085,-0.001,-0.0117,1]},
{"frame":11,"values":[0.9996,0.0256,0.0113,0,0.0262,-0.998,-0.0571,0,0.0098,0.0574,-0.9983,0,0.1085,-0.001,-0.0117,1]},
{"frame":12,"values":[0.9996,0.0259,0.0112,0,0.0263,-0.9989,-0.0392,0,0.0102,0.0395,-0.9992,0,0.1085,-0.001,-0.0117,1]},
{"frame":13,"values":[0.9996,0.0262,0.0111,0,0.0264,-0.9994,-0.0217,0,0.0105,0.022,-0.9997,0,0.1085,-0.001,-0.0117,1]},
{"frame":14,"values":[0.9996,0.0265,0.011,0,0.0266,-0.9996,-0.0049,0,0.0108,0.0052,-0.9999,0,0.1085,-0.001,-0.0117,1]},
{"frame":15,"values":[0.9996,0.0268,0.0108,0,0.0267,-0.9996,0.0113,0,0.0112,-0.011,-0.9999,0,0.1085,-0.001,-0.0117,1]},
{"frame":16,"values":[0.9996,0.0272,0.0107,0,0.0269,-0.9993,0.0268,0,0.0114,-0.0265,-0.9996,0,0.1085,-0.001,-0.0117,1]},
{"frame":17,"values":[0.9996,0.0275,0.0106,0,0.027,-0.9988,0.0415,0,0.0117,-0.0412,-0.9991,0,0.1085,-0.001,-0.0117,1]},
{"frame":18,"values":[0.9996,0.0278,0.0105,0,0.0271,-0.9981,0.0555,0,0.012,-0.0552,-0.9984,0,0.1085,-0.001,-0.0117,1]},
{"frame":19,"values":[0.9996,0.028,0.0103,0,0.0273,-0.9973,0.0685,0,0.0122,-0.0682,-0.9976,0,0.1085,-0.001,-0.0117,1]},
{"frame":20,"values":[0.9995,0.0283,0.0102,0,0.0274,-0.9964,0.0805,0,0.0124,-0.0802,-0.9967,0,0.1085,-0.001,-0.0117,1]},
{"frame":21,"values":[0.9995,0.0286,0.0101,0,0.0275,-0.9954,0.0916,0,0.0127,-0.0913,-0.9957,0,0.1085,-0.001,-0.0117,1]},
{"frame":22,"values":[0.9995,0.0288,0.01,0,0.0276,-0.9944,0.1016,0,0.0128,-0.1013,-0.9948,0,0.1085,-0.001,-0.0117,1]},
{"frame":23,"values":[0.9995,0.029,0.0099,0,0.0277,-0.9935,0.1106,0,0.013,-0.1103,-0.9938,0,0.1085,-0.001,-0.0117,1]},
{"frame":24,"values":[0.9995,0.0292,0.0098,0,0.0278,-0.9926,0.1183,0,0.0132,-0.118,-0.9929,0,0.1085,-0.001,-0.0117,1]},
{"frame":25,"values":[0.9995,0.0294,0.0097,0,0.0279,-0.9918,0.1249,0,0.0133,-0.1245,-0.9921,0,0.1085,-0.001,-0.0117,1]},
{"frame":26,"values":[0.9995,0.0295,0.0096,0,0.028,-0.9911,0.1301,0,0.0134,-0.1297,-0.9914,0,0.1085,-0.001,-0.0117,1]},
{"frame":27,"values":[0.9995,0.0296,0.0096,0,0.028,-0.9906,0.1339,0,0.0135,-0.1336,-0.9909,0,0.1085,-0.001,-0.0117,1]},
{"frame":28,"values":[0.9995,0.0296,0.0095,0,0.0281,-0.9903,0.1363,0,0.0135,-0.136,-0.9906,0,0.1085,-0.001,-0.0117,1]},
{"frame":29,"values":[0.9995,0.0297,0.0095,0,0.0281,-0.9902,0.1371,0,0.0135,-0.1368,-0.9905,0,0.1085,-0.001,-0.0117,1]},
{"frame":32,"values":[0.9995,0.0296,0.0095,0,0.0281,-0.9903,0.1363,0,0.0135,-0.136,-0.9906,0,0.1085,-0.001,-0.0117,1]},
{"frame":33,"values":[0.9995,0.0296,0.0096,0,0.028,-0.9906,0.1341,0,0.0135,-0.1338,-0.9909,0,0.1085,-0.001,-0.0117,1]},
{"frame":34,"values":[0.9995,0.0295,0.0096,0,0.028,-0.991,0.1305,0,0.0134,-0.1302,-0.9914,0,0.1085,-0.001,-0.0117,1]},
{"frame":35,"values":[0.9995,0.0294,0.0097,0,0.0279,-0.9917,0.1257,0,0.0133,-0.1253,-0.992,0,0.1085,-0.001,-0.0117,1]},
{"frame":36,"values":[0.9995,0.0292,0.0097,0,0.0279,-0.9924,0.1195,0,0.0132,-0.1192,-0.9928,0,0.1085,-0.001,-0.0117,1]},
{"frame":37,"values":[0.9995,0.0291,0.0098,0,0.0278,-0.9933,0.1123,0,0.013,-0.112,-0.9936,0,0.1085,-0.001,-0.0117,1]},
{"frame":38,"values":[0.9995,0.0288,0.0099,0,0.0277,-0.9942,0.1038,0,0.0129,-0.1035,-0.9945,0,0.1085,-0.001,-0.0117,1]},
{"frame":39,"values":[0.9995,0.0286,0.01,0,0.0276,-0.9951,0.0945,0,0.0127,-0.0942,-0.9955,0,0.1085,-0.001,-0.0117,1]},
{"frame":40,"values":[0.9995,0.0284,0.0102,0,0.0274,-0.9961,0.0841,0,0.0125,-0.0838,-0.9964,0,0.1085,-0.001,-0.0117,1]},
{"frame":41,"values":[0.9996,0.0281,0.0103,0,0.0273,-0.997,0.0727,0,0.0123,-0.0724,-0.9973,0,0.1085,-0.001,-0.0117,1]},
{"frame":42,"values":[0.9996,0.0279,0.0104,0,0.0272,-0.9978,0.0605,0,0.0121,-0.0602,-0.9981,0,0.1085,-0.001,-0.0117,1]},
{"frame":43,"values":[0.9996,0.0276,0.0105,0,0.027,-0.9985,0.0474,0,0.0118,-0.0471,-0.9988,0,0.1085,-0.001,-0.0117,1]},
{"frame":44,"values":[0.9996,0.0273,0.0107,0,0.0269,-0.9991,0.0335,0,0.0116,-0.0332,-0.9994,0,0.1085,-0.001,-0.0117,1]},
{"frame":45,"values":[0.9996,0.027,0.0108,0,0.0268,-0.9995,0.0189,0,0.0113,-0.0186,-0.9998,0,0.1085,-0.001,-0.0117,1]},
{"frame":46,"values":[0.9996,0.0267,0.0109,0,0.0266,-0.9996,0.0035,0,0.011,-0.0032,-0.9999,0,0.1085,-0.001,-0.0117,1]},
{"frame":47,"values":[0.9996,0.0264,0.011,0,0.0265,-0.9996,-0.0124,0,0.0107,0.0127,-0.9999,0,0.1085,-0.001,-0.0117,1]},
{"frame":48,"values":[0.9996,0.0261,0.0111,0,0.0264,-0.9992,-0.0289,0,0.0104,0.0292,-0.9995,0,0.1085,-0.001,-0.0117,1]},
{"frame":49,"values":[0.9996,0.0258,0.0112,0,0.0263,-0.9986,-0.0459,0,0.0101,0.0462,-0.9989,0,0.1085,-0.001,-0.0117,1]},
{"frame":50,"values":[0.9996,0.0255,0.0113,0,0.0261,-0.9977,-0.0633,0,0.0097,0.0636,-0.9979,0,0.1085,-0.001,-0.0117,1]},
{"frame":51,"values":[0.9996,0.0252,0.0114,0,0.026,-0.9964,-0.0811,0,0.0094,0.0814,-0.9966,0,0.1085,-0.001,-0.0117,1]},
{"frame":52,"values":[0.9996,0.0249,0.0115,0,0.0259,-0.9948,-0.0989,0,0.009,0.0992,-0.995,0,0.1085,-0.001,-0.0117,1]},
{"frame":53,"values":[0.9996,0.0246,0.0116,0,0.0258,-0.9928,-0.1168,0,0.0086,0.117,-0.9931,0,0.1085,-0.001,-0.0117,1]},
{"frame":54,"values":[0.9996,0.0244,0.0117,0,0.0257,-0.9906,-0.1344,0,0.0083,0.1346,-0.9909,0,0.1085,-0.001,-0.0117,1]},
{"frame":55,"values":[0.9996,0.0241,0.0117,0,0.0256,-0.9882,-0.1513,0,0.0079,0.1516,-0.9884,0,0.1085,-0.001,-0.0117,1]},
{"frame":56,"values":[0.9996,0.0239,0.0117,0,0.0255,-0.9856,-0.1672,0,0.0076,0.1674,-0.9858,0,0.1085,-0.001,-0.0117,1]},
{"frame":57,"values":[0.9996,0.0237,0.0118,0,0.0255,-0.9831,-0.1813,0,0.0073,0.1816,-0.9833,0,0.1085,-0.001,-0.0117,1]},
{"frame":58,"values":[0.9997,0.0236,0.0118,0,0.0254,-0.9809,-0.1928,0,0.007,0.193,-0.9812,0,0.1085,-0.001,-0.0117,1]},
{"frame":59,"values":[0.9997,0.0235,0.0118,0,0.0254,-0.9794,-0.2004,0,0.0069,0.2007,-0.9796,0,0.1085,-0.001,-0.0117,1]},
{"frame":60,"values":[0.9997,0.0234,0.0118,0,0.0254,-0.9788,-0.2032,0,0.0068,0.2034,-0.9791,0,0.1085,-0.001,-0.0117,1]},
{"frame":71,"values":[0.9997,0.0234,0.0118,0,0.0254,-0.9788,-0.2032,0,0.0068,0.2034,-0.9791,0,0.1085,-0.001,-0.0117,1]},
{"frame":100,"values":[0.9997,0.0234,0.0118,0,0.0254,-0.9788,-0.2032,0,0.0068,0.2034,-0.9791,0,0.1085,-0.001,-0.0117,1]}]}},
{"name":"LeftLeg","index":2,"matrix":[0.9998,-0.0028,0.0203,0,-0.0019,0.9734,0.2292,0,-0.0204,-0.2292,0.9732,0,0,0.4176,0,1],"rest":[0.9998,-0.0013,0.0205,0,-0.0009,0.994,0.1093,0,-0.0206,-0.1093,0.9938,0,0,0.4176,0,1],"parentBoneIndex":1,"length":0.4362
,"animation":{"name":"anim","property":"_matrix","dataType":3,"framePerSecond":24,"loopBehavior":1,"keys":[
{"frame":1,"values":[0.9998,-0.0028,0.0203,0,-0.0019,0.9734,0.2292,0,-0.0204,-0.2292,0.9732,0,0,0.4176,0,1]},
{"frame":2,"values":[0.9998,-0.0029,0.0203,0,-0.0019,0.972,0.2349,0,-0.0204,-0.2349,0.9718,0,0,0.4176,0,1]},
{"frame":3,"values":[0.9998,-0.0031,0.0202,0,-0.0021,0.9681,0.2507,0,-0.0204,-0.2507,0.9679,0,0,0.4176,0,1]},
{"frame":4,"values":[0.9998,-0.0034,0.0201,0,-0.0022,0.9617,0.2739,0,-0.0203,-0.2739,0.9615,0,0,0.4176,0,1]},
{"frame":5,"values":[0.9998,-0.0038,0.02,0,-0.0025,0.9533,0.3022,0,-0.0202,-0.3022,0.953,0,0,0.4176,0,1]},
{"frame":6,"values":[0.9998,-0.0041,0.0199,0,-0.0027,0.9428,0.3333,0,-0.0201,-0.3333,0.9426,0,0,0.4176,0,1]},
{"frame":7,"values":[0.9998,-0.0045,0.0198,0,-0.003,0.9306,0.366,0,-0.02,-0.3659,0.9304,0,0,0.4176,0,1]},
{"frame":8,"values":[0.9998,-0.005,0.0196,0,-0.0033,0.9169,0.399,0,-0.0199,-0.399,0.9167,0,0,0.4176,0,1]},
{"frame":9,"values":[0.9998,-0.0054,0.0194,0,-0.0035,0.9019,0.432,0,-0.0198,-0.432,0.9017,0,0,0.4176,0,1]},
{"frame":10,"values":[0.9998,-0.0058,0.0192,0,-0.0038,0.8858,0.4641,0,-0.0197,-0.4641,0.8856,0,0,0.4176,0,1]},
{"frame":11,"values":[0.9998,-0.0062,0.019,0,-0.0041,0.8687,0.4954,0,-0.0195,-0.4953,0.8685,0,0,0.4176,0,1]},
{"frame":12,"values":[0.9998,-0.0065,0.0188,0,-0.0043,0.851,0.5251,0,-0.0194,-0.5251,0.8508,0,0,0.4176,0,1]},
{"frame":13,"values":[0.9998,-0.0069,0.0185,0,-0.0045,0.8327,0.5537,0,-0.0192,-0.5537,0.8325,0,0,0.4176,0,1]},
{"frame":14,"values":[0.9998,-0.0072,0.0183,0,-0.0047,0.8142,0.5806,0,-0.0191,-0.5805,0.814,0,0,0.4176,0,1]},
{"frame":15,"values":[0.9998,-0.0075,0.0181,0,-0.005,0.7955,0.6059,0,-0.0189,-0.6058,0.7954,0,0,0.4176,0,1]},
{"frame":16,"values":[0.9998,-0.0078,0.0178,0,-0.0051,0.777,0.6294,0,-0.0188,-0.6294,0.7768,0,0,0.4176,0,1]},
{"frame":17,"values":[0.9998,-0.0081,0.0176,0,-0.0053,0.7588,0.6513,0,-0.0186,-0.6512,0.7586,0,0,0.4176,0,1]},
{"frame":18,"values":[0.9998,-0.0084,0.0174,0,-0.0055,0.741,0.6715,0,-0.0185,-0.6714,0.7408,0,0,0.4176,0,1]},
{"frame":19,"values":[0.9998,-0.0086,0.0172,0,-0.0056,0.7239,0.6899,0,-0.0184,-0.6899,0.7237,0,0,0.4176,0,1]},
{"frame":20,"values":[0.9998,-0.0088,0.017,0,-0.0058,0.7076,0.7066,0,-0.0182,-0.7065,0.7074,0,0,0.4176,0,1]},
{"frame":21,"values":[0.9998,-0.009,0.0168,0,-0.0059,0.6923,0.7216,0,-0.0181,-0.7215,0.6921,0,0,0.4176,0,1]},
{"frame":22,"values":[0.9998,-0.0091,0.0166,0,-0.006,0.6782,0.7348,0,-0.018,-0.7348,0.6781,0,0,0.4176,0,1]},
{"frame":23,"values":[0.9998,-0.0093,0.0164,0,-0.0061,0.6654,0.7465,0,-0.0179,-0.7465,0.6652,0,0,0.4176,0,1]},
{"frame":24,"values":[0.9998,-0.0094,0.0163,0,-0.0062,0.6541,0.7564,0,-0.0178,-0.7564,0.6539,0,0,0.4176,0,1]},
{"frame":25,"values":[0.9998,-0.0095,0.0162,0,-0.0062,0.6445,0.7646,0,-0.0177,-0.7646,0.6443,0,0,0.4176,0,1]},
{"frame":26,"values":[0.9998,-0.0096,0.0161,0,-0.0063,0.6367,0.7711,0,-0.0176,-0.771,0.6365,0,0,0.4176,0,1]},
{"frame":27,"values":[0.9998,-0.0097,0.016,0,-0.0063,0.631,0.7758,0,-0.0176,-0.7758,0.6308,0,0,0.4176,0,1]},
{"frame":28,"values":[0.9998,-0.0097,0.016,0,-0.0064,0.6274,0.7787,0,-0.0176,-0.7787,0.6272,0,0,0.4176,0,1]},
{"frame":29,"values":[0.9998,-0.0097,0.016,0,-0.0064,0.6261,0.7797,0,-0.0176,-0.7796,0.626,0,0,0.4176,0,1]},
{"frame":32,"values":[0.9998,-0.0097,0.016,0,-0.0064,0.6273,0.7788,0,-0.0176,-0.7787,0.6271,0,0,0.4176,0,1]},
{"frame":33,"values":[0.9998,-0.0097,0.016,0,-0.0063,0.6306,0.7761,0,-0.0176,-0.776,0.6305,0,0,0.4176,0,1]},
{"frame":34,"values":[0.9998,-0.0096,0.0161,0,-0.0063,0.636,0.7717,0,-0.0176,-0.7716,0.6358,0,0,0.4176,0,1]},
{"frame":35,"values":[0.9998,-0.0095,0.0162,0,-0.0063,0.6433,0.7656,0,-0.0177,-0.7656,0.6431,0,0,0.4176,0,1]},
{"frame":36,"values":[0.9998,-0.0094,0.0163,0,-0.0062,0.6523,0.7579,0,-0.0178,-0.7579,0.6521,0,0,0.4176,0,1]},
{"frame":37,"values":[0.9998,-0.0093,0.0164,0,-0.0061,0.6629,0.7487,0,-0.0179,-0.7487,0.6627,0,0,0.4176,0,1]},
{"frame":38,"values":[0.9998,-0.0092,0.0166,0,-0.006,0.675,0.7378,0,-0.018,-0.7377,0.6749,0,0,0.4176,0,1]},
{"frame":39,"values":[0.9998,-0.009,0.0167,0,-0.0059,0.6883,0.7254,0,-0.0181,-0.7254,0.6881,0,0,0.4176,0,1]},
{"frame":40,"values":[0.9998,-0.0089,0.0169,0,-0.0058,0.7027,0.7114,0,-0.0182,-0.7114,0.7026,0,0,0.4176,0,1]},
{"frame":41,"values":[0.9998,-0.0087,0.0171,0,-0.0057,0.7182,0.6958,0,-0.0183,-0.6958,0.718,0,0,0.4176,0,1]},
{"frame":42,"values":[0.9998,-0.0084,0.0173,0,-0.0055,0.7344,0.6787,0,-0.0184,-0.6786,0.7342,0,0,0.4176,0,1]},
{"frame":43,"values":[0.9998,-0.0082,0.0175,0,-0.0054,0.7514,0.6598,0,-0.0186,-0.6597,0.7513,0,0,0.4176,0,1]},
{"frame":44,"values":[0.9998,-0.008,0.0177,0,-0.0052,0.7688,0.6394,0,-0.0187,-0.6394,0.7686,0,0,0.4176,0,1]},
{"frame":45,"values":[0.9998,-0.0077,0.018,0,-0.005,0.7866,0.6175,0,-0.0189,-0.6174,0.7864,0,0,0.4176,0,1]},
{"frame":46,"values":[0.9998,-0.0074,0.0182,0,-0.0049,0.8046,0.5937,0,-0.019,-0.5937,0.8044,0,0,0.4176,0,1]},
{"frame":47,"values":[0.9998,-0.0071,0.0184,0,-0.0046,0.8225,0.5687,0,-0.0192,-0.5687,0.8223,0,0,0.4176,0,1]},
{"frame":48,"values":[0.9998,-0.0067,0.0186,0,-0.0044,0.8403,0.5421,0,-0.0193,-0.5421,0.8401,0,0,0.4176,0,1]},
{"frame":49,"values":[0.9998,-0.0064,0.0188,0,-0.0042,0.8578,0.514,0,-0.0195,-0.514,0.8576,0,0,0.4176,0,1]},
{"frame":50,"values":[0.9998,-0.006,0.0191,0,-0.004,0.8746,0.4848,0,-0.0196,-0.4847,0.8744,0,0,0.4176,0,1]},
{"frame":51,"values":[0.9998,-0.0056,0.0193,0,-0.0037,0.8909,0.4542,0,-0.0197,-0.4542,0.8907,0,0,0.4176,0,1]},
{"frame":52,"values":[0.9998,-0.0053,0.0194,0,-0.0035,0.9061,0.423,0,-0.0198,-0.423,0.9059,0,0,0.4176,0,1]},
{"frame":53,"values":[0.9998,-0.0049,0.0196,0,-0.0032,0.9204,0.3911,0,-0.02,-0.3911,0.9201,0,0,0.4176,0,1]},
{"frame":54,"values":[0.9998,-0.0045,0.0198,0,-0.0029,0.9333,0.3591,0,-0.0201,-0.3591,0.9331,0,0,0.4176,0,1]},
{"frame":55,"values":[0.9998,-0.0041,0.0199,0,-0.0027,0.9447,0.3278,0,-0.0202,-0.3278,0.9445,0,0,0.4176,0,1]},
{"frame":56,"values":[0.9998,-0.0037,0.0201,0,-0.0024,0.9545,0.2981,0,-0.0202,-0.298,0.9543,0,0,0.4176,0,1]},
{"frame":57,"values":[0.9998,-0.0034,0.0202,0,-0.0022,0.9625,0.2713,0,-0.0203,-0.2713,0.9623,0,0,0.4176,0,1]},
{"frame":58,"values":[0.9998,-0.0031,0.0202,0,-0.002,0.9684,0.2493,0,-0.0204,-0.2493,0.9682,0,0,0.4176,0,1]},
{"frame":59,"values":[0.9998,-0.0029,0.0203,0,-0.0019,0.9721,0.2346,0,-0.0204,-0.2345,0.9719,0,0,0.4176,0,1]},
{"frame":60,"values":[0.9998,-0.0028,0.0203,0,-0.0019,0.9734,0.2292,0,-0.0204,-0.2292,0.9732,0,0,0.4176,0,1]},
{"frame":71,"values":[0.9998,-0.0028,0.0203,0,-0.0019,0.9734,0.2292,0,-0.0204,-0.2292,0.9732,0,0,0.4176,0,1]},
{"frame":100,"values":[0.9998,-0.0028,0.0203,0,-0.0019,0.9734,0.2292,0,-0.0204,-0.2292,0.9732,0,0,0.4176,0,1]}]}},
{"name":"LeftFoot","index":3,"matrix":[0.9963,-0.0246,0.0824,0,0.086,0.2854,-0.9546,0,0,0.9581,0.2864,0,0,0.4362,0,1],"rest":[0.9963,-0.0246,0.0824,0,0.086,0.2854,-0.9546,0,0,0.9581,0.2864,0,0,0.4362,0,1],"parentBoneIndex":2,"length":0.1479
,"animation":{"name":"anim","property":"_matrix","dataType":3,"framePerSecond":24,"loopBehavior":1,"keys":[
{"frame":1,"values":[0.9963,-0.0246,0.0824,0,0.086,0.2854,-0.9546,0,0,0.9581,0.2864,0,0,0.4362,0,1]},
{"frame":2,"values":[0.9963,-0.0244,0.0826,0,0.0861,0.2842,-0.9549,0,-0.0001,0.9585,0.2853,0,0,0.4362,0,1]},
{"frame":3,"values":[0.9963,-0.0239,0.083,0,0.0864,0.2809,-0.9559,0,-0.0005,0.9595,0.2819,0,0,0.4362,0,1]},
{"frame":4,"values":[0.9962,-0.023,0.0837,0,0.0868,0.2755,-0.9574,0,-0.001,0.961,0.2764,0,0,0.4362,0,1]},
{"frame":5,"values":[0.9962,-0.0218,0.0846,0,0.0874,0.2682,-0.9594,0,-0.0018,0.9631,0.2691,0,0,0.4362,0,1]},
{"frame":6,"values":[0.9961,-0.0203,0.0857,0,0.0881,0.2592,-0.9618,0,-0.0027,0.9656,0.26,0,0,0.4362,0,1]},
{"frame":7,"values":[0.996,-0.0185,0.087,0,0.0889,0.2486,-0.9645,0,-0.0038,0.9684,0.2493,0,0,0.4362,0,1]},
{"frame":8,"values":[0.9959,-0.0164,0.0885,0,0.0899,0.2366,-0.9674,0,-0.005,0.9715,0.2372,0,0,0.4362,0,1]},
{"frame":9,"values":[0.9958,-0.0142,0.0901,0,0.091,0.2234,-0.9705,0,-0.0064,0.9746,0.2238,0,0,0.4362,0,1]},
{"frame":10,"values":[0.9957,-0.0117,0.0917,0,0.0921,0.2091,-0.9735,0,-0.0078,0.9778,0.2093,0,0,0.4362,0,1]},
{"frame":11,"values":[0.9956,-0.0091,0.0934,0,0.0934,0.1939,-0.9766,0,-0.0092,0.981,0.1939,0,0,0.4362,0,1]},
{"frame":12,"values":[0.9954,-0.0063,0.0952,0,0.0948,0.1779,-0.9795,0,-0.0108,0.984,0.1777,0,0,0.4362,0,1]},
{"frame":13,"values":[0.9953,-0.0034,0.0969,0,0.0962,0.1613,-0.9822,0,-0.0123,0.9869,0.1609,0,0,0.4362,0,1]},
{"frame":14,"values":[0.9951,-0.0004,0.0987,0,0.0977,0.1444,-0.9847,0,-0.0139,0.9895,0.1437,0,0,0.4362,0,1]},
{"frame":15,"values":[0.9949,0.0027,0.1004,0,0.0992,0.1272,-0.9869,0,-0.0154,0.9919,0.1263,0,0,0.4362,0,1]},
{"frame":16,"values":[0.9948,0.0058,0.1021,0,0.1008,0.11,-0.9888,0,-0.0169,0.9939,0.1088,0,0,0.4362,0,1]},
{"frame":17,"values":[0.9946,0.0088,0.1036,0,0.1024,0.0929,-0.9904,0,-0.0184,0.9956,0.0915,0,0,0.4362,0,1]},
{"frame":18,"values":[0.9944,0.0119,0.1051,0,0.1039,0.0762,-0.9917,0,-0.0198,0.997,0.0745,0,0,0.4362,0,1]},
{"frame":19,"values":[0.9942,0.0149,0.1065,0,0.1055,0.06,-0.9926,0,-0.0211,0.9981,0.0581,0,0,0.4362,0,1]},
{"frame":20,"values":[0.994,0.0177,0.1078,0,0.107,0.0445,-0.9933,0,-0.0224,0.9989,0.0423,0,0,0.4362,0,1]},
{"frame":21,"values":[0.9938,0.0204,0.109,0,0.1084,0.0299,-0.9937,0,-0.0236,0.9993,0.0275,0,0,0.4362,0,1]},
{"frame":22,"values":[0.9937,0.023,0.1101,0,0.1097,0.0163,-0.9938,0,-0.0246,0.9996,0.0137,0,0,0.4362,0,1]},
{"frame":23,"values":[0.9935,0.0253,0.111,0,0.1109,0.004,-0.9938,0,-0.0256,0.9997,0.0012,0,0,0.4362,0,1]},
{"frame":24,"values":[0.9934,0.0274,0.1118,0,0.112,-0.0069,-0.9937,0,-0.0264,0.9996,-0.0099,0,0,0.4362,0,1]},
{"frame":25,"values":[0.9932,0.0291,0.1124,0,0.1129,-0.0161,-0.9935,0,-0.0271,0.9994,-0.0193,0,0,0.4362,0,1]},
{"frame":26,"values":[0.9931,0.0305,0.113,0,0.1137,-0.0237,-0.9932,0,-0.0277,0.9993,-0.027,0,0,0.4362,0,1]},
{"frame":27,"values":[0.9931,0.0316,0.1134,0,0.1143,-0.0293,-0.993,0,-0.0281,0.9991,-0.0327,0,0,0.4362,0,1]},
{"frame":28,"values":[0.993,0.0323,0.1136,0,0.1146,-0.0327,-0.9929,0,-0.0283,0.9989,-0.0362,0,0,0.4362,0,1]},
{"frame":29,"values":[0.993,0.0325,0.1137,0,0.1148,-0.0339,-0.9928,0,-0.0284,0.9989,-0.0374,0,0,0.4362,0,1]},
{"frame":32,"values":[0.993,0.0323,0.1136,0,0.1146,-0.0328,-0.9929,0,-0.0283,0.9989,-0.0363,0,0,0.4362,0,1]},
{"frame":33,"values":[0.993,0.0317,0.1134,0,0.1143,-0.0296,-0.993,0,-0.0281,0.9991,-0.033,0,0,0.4362,0,1]},
{"frame":34,"values":[0.9931,0.0307,0.113,0,0.1138,-0.0243,-0.9932,0,-0.0277,0.9992,-0.0277,0,0,0.4362,0,1]},
{"frame":35,"values":[0.9932,0.0293,0.1125,0,0.1131,-0.0173,-0.9934,0,-0.0272,0.9994,-0.0205,0,0,0.4362,0,1]},
{"frame":36,"values":[0.9933,0.0277,0.1119,0,0.1122,-0.0086,-0.9937,0,-0.0265,0.9996,-0.0116,0,0,0.4362,0,1]},
{"frame":37,"values":[0.9935,0.0257,0.1112,0,0.1112,0.0017,-0.9938,0,-0.0258,0.9997,-0.0012,0,0,0.4362,0,1]},
{"frame":38,"values":[0.9936,0.0236,0.1103,0,0.11,0.0132,-0.9938,0,-0.0249,0.9996,0.0106,0,0,0.4362,0,1]},
{"frame":39,"values":[0.9938,0.0212,0.1093,0,0.1088,0.026,-0.9937,0,-0.0239,0.9994,0.0236,0,0,0.4362,0,1]},
{"frame":40,"values":[0.994,0.0186,0.1082,0,0.1074,0.0399,-0.9934,0,-0.0228,0.999,0.0376,0,0,0.4362,0,1]},
{"frame":41,"values":[0.9941,0.0159,0.107,0,0.106,0.0546,-0.9929,0,-0.0216,0.9984,0.0526,0,0,0.4362,0,1]},
{"frame":42,"values":[0.9943,0.013,0.1057,0,0.1045,0.07,-0.9921,0,-0.0203,0.9975,0.0682,0,0,0.4362,0,1]},
{"frame":43,"values":[0.9945,0.0101,0.1043,0,0.103,0.086,-0.991,0,-0.019,0.9962,0.0844,0,0,0.4362,0,1]},
{"frame":44,"values":[0.9947,0.0071,0.1028,0,0.1015,0.1023,-0.9896,0,-0.0176,0.9947,0.101,0,0,0.4362,0,1]},
{"frame":45,"values":[0.9949,0.0042,0.1012,0,0.1,0.1189,-0.9879,0,-0.0161,0.9929,0.1179,0,0,0.4362,0,1]},
{"frame":46,"values":[0.995,0.0012,0.0996,0,0.0985,0.1355,-0.9859,0,-0.0147,0.9908,0.1347,0,0,0.4362,0,1]},
{"frame":47,"values":[0.9952,-0.0018,0.0979,0,0.097,0.152,-0.9836,0,-0.0132,0.9884,0.1514,0,0,0.4362,0,1]},
{"frame":48,"values":[0.9953,-0.0046,0.0962,0,0.0956,0.1682,-0.9811,0,-0.0117,0.9857,0.1679,0,0,0.4362,0,1]},
{"frame":49,"values":[0.9955,-0.0074,0.0945,0,0.0943,0.184,-0.9784,0,-0.0102,0.9829,0.1839,0,0,0.4362,0,1]},
{"frame":50,"values":[0.9956,-0.01,0.0928,0,0.093,0.1992,-0.9755,0,-0.0087,0.9799,0.1993,0,0,0.4362,0,1]},
{"frame":51,"values":[0.9958,-0.0125,0.0912,0,0.0918,0.2137,-0.9726,0,-0.0073,0.9768,0.2139,0,0,0.4362,0,1]},
{"frame":52,"values":[0.9959,-0.0148,0.0896,0,0.0906,0.2272,-0.9696,0,-0.006,0.9737,0.2276,0,0,0.4362,0,1]},
{"frame":53,"values":[0.996,-0.017,0.0881,0,0.0896,0.2397,-0.9667,0,-0.0047,0.9707,0.2402,0,0,0.4362,0,1]},
{"frame":54,"values":[0.9961,-0.0189,0.0868,0,0.0887,0.2509,-0.9639,0,-0.0036,0.9678,0.2516,0,0,0.4362,0,1]},
{"frame":55,"values":[0.9961,-0.0205,0.0855,0,0.0879,0.2609,-0.9614,0,-0.0026,0.9652,0.2617,0,0,0.4362,0,1]},
{"frame":56,"values":[0.9962,-0.022,0.0845,0,0.0873,0.2693,-0.9591,0,-0.0017,0.9628,0.2702,0,0,0.4362,0,1]},
{"frame":57,"values":[0.9962,-0.0231,0.0836,0,0.0867,0.2761,-0.9572,0,-0.001,0.9608,0.2771,0,0,0.4362,0,1]},
{"frame":58,"values":[0.9963,-0.0239,0.083,0,0.0863,0.2812,-0.9558,0,-0.0004,0.9594,0.2822,0,0,0.4362,0,1]},
{"frame":59,"values":[0.9963,-0.0245,0.0826,0,0.0861,0.2843,-0.9549,0,-0.0001,0.9584,0.2853,0,0,0.4362,0,1]},
{"frame":60,"values":[0.9963,-0.0246,0.0824,0,0.086,0.2854,-0.9546,0,0,0.9581,0.2864,0,0,0.4362,0,1]},
{"frame":71,"values":[0.9963,-0.0246,0.0824,0,0.086,0.2854,-0.9546,0,0,0.9581,0.2864,0,0,0.4362,0,1]},
{"frame":100,"values":[0.9963,-0.0246,0.0824,0,0.086,0.2854,-0.9546,0,0,0.9581,0.2864,0,0,0.4362,0,1]}]}},
{"name":"LeftToeBase","index":4,"matrix":[0.9985,0.054,-0.0057,0,-0.054,0.979,-0.1965,0,-0.005,0.1965,0.9805,0,0,0.1479,0,1],"rest":[0.9985,0.054,-0.0057,0,-0.054,0.979,-0.1965,0,-0.005,0.1965,0.9805,0,0,0.1479,0,1],"parentBoneIndex":3,"length":0.0206
,"animation":{"name":"anim","property":"_matrix","dataType":3,"framePerSecond":24,"loopBehavior":1,"keys":[
{"frame":1,"values":[0.9985,0.054,-0.0057,0,-0.054,0.979,-0.1965,0,-0.005,0.1965,0.9805,0,0,0.1479,0,1]},
{"frame":60,"values":[0.9985,0.054,-0.0057,0,-0.054,0.979,-0.1965,0,-0.005,0.1965,0.9805,0,0,0.1479,0,1]},
{"frame":71,"values":[0.9985,0.054,-0.0057,0,-0.054,0.979,-0.1965,0,-0.005,0.1965,0.9805,0,0,0.1479,0,1]},
{"frame":100,"values":[0.9985,0.054,-0.0057,0,-0.054,0.979,-0.1965,0,-0.005,0.1965,0.9805,0,0,0.1479,0,1]}]}},
{"name":"LowerBack","index":5,"matrix":[1,0,0,0,0,0.9387,0.3449,0,0,-0.3449,0.9387,0,0,0.0931,0,1],"rest":[1,0,0,0,0,0.9387,0.3449,0,0,-0.3449,0.9387,0,0,0.0931,0,1],"parentBoneIndex":0,"length":0.1297
,"animation":{"name":"anim","property":"_matrix","dataType":3,"framePerSecond":24,"loopBehavior":1,"keys":[
{"frame":1,"values":[1,0,0,0,0,0.9387,0.3449,0,0,-0.3449,0.9387,0,0,0.0931,0,1]},
{"frame":60,"values":[1,0,0,0,0,0.9387,0.3449,0,0,-0.3449,0.9387,0,0,0.0931,0,1]},
{"frame":71,"values":[1,0,0,0,0,0.9387,0.3449,0,0,-0.3449,0.9387,0,0,0.0931,0,1]},
{"frame":100,"values":[1,0,0,0,0,0.9387,0.3449,0,0,-0.3449,0.9387,0,0,0.0931,0,1]}]}},
{"name":"Spine","index":6,"matrix":[1,0,0,0,0,0.9872,-0.1596,0,0,0.1596,0.9872,0,0,0.1297,0,1],"rest":[1,0,0,0,0,0.9872,-0.1596,0,0,0.1596,0.9872,0,0,0.1297,0,1],"parentBoneIndex":5,"length":0.1372
,"animation":{"name":"anim","property":"_matrix","dataType":3,"framePerSecond":24,"loopBehavior":1,"keys":[
{"frame":1,"values":[1,0,0,0,0,0.9872,-0.1596,0,0,0.1596,0.9872,0,0,0.1297,0,1]},
{"frame":60,"values":[1,0,0,0,0,0.9872,-0.1596,0,0,0.1596,0.9872,0,0,0.1297,0,1]},
{"frame":71,"values":[1,0,0,0,0,0.9872,-0.1596,0,0,0.1596,0.9872,0,0,0.1297,0,1]},
{"frame":100,"values":[1,0,0,0,0,0.9872,-0.1596,0,0,0.1596,0.9872,0,0,0.1297,0,1]}]}},
{"name":"Spine1","index":7,"matrix":[1,0,0,0,0,0.9016,0.4325,0,0,-0.4325,0.9016,0,0,0.1372,0,1],"rest":[1,0,0,0,0,0.9016,0.4325,0,0,-0.4325,0.9016,0,0,0.1372,0,1],"parentBoneIndex":6,"length":0.2163
,"animation":{"name":"anim","property":"_matrix","dataType":3,"framePerSecond":24,"loopBehavior":1,"keys":[
{"frame":1,"values":[1,0,0,0,0,0.9016,0.4325,0,0,-0.4325,0.9016,0,0,0.1372,0,1]},
{"frame":60,"values":[1,0,0,0,0,0.9016,0.4325,0,0,-0.4325,0.9016,0,0,0.1372,0,1]},
{"frame":71,"values":[1,0,0,0,0,0.9016,0.4325,0,0,-0.4325,0.9016,0,0,0.1372,0,1]},
{"frame":100,"values":[1,0,0,0,0,0.9016,0.4325,0,0,-0.4325,0.9016,0,0,0.1372,0,1]}]}},
{"name":"LeftShoulder","index":8,"matrix":[-0.1779,-0.9132,0.3666,0,0.9831,-0.1812,0.0256,0,0.043,0.365,0.93,0,0.0228,0.148,0.0316,1],"rest":[-0.1779,-0.9132,0.3666,0,0.9831,-0.1812,0.0256,0,0.043,0.365,0.93,0,0.0228,0.148,0.0316,1],"parentBoneIndex":7,"length":0.1665
,"animation":{"name":"anim","property":"_matrix","dataType":3,"framePerSecond":24,"loopBehavior":1,"keys":[
{"frame":1,"values":[-0.1779,-0.9132,0.3666,0,0.9831,-0.1812,0.0256,0,0.043,0.365,0.93,0,0.0228,0.148,0.0316,1]},
{"frame":60,"values":[-0.1779,-0.9132,0.3666,0,0.9831,-0.1812,0.0256,0,0.043,0.365,0.93,0,0.0228,0.148,0.0316,1]},
{"frame":71,"values":[-0.1779,-0.9132,0.3666,0,0.9831,-0.1812,0.0256,0,0.043,0.365,0.93,0,0.0228,0.148,0.0316,1]},
{"frame":100,"values":[-0.1779,-0.9132,0.3666,0,0.9831,-0.1812,0.0256,0,0.043,0.365,0.93,0,0.0228,0.148,0.0316,1]}]}},
{"name":"LeftArm","index":9,"matrix":[0.3372,-0.8764,-0.3438,0,0.8717,0.4286,-0.2375,0,0.3555,-0.2196,0.9085,0,0,0.1665,0,1],"rest":[0.7831,-0.6215,-0.0203,0,0.6204,0.7831,-0.0441,0,0.0433,0.0219,0.9988,0,0,0.1665,0,1],"parentBoneIndex":8,"length":0.252
,"animation":{"name":"anim","property":"_matrix","dataType":3,"framePerSecond":24,"loopBehavior":1,"keys":[
{"frame":1,"values":[0.3372,-0.8764,-0.3438,0,0.8717,0.4286,-0.2375,0,0.3555,-0.2196,0.9085,0,0,0.1665,0,1]},
{"frame":2,"values":[0.3365,-0.8765,-0.3442,0,0.871,0.4286,-0.24,0,0.3579,-0.219,0.9077,0,0,0.1665,0,1]},
{"frame":3,"values":[0.3344,-0.8769,-0.3453,0,0.869,0.4287,-0.247,0,0.3646,-0.2175,0.9054,0,0,0.1665,0,1]},
{"frame":4,"values":[0.331,-0.8774,-0.3472,0,0.8658,0.4287,-0.258,0,0.3753,-0.2152,0.9016,0,0,0.1665,0,1]},
{"frame":5,"values":[0.3264,-0.8782,-0.3496,0,0.8615,0.4286,-0.2724,0,0.3891,-0.2123,0.8964,0,0,0.1665,0,1]},
{"frame":6,"values":[0.3206,-0.8791,-0.3526,0,0.8561,0.4283,-0.2893,0,0.4054,-0.2091,0.8899,0,0,0.1665,0,1]},
{"frame":7,"values":[0.3138,-0.8802,-0.3561,0,0.8498,0.4276,-0.3083,0,0.4236,-0.2059,0.8821,0,0,0.1665,0,1]},
{"frame":8,"values":[0.3059,-0.8814,-0.36,0,0.8426,0.4266,-0.3286,0,0.4432,-0.2028,0.8732,0,0,0.1665,0,1]},
{"frame":9,"values":[0.2971,-0.8827,-0.3641,0,0.8348,0.4252,-0.3497,0,0.4635,-0.2,0.8632,0,0,0.1665,0,1]},
{"frame":10,"values":[0.2875,-0.8841,-0.3685,0,0.8263,0.4235,-0.3713,0,0.4843,-0.1977,0.8523,0,0,0.1665,0,1]},
{"frame":11,"values":[0.2771,-0.8855,-0.373,0,0.8174,0.4213,-0.3929,0,0.5051,-0.196,0.8405,0,0,0.1665,0,1]},
{"frame":12,"values":[0.266,-0.887,-0.3775,0,0.8082,0.4187,-0.4142,0,0.5255,-0.1949,0.8282,0,0,0.1665,0,1]},
{"frame":13,"values":[0.2543,-0.8885,-0.3821,0,0.7987,0.4157,-0.435,0,0.5453,-0.1945,0.8154,0,0,0.1665,0,1]},
{"frame":14,"values":[0.2422,-0.8899,-0.3865,0,0.7893,0.4124,-0.4549,0,0.5642,-0.1949,0.8023,0,0,0.1665,0,1]},
{"frame":15,"values":[0.2297,-0.8914,-0.3908,0,0.78,0.4087,-0.4739,0,0.5822,-0.1959,0.7891,0,0,0.1665,0,1]},
{"frame":16,"values":[0.217,-0.8928,-0.3948,0,0.7709,0.4049,-0.4918,0,0.5989,-0.1976,0.7761,0,0,0.1665,0,1]},
{"frame":17,"values":[0.2043,-0.8941,-0.3986,0,0.7622,0.4008,-0.5084,0,0.6143,-0.2,0.7633,0,0,0.1665,0,1]},
{"frame":18,"values":[0.1916,-0.8953,-0.4021,0,0.754,0.3965,-0.5237,0,0.6283,-0.2028,0.751,0,0,0.1665,0,1]},
{"frame":19,"values":[0.1792,-0.8965,-0.4052,0,0.7464,0.3922,-0.5376,0,0.6409,-0.2062,0.7394,0,0,0.1665,0,1]},
{"frame":20,"values":[0.1672,-0.8975,-0.4081,0,0.7395,0.3879,-0.5501,0,0.652,-0.2098,0.7286,0,0,0.1665,0,1]},
{"frame":21,"values":[0.1558,-0.8985,-0.4105,0,0.7334,0.3836,-0.5613,0,0.6617,-0.2136,0.7187,0,0,0.1665,0,1]},
{"frame":22,"values":[0.1451,-0.8993,-0.4126,0,0.728,0.3794,-0.571,0,0.6701,-0.2175,0.7097,0,0,0.1665,0,1]},
{"frame":23,"values":[0.1353,-0.9,-0.4143,0,0.7234,0.3755,-0.5794,0,0.677,-0.2213,0.7019,0,0,0.1665,0,1]},
{"frame":24,"values":[0.1266,-0.9006,-0.4158,0,0.7196,0.3719,-0.5864,0,0.6827,-0.2249,0.6952,0,0,0.1665,0,1]},
{"frame":25,"values":[0.1192,-0.9011,-0.4169,0,0.7165,0.3687,-0.5921,0,0.6873,-0.2282,0.6896,0,0,0.1665,0,1]},
{"frame":26,"values":[0.1131,-0.9015,-0.4178,0,0.7142,0.3661,-0.5966,0,0.6907,-0.2309,0.6853,0,0,0.1665,0,1]},
{"frame":27,"values":[0.1086,-0.9018,-0.4184,0,0.7126,0.3641,-0.5998,0,0.6932,-0.233,0.6821,0,0,0.1665,0,1]},
{"frame":28,"values":[0.1058,-0.9019,-0.4187,0,0.7116,0.3628,-0.6017,0,0.6946,-0.2343,0.6802,0,0,0.1665,0,1]},
{"frame":29,"values":[0.1048,-0.902,-0.4188,0,0.7112,0.3624,-0.6024,0,0.6951,-0.2348,0.6795,0,0,0.1665,0,1]},
{"frame":32,"values":[0.1057,-0.9019,-0.4187,0,0.7115,0.3628,-0.6017,0,0.6946,-0.2343,0.6801,0,0,0.1665,0,1]},
{"frame":33,"values":[0.1083,-0.9018,-0.4184,0,0.7125,0.364,-0.5999,0,0.6933,-0.2331,0.6819,0,0,0.1665,0,1]},
{"frame":34,"values":[0.1126,-0.9015,-0.4178,0,0.714,0.3658,-0.597,0,0.691,-0.2312,0.6849,0,0,0.1665,0,1]},
{"frame":35,"values":[0.1182,-0.9012,-0.417,0,0.7162,0.3683,-0.5928,0,0.6878,-0.2286,0.6889,0,0,0.1665,0,1]},
{"frame":36,"values":[0.1252,-0.9007,-0.416,0,0.719,0.3713,-0.5875,0,0.6836,-0.2255,0.6941,0,0,0.1665,0,1]},
{"frame":37,"values":[0.1334,-0.9001,-0.4147,0,0.7226,0.3747,-0.5809,0,0.6783,-0.2221,0.7004,0,0,0.1665,0,1]},
{"frame":38,"values":[0.1426,-0.8995,-0.413,0,0.7268,0.3784,-0.5732,0,0.6719,-0.2185,0.7077,0,0,0.1665,0,1]},
{"frame":39,"values":[0.1527,-0.8987,-0.4111,0,0.7318,0.3824,-0.5641,0,0.6642,-0.2147,0.7161,0,0,0.1665,0,1]},
{"frame":40,"values":[0.1636,-0.8978,-0.4088,0,0.7375,0.3865,-0.5537,0,0.6552,-0.211,0.7254,0,0,0.1665,0,1]},
{"frame":41,"values":[0.175,-0.8968,-0.4063,0,0.744,0.3907,-0.5421,0,0.6449,-0.2074,0.7356,0,0,0.1665,0,1]},
{"frame":42,"values":[0.1868,-0.8958,-0.4033,0,0.751,0.3949,-0.5291,0,0.6333,-0.2041,0.7466,0,0,0.1665,0,1]},
{"frame":43,"values":[0.199,-0.8946,-0.4001,0,0.7587,0.399,-0.5149,0,0.6203,-0.2011,0.7582,0,0,0.1665,0,1]},
{"frame":44,"values":[0.2113,-0.8934,-0.3966,0,0.7669,0.4031,-0.4994,0,0.606,-0.1986,0.7703,0,0,0.1665,0,1]},
{"frame":45,"values":[0.2236,-0.892,-0.3928,0,0.7755,0.4069,-0.4827,0,0.5904,-0.1967,0.7828,0,0,0.1665,0,1]},
{"frame":46,"values":[0.2358,-0.8907,-0.3887,0,0.7844,0.4105,-0.4649,0,0.5737,-0.1953,0.7955,0,0,0.1665,0,1]},
{"frame":47,"values":[0.2477,-0.8893,-0.3845,0,0.7935,0.4139,-0.4461,0,0.5559,-0.1946,0.8082,0,0,0.1665,0,1]},
{"frame":48,"values":[0.2592,-0.8878,-0.3802,0,0.8027,0.417,-0.4265,0,0.5372,-0.1946,0.8207,0,0,0.1665,0,1]},
{"frame":49,"values":[0.2703,-0.8864,-0.3758,0,0.8117,0.4197,-0.4062,0,0.5178,-0.1952,0.8329,0,0,0.1665,0,1]},
{"frame":50,"values":[0.2807,-0.885,-0.3714,0,0.8205,0.4221,-0.3855,0,0.4979,-0.1965,0.8447,0,0,0.1665,0,1]},
{"frame":51,"values":[0.2906,-0.8836,-0.3671,0,0.829,0.4241,-0.3646,0,0.4778,-0.1984,0.8558,0,0,0.1665,0,1]},
{"frame":52,"values":[0.2996,-0.8823,-0.3629,0,0.837,0.4257,-0.3438,0,0.4579,-0.2008,0.8661,0,0,0.1665,0,1]},
{"frame":53,"values":[0.3079,-0.8811,-0.359,0,0.8444,0.4269,-0.3236,0,0.4383,-0.2035,0.8755,0,0,0.1665,0,1]},
{"frame":54,"values":[0.3153,-0.88,-0.3554,0,0.8511,0.4278,-0.3042,0,0.4197,-0.2066,0.8838,0,0,0.1665,0,1]},
{"frame":55,"values":[0.3217,-0.879,-0.3521,0,0.8571,0.4283,-0.2863,0,0.4024,-0.2097,0.8911,0,0,0.1665,0,1]},
{"frame":56,"values":[0.3271,-0.8781,-0.3493,0,0.8621,0.4286,-0.2702,0,0.387,-0.2127,0.8972,0,0,0.1665,0,1]},
{"frame":57,"values":[0.3314,-0.8774,-0.3469,0,0.8662,0.4287,-0.2567,0,0.374,-0.2154,0.9021,0,0,0.1665,0,1]},
{"frame":58,"values":[0.3346,-0.8768,-0.3452,0,0.8692,0.4287,-0.2464,0,0.364,-0.2176,0.9056,0,0,0.1665,0,1]},
{"frame":59,"values":[0.3366,-0.8765,-0.3441,0,0.8711,0.4286,-0.2398,0,0.3577,-0.2191,0.9078,0,0,0.1665,0,1]},
{"frame":60,"values":[0.3372,-0.8764,-0.3438,0,0.8717,0.4286,-0.2375,0,0.3555,-0.2196,0.9085,0,0,0.1665,0,1]},
{"frame":71,"values":[0.3372,-0.8764,-0.3438,0,0.8717,0.4286,-0.2375,0,0.3555,-0.2196,0.9085,0,0,0.1665,0,1]},
{"frame":100,"values":[0.3372,-0.8764,-0.3438,0,0.8717,0.4286,-0.2375,0,0.3555,-0.2196,0.9085,0,0,0.1665,0,1]}]}},
{"name":"LeftForeArm","index":10,"matrix":[0.9999,0.0115,-0.0078,0,-0.0075,0.9168,0.3992,0,0.0117,-0.3991,0.9168,0,0,0.252,0,1],"rest":[0.9998,0.021,-0.0011,0,-0.0136,0.6872,0.7264,0,0.016,-0.7262,0.6873,0,0,0.252,0,1],"parentBoneIndex":9,"length":0.2675
,"animation":{"name":"anim","property":"_matrix","dataType":3,"framePerSecond":24,"loopBehavior":1,"keys":[
{"frame":1,"values":[0.9999,0.0115,-0.0078,0,-0.0075,0.9168,0.3992,0,0.0117,-0.3991,0.9168,0,0,0.252,0,1]},
{"frame":2,"values":[0.9999,0.0116,-0.0077,0,-0.0075,0.9157,0.4019,0,0.0118,-0.4018,0.9157,0,0,0.252,0,1]},
{"frame":3,"values":[0.9999,0.0118,-0.0076,0,-0.0077,0.9123,0.4094,0,0.0118,-0.4093,0.9123,0,0,0.252,0,1]},
{"frame":4,"values":[0.9999,0.0122,-0.0075,0,-0.0079,0.9071,0.4209,0,0.0119,-0.4208,0.9071,0,0,0.252,0,1]},
