{"producer":{"name":"Blender","version":"2.76 (sub 0)","exporter_version":"5.4.0","file":"wyvern1.babylon"},
"autoClear":true,"clearColor":[0.0509,0.0509,0.0509],"ambientColor":[0,0,0],"gravity":[0,-9.81,0],
"materials":[{"name":"wyvern1.WyvernSkin","id":"wyvern1.WyvernSkin","ambient":[0.8,0.8,0.8],"diffuse":[0.8,0.8,0.8],"specular":[0.25,0.25,0.25],"emissive":[0,0,0],"specularPower":50,"alpha":1,"backFaceCulling":true,"checkReadyOnlyOnce":false,"maxSimultaneousLights":4, 
"diffuseTexture":{"name":"wyvern_diffuse.png","level":1,"hasAlpha":0,"coordinatesMode":0,"uOffset":0,"vOffset":0,"uScale":1,"vScale":1,"uAng":0,"vAng":0,"wAng":0,"wrapU":1,"wrapV":1,"coordinatesIndex":0}, 
"specularTexture":{"name":"wyvern_diffuse.png","level":0.25,"hasAlpha":0,"coordinatesMode":0,"uOffset":0,"vOffset":0,"uScale":1,"vScale":1,"uAng":0,"vAng":0,"wAng":0,"wrapU":1,"wrapV":1,"coordinatesIndex":0}}],
"multiMaterials":[],
"skeletons":[{"name":"WyvernArmature","id":0,"dimensionsAtRest":[3.8104,0.7027,1.9017],"bones":[
{"name":"Hip","index":0,"matrix":[1,0,0,0,0,-0.948,0.3183,0,0,0.3183,0.948,0,0,1.4951,0.0256,1],"rest":[1,0,0,0,0,-0.1402,0.9901,0,0,0.9901,0.1402,0,0,0.4856,0.0255,1],"parentBoneIndex":-1,"length":0.176
,"animation":{"dataType":3,"framePerSecond":30,"keys":[
{"frame":1,"values":[1,0,0,0,0,-0.1029,0.9947,0,0,0.9947,0.1029,0,0,1.4666,0.0053,1]},
{"frame":2,"values":[1,0,0,0,0,-0.1052,0.9944,0,0,0.9944,0.1052,0,0,1.4616,0.0065,1]},
{"frame":3,"values":[1,0,0,0,0,-0.112,0.9937,0,0,0.9937,0.112,0,0,1.447,0.0102,1]},
{"frame":4,"values":[1,0,0,0,0,-0.1216,0.9926,0,0,0.9926,0.1216,0,0,1.4261,0.0154,1]},
{"frame":5,"values":[1,0,0,0,0,-0.1312,0.9914,0,0,0.9914,0.1312,0,0,1.4052,0.0206,1]},
{"frame":6,"values":[1,0,0,0,0,-0.1379,0.9904,0,0,0.9904,0.1379,0,0,1.3906,0.0243,1]},
{"frame":7,"values":[1,0,0,0,0,-0.1402,0.9901,0,0,0.9901,0.1402,0,0,1.3856,0.0255,1]},
{"frame":8,"values":[1,0,0,0,0,-0.1392,0.9903,0,0,0.9903,0.1392,0,0,1.3879,0.025,1]},
{"frame":9,"values":[1,0,0,0,0,-0.1358,0.9907,0,0,0.9907,0.1358,0,0,1.3953,0.0231,1]},
{"frame":10,"values":[1,0,0,0,0,-0.1298,0.9915,0,0,0.9915,0.1298,0,0,1.4083,0.0199,1]},
{"frame":11,"values":[1,0,0,0,0,-0.1216,0.9926,0,0,0.9926,0.1216,0,0,1.426,0.0154,1]},
{"frame":12,"values":[1,0,0,0,0,-0.1124,0.9937,0,0,0.9937,0.1124,0,0,1.4461,0.0104,1]},
{"frame":13,"values":[1,0,0,0,0,-0.1029,0.9947,0,0,0.9947,0.1029,0,0,1.4666,0.0053,1]},
{"frame":14,"values":[1,0,0,0,0,-0.0891,0.996,0,0,0.996,0.0891,0,0,1.4967,-0.0022,1]},
{"frame":15,"values":[1,0,0,0,0,-0.0723,0.9974,0,0,0.9974,0.0723,0,0,1.5329,-0.0113,1]},
{"frame":16,"values":[1,0,0,0,0,-0.0655,0.9979,0,0,0.9979,0.0655,0,0,1.5475,-0.0149,1]},
{"frame":17,"values":[1,0,0,0,0,-0.0666,0.9978,0,0,0.9978,0.0666,0,0,1.5453,-0.0144,1]},
{"frame":18,"values":[1,0,0,0,0,-0.0696,0.9976,0,0,0.9976,0.0696,0,0,1.5387,-0.0127,1]},
{"frame":19,"values":[1,0,0,0,0,-0.0746,0.9972,0,0,0.9972,0.0746,0,0,1.528,-0.0101,1]},
{"frame":20,"values":[1,0,0,0,0,-0.0809,0.9967,0,0,0.9967,0.0809,0,0,1.5144,-0.0067,1]},
{"frame":21,"values":[1,0,0,0,0,-0.0876,0.9962,0,0,0.9962,0.0876,0,0,1.4997,-0.003,1]},
{"frame":22,"values":[1,0,0,0,0,-0.0939,0.9956,0,0,0.9956,0.0939,0,0,1.4862,0.0004,1]},
{"frame":23,"values":[1,0,0,0,0,-0.0988,0.9951,0,0,0.9951,0.0988,0,0,1.4755,0.0031,1]},
{"frame":24,"values":[1,0,0,0,0,-0.1019,0.9948,0,0,0.9948,0.1019,0,0,1.4688,0.0047,1]},
{"frame":25,"values":[1,0,0,0,0,-0.1029,0.9947,0,0,0.9947,0.1029,0,0,1.4666,0.0053,1]},
{"frame":31,"values":[1,0,0,0,0,-0.948,0.3183,0,0,0.3183,0.948,0,0,1.4951,0.0256,1]},
{"frame":32,"values":[1,0,0,0,0,-0.949,0.3153,0,0,0.3153,0.949,0,0,1.4884,0.0256,1]},
{"frame":33,"values":[1,0,0,0,0,-0.9518,0.3066,0,0,0.3066,0.9518,0,0,1.4687,0.0256,1]},
{"frame":34,"values":[1,0,0,0,0,-0.9558,0.294,0,0,0.294,0.9558,0,0,1.4404,0.0255,1]},
{"frame":35,"values":[1,0,0,0,0,-0.9596,0.2815,0,0,0.2815,0.9596,0,0,1.4121,0.0255,1]},
{"frame":36,"values":[1,0,0,0,0,-0.9621,0.2727,0,0,0.2727,0.9621,0,0,1.3924,0.0255,1]},
{"frame":37,"values":[1,0,0,0,0,-0.963,0.2697,0,0,0.2697,0.963,0,0,1.3856,0.0255,1]},
{"frame":38,"values":[1,0,0,0,0,-0.9616,0.2744,0,0,0.2744,0.9616,0,0,1.3962,0.0255,1]},
{"frame":39,"values":[1,0,0,0,0,-0.9574,0.2887,0,0,0.2887,0.9574,0,0,1.4284,0.0255,1]},
{"frame":40,"values":[1,0,0,0,0,-0.9504,0.311,0,0,0.311,0.9504,0,0,1.4787,0.0256,1]},
{"frame":41,"values":[1,0,0,0,0,-0.9417,0.3365,0,0,0.3365,0.9417,0,0,1.5365,0.0256,1]},
{"frame":42,"values":[1,0,0,0,0,-0.9331,0.3596,0,0,0.3596,0.9331,0,0,1.5896,0.0256,1]},
{"frame":43,"values":[1,0,0,0,0,-0.9261,0.3772,0,0,0.3772,0.9261,0,0,1.6303,0.0256,1]},
{"frame":44,"values":[1,0,0,0,0,-0.9197,0.3927,0,0,0.3927,0.9197,0,0,1.6663,0.0256,1]},
{"frame":45,"values":[1,0,0,0,0,-0.9139,0.406,0,0,0.406,0.9139,0,0,1.6973,0.0255,1]},
{"frame":46,"values":[1,0,0,0,0,-0.9119,0.4105,0,0,0.4105,0.9119,0,0,1.7079,0.0255,1]},
{"frame":47,"values":[1,0,0,0,0,-0.913,0.408,0,0,0.408,0.913,0,0,1.7021,0.0255,1]},
{"frame":48,"values":[1,0,0,0,0,-0.9163,0.4006,0,0,0.4006,0.9163,0,0,1.6846,0.0255,1]},
{"frame":49,"values":[1,0,0,0,0,-0.9214,0.3886,0,0,0.3886,0.9214,0,0,1.6565,0.0255,1]},
{"frame":50,"values":[1,0,0,0,0,-0.9278,0.3732,0,0,0.3732,0.9278,0,0,1.6208,0.0255,1]},
{"frame":51,"values":[1,0,0,0,0,-0.9343,0.3565,0,0,0.3565,0.9343,0,0,1.5823,0.0255,1]},
{"frame":52,"values":[1,0,0,0,0,-0.9401,0.3409,0,0,0.3409,0.9401,0,0,1.5465,0.0256,1]},
{"frame":53,"values":[1,0,0,0,0,-0.9445,0.3285,0,0,0.3285,0.9445,0,0,1.5184,0.0256,1]},
{"frame":54,"values":[1,0,0,0,0,-0.9471,0.3208,0,0,0.3208,0.9471,0,0,1.501,0.0256,1]},
{"frame":55,"values":[1,0,0,0,0,-0.948,0.3183,0,0,0.3183,0.948,0,0,1.4951,0.0256,1]}],"loopBehavior":1,"name":"anim","property":"_matrix"}},
{"name":"Tail1","index":1,"matrix":[1,0,0,0,0,0.9515,0.3076,0,0,-0.3076,0.9515,0,0,0.176,0,1],"rest":[1,0,0,0,0,1,0.0062,0,0,-0.0062,1,0,0,0.176,0,1],"parentBoneIndex":0,"length":0.2433
,"animation":{"dataType":3,"framePerSecond":30,"keys":[
{"frame":1,"values":[1,0,0,0,0,0.9916,-0.1294,0,0,0.1294,0.9916,0,0,0.176,0,1]},
{"frame":2,"values":[1,0,0,0,0,0.9917,-0.1283,0,0,0.1283,0.9917,0,0,0.176,0,1]},
{"frame":3,"values":[1,0,0,0,0,0.9923,-0.124,0,0,0.124,0.9923,0,0,0.176,0,1]},
{"frame":4,"values":[1,0,0,0,0,0.9934,-0.1151,0,0,0.1151,0.9934,0,0,0.176,0,1]},
{"frame":5,"values":[1,0,0,0,0,0.9949,-0.101,0,0,0.101,0.9949,0,0,0.176,0,1]},
{"frame":6,"values":[1,0,0,0,0,0.9966,-0.0821,0,0,0.0821,0.9966,0,0,0.176,0,1]},
{"frame":7,"values":[1,0,0,0,0,0.9982,-0.0599,0,0,0.0599,0.9982,0,0,0.176,0,1]},
{"frame":8,"values":[1,0,0,0,0,0.9996,-0.0288,0,0,0.0288,0.9996,0,0,0.176,0,1]},
{"frame":9,"values":[1,0,0,0,0,0.9999,0.0157,0,0,-0.0157,0.9999,0,0,0.176,0,1]},
{"frame":10,"values":[1,0,0,0,0,0.9978,0.0668,0,0,-0.0668,0.9978,0,0,0.176,0,1]},
{"frame":11,"values":[1,0,0,0,0,0.9937,0.1123,0,0,-0.1123,0.9937,0,0,0.176,0,1]},
{"frame":12,"values":[1,0,0,0,0,0.9899,0.1419,0,0,-0.1419,0.9899,0,0,0.176,0,1]},
{"frame":13,"values":[1,0,0,0,0,0.9884,0.1517,0,0,-0.1517,0.9884,0,0,0.176,0,1]},
{"frame":14,"values":[1,0,0,0,0,0.9903,0.1387,0,0,-0.1387,0.9903,0,0,0.176,0,1]},
{"frame":15,"values":[1,0,0,0,0,0.9945,0.1048,0,0,-0.1048,0.9945,0,0,0.176,0,1]},
{"frame":16,"values":[1,0,0,0,0,0.9973,0.0732,0,0,-0.0732,0.9973,0,0,0.176,0,1]},
{"frame":17,"values":[1,0,0,0,0,0.9989,0.047,0,0,-0.047,0.9989,0,0,0.176,0,1]},
{"frame":18,"values":[1,0,0,0,0,0.9998,0.0176,0,0,-0.0176,0.9998,0,0,0.176,0,1]},
{"frame":19,"values":[1,0,0,0,0,0.9999,-0.0138,0,0,0.0138,0.9999,0,0,0.176,0,1]},
{"frame":20,"values":[1,0,0,0,0,0.999,-0.0454,0,0,0.0454,0.999,0,0,0.176,0,1]},
{"frame":21,"values":[1,0,0,0,0,0.9972,-0.0744,0,0,0.0744,0.9972,0,0,0.176,0,1]},
{"frame":22,"values":[1,0,0,0,0,0.9951,-0.0985,0,0,0.0985,0.9951,0,0,0.176,0,1]},
{"frame":23,"values":[1,0,0,0,0,0.9933,-0.1159,0,0,0.1159,0.9933,0,0,0.176,0,1]},
{"frame":24,"values":[1,0,0,0,0,0.992,-0.1261,0,0,0.1261,0.992,0,0,0.176,0,1]},
{"frame":25,"values":[1,0,0,0,0,0.9916,-0.1294,0,0,0.1294,0.9916,0,0,0.176,0,1]},
{"frame":31,"values":[1,0,0,0,0,0.9515,0.3076,0,0,-0.3076,0.9515,0,0,0.176,0,1]},
{"frame":32,"values":[1,0,0,0,0,0.9519,0.3065,0,0,-0.3065,0.9519,0,0,0.176,0,1]},
{"frame":33,"values":[1,0,0,0,0,0.9528,0.3034,0,0,-0.3034,0.9528,0,0,0.176,0,1]},
{"frame":34,"values":[1,0,0,0,0,0.9542,0.299,0,0,-0.299,0.9542,0,0,0.176,0,1]},
{"frame":35,"values":[1,0,0,0,0,0.9556,0.2946,0,0,-0.2946,0.9556,0,0,0.176,0,1]},
{"frame":36,"values":[1,0,0,0,0,0.9566,0.2915,0,0,-0.2915,0.9566,0,0,0.176,0,1]},
{"frame":37,"values":[1,0,0,0,0,0.9569,0.2905,0,0,-0.2905,0.9569,0,0,0.176,0,1]},
{"frame":38,"values":[1,0,0,0,0,0.9564,0.2921,0,0,-0.2921,0.9564,0,0,0.176,0,1]},
{"frame":39,"values":[1,0,0,0,0,0.9548,0.2972,0,0,-0.2972,0.9548,0,0,0.176,0,1]},
{"frame":40,"values":[1,0,0,0,0,0.9524,0.305,0,0,-0.305,0.9524,0,0,0.176,0,1]},
{"frame":41,"values":[1,0,0,0,0,0.9494,0.314,0,0,-0.314,0.9494,0,0,0.176,0,1]},
{"frame":42,"values":[1,0,0,0,0,0.9466,0.3223,0,0,-0.3223,0.9466,0,0,0.176,0,1]},
{"frame":43,"values":[1,0,0,0,0,0.9445,0.3286,0,0,-0.3286,0.9445,0,0,0.176,0,1]},
{"frame":44,"values":[1,0,0,0,0,0.9425,0.3342,0,0,-0.3342,0.9425,0,0,0.176,0,1]},
{"frame":45,"values":[1,0,0,0,0,0.9408,0.339,0,0,-0.339,0.9408,0,0,0.176,0,1]},
{"frame":46,"values":[1,0,0,0,0,0.9402,0.3406,0,0,-0.3406,0.9402,0,0,0.176,0,1]},
{"frame":47,"values":[1,0,0,0,0,0.9405,0.3397,0,0,-0.3397,0.9405,0,0,0.176,0,1]},
{"frame":48,"values":[1,0,0,0,0,0.9415,0.337,0,0,-0.337,0.9415,0,0,0.176,0,1]},
{"frame":49,"values":[1,0,0,0,0,0.943,0.3327,0,0,-0.3327,0.943,0,0,0.176,0,1]},
{"frame":50,"values":[1,0,0,0,0,0.945,0.3271,0,0,-0.3271,0.945,0,0,0.176,0,1]},
{"frame":51,"values":[1,0,0,0,0,0.947,0.3211,0,0,-0.3211,0.947,0,0,0.176,0,1]},
{"frame":52,"values":[1,0,0,0,0,0.9489,0.3156,0,0,-0.3156,0.9489,0,0,0.176,0,1]},
{"frame":53,"values":[1,0,0,0,0,0.9503,0.3112,0,0,-0.3112,0.9503,0,0,0.176,0,1]},
{"frame":54,"values":[1,0,0,0,0,0.9512,0.3085,0,0,-0.3085,0.9512,0,0,0.176,0,1]},
{"frame":55,"values":[1,0,0,0,0,0.9515,0.3076,0,0,-0.3076,0.9515,0,0,0.176,0,1]}],"loopBehavior":1,"name":"anim","property":"_matrix"}},
{"name":"Tail2","index":2,"matrix":[1,0,0,0,0,0.9017,0.4324,0,0,-0.4324,0.9017,0,0,0.2433,0,1],"rest":[1,0,0,0,0,0.991,0.134,0,0,-0.134,0.991,0,0,0.2433,0,1],"parentBoneIndex":1,"length":0.1489
,"animation":{"dataType":3,"framePerSecond":30,"keys":[
{"frame":1,"values":[1,0,0,0,0,0.9817,0.1906,0,0,-0.1906,0.9817,0,0,0.2433,0,1]},
{"frame":2,"values":[1,0,0,0,0,0.9837,0.18,0,0,-0.18,0.9837,0,0,0.2433,0,1]},
{"frame":3,"values":[1,0,0,0,0,0.989,0.1477,0,0,-0.1477,0.989,0,0,0.2433,0,1]},
{"frame":4,"values":[1,0,0,0,0,0.9953,0.0972,0,0,-0.0972,0.9953,0,0,0.2433,0,1]},
{"frame":5,"values":[1,0,0,0,0,0.9992,0.0391,0,0,-0.0391,0.9992,0,0,0.2433,0,1]},
{"frame":6,"values":[1,0,0,0,0,0.9999,-0.0137,0,0,0.0137,0.9999,0,0,0.2433,0,1]},
{"frame":7,"values":[1,0,0,0,0,0.9986,-0.0534,0,0,0.0534,0.9986,0,0,0.2433,0,1]},
{"frame":8,"values":[1,0,0,0,0,0.9962,-0.0866,0,0,0.0866,0.9962,0,0,0.2433,0,1]},
{"frame":9,"values":[1,0,0,0,0,0.9927,-0.1207,0,0,0.1207,0.9927,0,0,0.2433,0,1]},
{"frame":10,"values":[1,0,0,0,0,0.9884,-0.1519,0,0,0.1519,0.9884,0,0,0.2433,0,1]},
{"frame":11,"values":[1,0,0,0,0,0.9844,-0.1758,0,0,0.1758,0.9844,0,0,0.2433,0,1]},
{"frame":12,"values":[1,0,0,0,0,0.9818,-0.1899,0,0,0.1899,0.9818,0,0,0.2433,0,1]},
{"frame":13,"values":[1,0,0,0,0,0.981,-0.1942,0,0,0.1942,0.981,0,0,0.2433,0,1]},
{"frame":14,"values":[1,0,0,0,0,0.9949,-0.1005,0,0,0.1005,0.9949,0,0,0.2433,0,1]},
{"frame":15,"values":[1,0,0,0,0,0.9947,0.1028,0,0,-0.1028,0.9947,0,0,0.2433,0,1]},
{"frame":16,"values":[1,0,0,0,0,0.9806,0.1962,0,0,-0.1962,0.9806,0,0,0.2433,0,1]},
{"frame":17,"values":[1,0,0,0,0,0.9806,0.1961,0,0,-0.1961,0.9806,0,0,0.2433,0,1]},
{"frame":18,"values":[1,0,0,0,0,0.9807,0.1956,0,0,-0.1956,0.9807,0,0,0.2433,0,1]},
{"frame":19,"values":[1,0,0,0,0,0.9808,0.1949,0,0,-0.1949,0.9808,0,0,0.2433,0,1]},
{"frame":20,"values":[1,0,0,0,0,0.981,0.1939,0,0,-0.1939,0.981,0,0,0.2433,0,1]},
{"frame":21,"values":[1,0,0,0,0,0.9812,0.1929,0,0,-0.1929,0.9812,0,0,0.2433,0,1]},
{"frame":22,"values":[1,0,0,0,0,0.9814,0.192,0,0,-0.192,0.9814,0,0,0.2433,0,1]},
{"frame":23,"values":[1,0,0,0,0,0.9815,0.1912,0,0,-0.1912,0.9815,0,0,0.2433,0,1]},
{"frame":24,"values":[1,0,0,0,0,0.9816,0.1908,0,0,-0.1908,0.9816,0,0,0.2433,0,1]},
{"frame":25,"values":[1,0,0,0,0,0.9817,0.1906,0,0,-0.1906,0.9817,0,0,0.2433,0,1]},
{"frame":31,"values":[1,0,0,0,0,0.9017,0.4324,0,0,-0.4324,0.9017,0,0,0.2433,0,1]},
{"frame":32,"values":[1,0,0,0,0,0.9025,0.4308,0,0,-0.4308,0.9025,0,0,0.2433,0,1]},
{"frame":33,"values":[1,0,0,0,0,0.9046,0.4262,0,0,-0.4262,0.9046,0,0,0.2433,0,1]},
{"frame":34,"values":[1,0,0,0,0,0.9077,0.4195,0,0,-0.4195,0.9077,0,0,0.2433,0,1]},
{"frame":35,"values":[1,0,0,0,0,0.9108,0.4129,0,0,-0.4129,0.9108,0,0,0.2433,0,1]},
{"frame":36,"values":[1,0,0,0,0,0.9129,0.4082,0,0,-0.4082,0.9129,0,0,0.2433,0,1]},
{"frame":37,"values":[1,0,0,0,0,0.9136,0.4066,0,0,-0.4066,0.9136,0,0,0.2433,0,1]},
{"frame":38,"values":[1,0,0,0,0,0.9125,0.4091,0,0,-0.4091,0.9125,0,0,0.2433,0,1]},
{"frame":39,"values":[1,0,0,0,0,0.909,0.4167,0,0,-0.4167,0.909,0,0,0.2433,0,1]},
{"frame":40,"values":[1,0,0,0,0,0.9035,0.4285,0,0,-0.4285,0.9035,0,0,0.2433,0,1]},
{"frame":41,"values":[1,0,0,0,0,0.897,0.442,0,0,-0.442,0.897,0,0,0.2433,0,1]},
{"frame":42,"values":[1,0,0,0,0,0.8908,0.4543,0,0,-0.4543,0.8908,0,0,0.2433,0,1]},
{"frame":43,"values":[1,0,0,0,0,0.886,0.4637,0,0,-0.4637,0.886,0,0,0.2433,0,1]},
{"frame":44,"values":[1,0,0,0,0,0.8816,0.472,0,0,-0.472,0.8816,0,0,0.2433,0,1]},
{"frame":45,"values":[1,0,0,0,0,0.8778,0.4791,0,0,-0.4791,0.8778,0,0,0.2433,0,1]},
{"frame":46,"values":[1,0,0,0,0,0.8765,0.4815,0,0,-0.4815,0.8765,0,0,0.2433,0,1]},
{"frame":47,"values":[1,0,0,0,0,0.8772,0.4801,0,0,-0.4801,0.8772,0,0,0.2433,0,1]},
{"frame":48,"values":[1,0,0,0,0,0.8794,0.4762,0,0,-0.4762,0.8794,0,0,0.2433,0,1]},
{"frame":49,"values":[1,0,0,0,0,0.8828,0.4697,0,0,-0.4697,0.8828,0,0,0.2433,0,1]},
{"frame":50,"values":[1,0,0,0,0,0.8871,0.4615,0,0,-0.4615,0.8871,0,0,0.2433,0,1]},
{"frame":51,"values":[1,0,0,0,0,0.8917,0.4526,0,0,-0.4526,0.8917,0,0,0.2433,0,1]},
{"frame":52,"values":[1,0,0,0,0,0.8959,0.4444,0,0,-0.4444,0.8959,0,0,0.2433,0,1]},
{"frame":53,"values":[1,0,0,0,0,0.8991,0.4378,0,0,-0.4378,0.8991,0,0,0.2433,0,1]},
{"frame":54,"values":[1,0,0,0,0,0.901,0.4337,0,0,-0.4337,0.901,0,0,0.2433,0,1]},
{"frame":55,"values":[1,0,0,0,0,0.9017,0.4324,0,0,-0.4324,0.9017,0,0,0.2433,0,1]}],"loopBehavior":1,"name":"anim","property":"_matrix"}},
{"name":"Tail3","index":3,"matrix":[1,0,0,0,0,0.8182,0.5749,0,0,-0.5749,0.8182,0,0,0.1489,0,1],"rest":[1,0,0,0,0,1,0,0,0,0,1,0,0,0.1489,0,1],"parentBoneIndex":2,"length":0.1404
,"animation":{"dataType":3,"framePerSecond":30,"keys":[
{"frame":1,"values":[1,0,0,0,0,0.9808,0.1949,0,0,-0.1949,0.9808,0,0,0.1489,0,1]},
{"frame":2,"values":[1,0,0,0,0,0.9835,0.1812,0,0,-0.1812,0.9835,0,0,0.1489,0,1]},
{"frame":3,"values":[1,0,0,0,0,0.9903,0.1393,0,0,-0.1393,0.9903,0,0,0.1489,0,1]},
{"frame":4,"values":[1,0,0,0,0,0.9973,0.0741,0,0,-0.0741,0.9973,0,0,0.1489,0,1]},
{"frame":5,"values":[1,0,0,0,0,1,-0.0003,0,0,0.0003,1,0,0,0.1489,0,1]},
{"frame":6,"values":[1,0,0,0,0,0.9978,-0.067,0,0,0.067,0.9978,0,0,0.1489,0,1]},
{"frame":7,"values":[1,0,0,0,0,0.9933,-0.1157,0,0,0.1157,0.9933,0,0,0.1489,0,1]},
{"frame":8,"values":[1,0,0,0,0,0.988,-0.1545,0,0,0.1545,0.988,0,0,0.1489,0,1]},
{"frame":9,"values":[1,0,0,0,0,0.9813,-0.1925,0,0,0.1925,0.9813,0,0,0.1489,0,1]},
{"frame":10,"values":[1,0,0,0,0,0.9742,-0.2257,0,0,0.2257,0.9742,0,0,0.1489,0,1]},
{"frame":11,"values":[1,0,0,0,0,0.9682,-0.2502,0,0,0.2502,0.9682,0,0,0.1489,0,1]},
{"frame":12,"values":[1,0,0,0,0,0.9645,-0.2642,0,0,0.2642,0.9645,0,0,0.1489,0,1]},
{"frame":13,"values":[1,0,0,0,0,0.9633,-0.2684,0,0,0.2684,0.9633,0,0,0.1489,0,1]},
{"frame":14,"values":[1,0,0,0,0,0.9851,-0.1719,0,0,0.1719,0.9851,0,0,0.1489,0,1]},
{"frame":15,"values":[1,0,0,0,0,0.9991,0.0431,0,0,-0.0431,0.9991,0,0,0.1489,0,1]},
{"frame":16,"values":[1,0,0,0,0,0.9886,0.1508,0,0,-0.1508,0.9886,0,0,0.1489,0,1]},
{"frame":17,"values":[1,0,0,0,0,0.9867,0.1625,0,0,-0.1625,0.9867,0,0,0.1489,0,1]},
{"frame":18,"values":[1,0,0,0,0,0.985,0.1725,0,0,-0.1725,0.985,0,0,0.1489,0,1]},
{"frame":19,"values":[1,0,0,0,0,0.9835,0.1807,0,0,-0.1807,0.9835,0,0,0.1489,0,1]},
{"frame":20,"values":[1,0,0,0,0,0.9824,0.1868,0,0,-0.1868,0.9824,0,0,0.1489,0,1]},
{"frame":21,"values":[1,0,0,0,0,0.9816,0.1909,0,0,-0.1909,0.9816,0,0,0.1489,0,1]},
{"frame":22,"values":[1,0,0,0,0,0.9811,0.1933,0,0,-0.1933,0.9811,0,0,0.1489,0,1]},
{"frame":23,"values":[1,0,0,0,0,0.9809,0.1944,0,0,-0.1944,0.9809,0,0,0.1489,0,1]},
{"frame":24,"values":[1,0,0,0,0,0.9808,0.1948,0,0,-0.1948,0.9808,0,0,0.1489,0,1]},
{"frame":25,"values":[1,0,0,0,0,0.9808,0.1949,0,0,-0.1949,0.9808,0,0,0.1489,0,1]},
{"frame":31,"values":[1,0,0,0,0,0.8182,0.5749,0,0,-0.5749,0.8182,0,0,0.1489,0,1]},
{"frame":32,"values":[1,0,0,0,0,0.8199,0.5725,0,0,-0.5725,0.8199,0,0,0.1489,0,1]},
{"frame":33,"values":[1,0,0,0,0,0.8247,0.5655,0,0,-0.5655,0.8247,0,0,0.1489,0,1]},
{"frame":34,"values":[1,0,0,0,0,0.8316,0.5554,0,0,-0.5554,0.8316,0,0,0.1489,0,1]},
{"frame":35,"values":[1,0,0,0,0,0.8383,0.5452,0,0,-0.5452,0.8383,0,0,0.1489,0,1]},
{"frame":36,"values":[1,0,0,0,0,0.8429,0.5381,0,0,-0.5381,0.8429,0,0,0.1489,0,1]},
{"frame":37,"values":[1,0,0,0,0,0.8445,0.5356,0,0,-0.5356,0.8445,0,0,0.1489,0,1]},
{"frame":38,"values":[1,0,0,0,0,0.842,0.5394,0,0,-0.5394,0.842,0,0,0.1489,0,1]},
{"frame":39,"values":[1,0,0,0,0,0.8344,0.5511,0,0,-0.5511,0.8344,0,0,0.1489,0,1]},
{"frame":40,"values":[1,0,0,0,0,0.8223,0.5691,0,0,-0.5691,0.8223,0,0,0.1489,0,1]},
{"frame":41,"values":[1,0,0,0,0,0.8078,0.5894,0,0,-0.5894,0.8078,0,0,0.1489,0,1]},
{"frame":42,"values":[1,0,0,0,0,0.7941,0.6078,0,0,-0.6078,0.7941,0,0,0.1489,0,1]},
{"frame":43,"values":[1,0,0,0,0,0.7833,0.6217,0,0,-0.6217,0.7833,0,0,0.1489,0,1]},
{"frame":44,"values":[1,0,0,0,0,0.7735,0.6338,0,0,-0.6338,0.7735,0,0,0.1489,0,1]},
{"frame":45,"values":[1,0,0,0,0,0.7649,0.6441,0,0,-0.6441,0.7649,0,0,0.1489,0,1]},
{"frame":46,"values":[1,0,0,0,0,0.7619,0.6476,0,0,-0.6476,0.7619,0,0,0.1489,0,1]},
{"frame":47,"values":[1,0,0,0,0,0.7636,0.6457,0,0,-0.6457,0.7636,0,0,0.1489,0,1]},
{"frame":48,"values":[1,0,0,0,0,0.7684,0.6399,0,0,-0.6399,0.7684,0,0,0.1489,0,1]},
{"frame":49,"values":[1,0,0,0,0,0.7761,0.6306,0,0,-0.6306,0.7761,0,0,0.1489,0,1]},
{"frame":50,"values":[1,0,0,0,0,0.7858,0.6185,0,0,-0.6185,0.7858,0,0,0.1489,0,1]},
{"frame":51,"values":[1,0,0,0,0,0.796,0.6053,0,0,-0.6053,0.796,0,0,0.1489,0,1]},
{"frame":52,"values":[1,0,0,0,0,0.8053,0.5929,0,0,-0.5929,0.8053,0,0,0.1489,0,1]},
{"frame":53,"values":[1,0,0,0,0,0.8124,0.5831,0,0,-0.5831,0.8124,0,0,0.1489,0,1]},
{"frame":54,"values":[1,0,0,0,0,0.8168,0.5769,0,0,-0.5769,0.8168,0,0,0.1489,0,1]},
{"frame":55,"values":[1,0,0,0,0,0.8182,0.5749,0,0,-0.5749,0.8182,0,0,0.1489,0,1]}],"loopBehavior":1,"name":"anim","property":"_matrix"}},
{"name":"Tail4","index":4,"matrix":[1,0,0,0,0,0.7059,0.7083,0,0,-0.7083,0.7059,0,0,0.1404,0,1],"rest":[1,0,0,0,0,0.9998,-0.0202,0,0,0.0202,0.9998,0,0,0.1404,0,1],"parentBoneIndex":3,"length":0.1404
,"animation":{"dataType":3,"framePerSecond":30,"keys":[
{"frame":1,"values":[1,0,0,0,0,0.9823,0.1875,0,0,-0.1875,0.9823,0,0,0.1404,0,1]},
{"frame":2,"values":[1,0,0,0,0,0.9866,0.163,0,0,-0.163,0.9866,0,0,0.1404,0,1]},
{"frame":3,"values":[1,0,0,0,0,0.9959,0.091,0,0,-0.091,0.9959,0,0,0.1404,0,1]},
{"frame":4,"values":[1,0,0,0,0,0.9999,-0.0137,0,0,0.0137,0.9999,0,0,0.1404,0,1]},
{"frame":5,"values":[1,0,0,0,0,0.993,-0.1183,0,0,0.1183,0.993,0,0,0.1404,0,1]},
{"frame":6,"values":[1,0,0,0,0,0.9817,-0.1906,0,0,0.1906,0.9817,0,0,0.1404,0,1]},
{"frame":7,"values":[1,0,0,0,0,0.9764,-0.2162,0,0,0.2162,0.9764,0,0,0.1404,0,1]},
{"frame":8,"values":[1,0,0,0,0,0.976,-0.2177,0,0,0.2177,0.976,0,0,0.1404,0,1]},
{"frame":9,"values":[1,0,0,0,0,0.9757,-0.2189,0,0,0.2189,0.9757,0,0,0.1404,0,1]},
{"frame":10,"values":[1,0,0,0,0,0.9755,-0.2199,0,0,0.2199,0.9755,0,0,0.1404,0,1]},
{"frame":11,"values":[1,0,0,0,0,0.9754,-0.2205,0,0,0.2205,0.9754,0,0,0.1404,0,1]},
{"frame":12,"values":[1,0,0,0,0,0.9753,-0.2208,0,0,0.2208,0.9753,0,0,0.1404,0,1]},
{"frame":13,"values":[1,0,0,0,0,0.9753,-0.2209,0,0,0.2209,0.9753,0,0,0.1404,0,1]},
{"frame":14,"values":[1,0,0,0,0,0.9922,-0.1243,0,0,0.1243,0.9922,0,0,0.1404,0,1]},
{"frame":15,"values":[1,0,0,0,0,0.9963,0.0857,0,0,-0.0857,0.9963,0,0,0.1404,0,1]},
{"frame":16,"values":[1,0,0,0,0,0.9831,0.1829,0,0,-0.1829,0.9831,0,0,0.1404,0,1]},
{"frame":17,"values":[1,0,0,0,0,0.983,0.1839,0,0,-0.1839,0.983,0,0,0.1404,0,1]},
{"frame":18,"values":[1,0,0,0,0,0.9828,0.1848,0,0,-0.1848,0.9828,0,0,0.1404,0,1]},
{"frame":19,"values":[1,0,0,0,0,0.9826,0.1856,0,0,-0.1856,0.9826,0,0,0.1404,0,1]},
{"frame":20,"values":[1,0,0,0,0,0.9825,0.1862,0,0,-0.1862,0.9825,0,0,0.1404,0,1]},
{"frame":21,"values":[1,0,0,0,0,0.9824,0.1868,0,0,-0.1868,0.9824,0,0,0.1404,0,1]},
{"frame":22,"values":[1,0,0,0,0,0.9823,0.1871,0,0,-0.1871,0.9823,0,0,0.1404,0,1]},
{"frame":23,"values":[1,0,0,0,0,0.9823,0.1874,0,0,-0.1874,0.9823,0,0,0.1404,0,1]},
{"frame":24,"values":[1,0,0,0,0,0.9823,0.1875,0,0,-0.1875,0.9823,0,0,0.1404,0,1]},
{"frame":25,"values":[1,0,0,0,0,0.9823,0.1875,0,0,-0.1875,0.9823,0,0,0.1404,0,1]},
{"frame":31,"values":[1,0,0,0,0,0.7059,0.7083,0,0,-0.7083,0.7059,0,0,0.1404,0,1]},
{"frame":32,"values":[1,0,0,0,0,0.7072,0.707,0,0,-0.707,0.7072,0,0,0.1404,0,1]},
{"frame":33,"values":[1,0,0,0,0,0.7108,0.7034,0,0,-0.7034,0.7108,0,0,0.1404,0,1]},
{"frame":34,"values":[1,0,0,0,0,0.716,0.6981,0,0,-0.6981,0.716,0,0,0.1404,0,1]},
{"frame":35,"values":[1,0,0,0,0,0.7211,0.6928,0,0,-0.6928,0.7211,0,0,0.1404,0,1]},
{"frame":36,"values":[1,0,0,0,0,0.7247,0.6891,0,0,-0.6891,0.7247,0,0,0.1404,0,1]},
{"frame":37,"values":[1,0,0,0,0,0.7259,0.6878,0,0,-0.6878,0.7259,0,0,0.1404,0,1]},
{"frame":38,"values":[1,0,0,0,0,0.724,0.6898,0,0,-0.6898,0.724,0,0,0.1404,0,1]},
{"frame":39,"values":[1,0,0,0,0,0.7182,0.6959,0,0,-0.6959,0.7182,0,0,0.1404,0,1]},
{"frame":40,"values":[1,0,0,0,0,0.709,0.7052,0,0,-0.7052,0.709,0,0,0.1404,0,1]},
{"frame":41,"values":[1,0,0,0,0,0.6982,0.7159,0,0,-0.7159,0.6982,0,0,0.1404,0,1]},
{"frame":42,"values":[1,0,0,0,0,0.6882,0.7255,0,0,-0.7255,0.6882,0,0,0.1404,0,1]},
{"frame":43,"values":[1,0,0,0,0,0.6805,0.7328,0,0,-0.7328,0.6805,0,0,0.1404,0,1]},
{"frame":44,"values":[1,0,0,0,0,0.6735,0.7392,0,0,-0.7392,0.6735,0,0,0.1404,0,1]},
{"frame":45,"values":[1,0,0,0,0,0.6675,0.7446,0,0,-0.7446,0.6675,0,0,0.1404,0,1]},
{"frame":46,"values":[1,0,0,0,0,0.6654,0.7465,0,0,-0.7465,0.6654,0,0,0.1404,0,1]},
{"frame":47,"values":[1,0,0,0,0,0.6666,0.7454,0,0,-0.7454,0.6666,0,0,0.1404,0,1]},
{"frame":48,"values":[1,0,0,0,0,0.67,0.7424,0,0,-0.7424,0.67,0,0,0.1404,0,1]},
{"frame":49,"values":[1,0,0,0,0,0.6754,0.7374,0,0,-0.7374,0.6754,0,0,0.1404,0,1]},
{"frame":50,"values":[1,0,0,0,0,0.6823,0.7311,0,0,-0.7311,0.6823,0,0,0.1404,0,1]},
{"frame":51,"values":[1,0,0,0,0,0.6896,0.7242,0,0,-0.7242,0.6896,0,0,0.1404,0,1]},
{"frame":52,"values":[1,0,0,0,0,0.6964,0.7177,0,0,-0.7177,0.6964,0,0,0.1404,0,1]},
{"frame":53,"values":[1,0,0,0,0,0.7016,0.7126,0,0,-0.7126,0.7016,0,0,0.1404,0,1]},
{"frame":54,"values":[1,0,0,0,0,0.7049,0.7093,0,0,-0.7093,0.7049,0,0,0.1404,0,1]},
{"frame":55,"values":[1,0,0,0,0,0.7059,0.7083,0,0,-0.7083,0.7059,0,0,0.1404,0,1]}],"loopBehavior":1,"name":"anim","property":"_matrix"}},
{"name":"Tail5","index":5,"matrix":[1,0,0,0,0,0.9028,0.4302,0,0,-0.4302,0.9028,0,0,0.1404,0,1],"rest":[1,0,0,0,0,0.9995,0.03,0,0,-0.03,0.9995,0,0,0.1404,0,1],"parentBoneIndex":4,"length":0.1447
,"animation":{"dataType":3,"framePerSecond":30,"keys":[
{"frame":1,"values":[1,0,0,0,0,0.9614,0.2751,0,0,-0.2751,0.9614,0,0,0.1404,0,1]},
{"frame":2,"values":[1,0,0,0,0,0.9663,0.2574,0,0,-0.2574,0.9663,0,0,0.1404,0,1]},
{"frame":3,"values":[1,0,0,0,0,0.9791,0.2035,0,0,-0.2035,0.9791,0,0,0.1404,0,1]},
{"frame":4,"values":[1,0,0,0,0,0.9928,0.1198,0,0,-0.1198,0.9928,0,0,0.1404,0,1]},
{"frame":5,"values":[1,0,0,0,0,0.9997,0.0255,0,0,-0.0255,0.9997,0,0,0.1404,0,1]},
{"frame":6,"values":[1,0,0,0,0,0.9984,-0.0565,0,0,0.0565,0.9984,0,0,0.1404,0,1]},
{"frame":7,"values":[1,0,0,0,0,0.9936,-0.113,0,0,0.113,0.9936,0,0,0.1404,0,1]},
{"frame":8,"values":[1,0,0,0,0,0.9883,-0.1527,0,0,0.1527,0.9883,0,0,0.1404,0,1]},
{"frame":9,"values":[1,0,0,0,0,0.9826,-0.1856,0,0,0.1856,0.9826,0,0,0.1404,0,1]},
{"frame":10,"values":[1,0,0,0,0,0.9777,-0.2098,0,0,0.2098,0.9777,0,0,0.1404,0,1]},
{"frame":11,"values":[1,0,0,0,0,0.9745,-0.2245,0,0,0.2245,0.9745,0,0,0.1404,0,1]},
{"frame":12,"values":[1,0,0,0,0,0.9729,-0.2313,0,0,0.2313,0.9729,0,0,0.1404,0,1]},
{"frame":13,"values":[1,0,0,0,0,0.9725,-0.233,0,0,0.233,0.9725,0,0,0.1404,0,1]},
{"frame":14,"values":[1,0,0,0,0,0.9893,-0.1457,0,0,0.1457,0.9893,0,0,0.1404,0,1]},
{"frame":15,"values":[1,0,0,0,0,0.9986,0.0528,0,0,-0.0528,0.9986,0,0,0.1404,0,1]},
{"frame":16,"values":[1,0,0,0,0,0.9863,0.1651,0,0,-0.1651,0.9863,0,0,0.1404,0,1]},
{"frame":17,"values":[1,0,0,0,0,0.9809,0.1945,0,0,-0.1945,0.9809,0,0,0.1404,0,1]},
{"frame":18,"values":[1,0,0,0,0,0.9756,0.2197,0,0,-0.2197,0.9756,0,0,0.1404,0,1]},
{"frame":19,"values":[1,0,0,0,0,0.9708,0.24,0,0,-0.24,0.9708,0,0,0.1404,0,1]},
{"frame":20,"values":[1,0,0,0,0,0.9669,0.2552,0,0,-0.2552,0.9669,0,0,0.1404,0,1]},
{"frame":21,"values":[1,0,0,0,0,0.9642,0.2653,0,0,-0.2653,0.9642,0,0,0.1404,0,1]},
{"frame":22,"values":[1,0,0,0,0,0.9625,0.2712,0,0,-0.2712,0.9625,0,0,0.1404,0,1]},
{"frame":23,"values":[1,0,0,0,0,0.9617,0.274,0,0,-0.274,0.9617,0,0,0.1404,0,1]},
{"frame":24,"values":[1,0,0,0,0,0.9615,0.275,0,0,-0.275,0.9615,0,0,0.1404,0,1]},
{"frame":25,"values":[1,0,0,0,0,0.9614,0.2751,0,0,-0.2751,0.9614,0,0,0.1404,0,1]},
{"frame":31,"values":[1,0,0,0,0,0.9028,0.4302,0,0,-0.4302,0.9028,0,0,0.1404,0,1]},
{"frame":32,"values":[1,0,0,0,0,0.904,0.4275,0,0,-0.4275,0.904,0,0,0.1404,0,1]},
{"frame":33,"values":[1,0,0,0,0,0.9077,0.4196,0,0,-0.4196,0.9077,0,0,0.1404,0,1]},
{"frame":34,"values":[1,0,0,0,0,0.9129,0.4081,0,0,-0.4081,0.9129,0,0,0.1404,0,1]},
{"frame":35,"values":[1,0,0,0,0,0.918,0.3967,0,0,-0.3967,0.918,0,0,0.1404,0,1]},
{"frame":36,"values":[1,0,0,0,0,0.9214,0.3886,0,0,-0.3886,0.9214,0,0,0.1404,0,1]},
{"frame":37,"values":[1,0,0,0,0,0.9225,0.3859,0,0,-0.3859,0.9225,0,0,0.1404,0,1]},
{"frame":38,"values":[1,0,0,0,0,0.9207,0.3902,0,0,-0.3902,0.9207,0,0,0.1404,0,1]},
{"frame":39,"values":[1,0,0,0,0,0.9151,0.4033,0,0,-0.4033,0.9151,0,0,0.1404,0,1]},
{"frame":40,"values":[1,0,0,0,0,0.9059,0.4236,0,0,-0.4236,0.9059,0,0,0.1404,0,1]},
{"frame":41,"values":[1,0,0,0,0,0.8947,0.4467,0,0,-0.4467,0.8947,0,0,0.1404,0,1]},
{"frame":42,"values":[1,0,0,0,0,0.8839,0.4676,0,0,-0.4676,0.8839,0,0,0.1404,0,1]},
{"frame":43,"values":[1,0,0,0,0,0.8753,0.4835,0,0,-0.4835,0.8753,0,0,0.1404,0,1]},
{"frame":44,"values":[1,0,0,0,0,0.8675,0.4975,0,0,-0.4975,0.8675,0,0,0.1404,0,1]},
{"frame":45,"values":[1,0,0,0,0,0.8606,0.5094,0,0,-0.5094,0.8606,0,0,0.1404,0,1]},
{"frame":46,"values":[1,0,0,0,0,0.8581,0.5134,0,0,-0.5134,0.8581,0,0,0.1404,0,1]},
{"frame":47,"values":[1,0,0,0,0,0.8595,0.5112,0,0,-0.5112,0.8595,0,0,0.1404,0,1]},
{"frame":48,"values":[1,0,0,0,0,0.8634,0.5045,0,0,-0.5045,0.8634,0,0,0.1404,0,1]},
{"frame":49,"values":[1,0,0,0,0,0.8696,0.4937,0,0,-0.4937,0.8696,0,0,0.1404,0,1]},
{"frame":50,"values":[1,0,0,0,0,0.8774,0.4798,0,0,-0.4798,0.8774,0,0,0.1404,0,1]},
{"frame":51,"values":[1,0,0,0,0,0.8854,0.4648,0,0,-0.4648,0.8854,0,0,0.1404,0,1]},
{"frame":52,"values":[1,0,0,0,0,0.8927,0.4507,0,0,-0.4507,0.8927,0,0,0.1404,0,1]},
{"frame":53,"values":[1,0,0,0,0,0.8983,0.4395,0,0,-0.4395,0.8983,0,0,0.1404,0,1]},
{"frame":54,"values":[1,0,0,0,0,0.9016,0.4325,0,0,-0.4325,0.9016,0,0,0.1404,0,1]},
{"frame":55,"values":[1,0,0,0,0,0.9028,0.4302,0,0,-0.4302,0.9028,0,0,0.1404,0,1]}],"loopBehavior":1,"name":"anim","property":"_matrix"}},
{"name":"Tail6","index":6,"matrix":[1,0,0,0,0,0.9082,0.4186,0,0,-0.4186,0.9082,0,0,0.1447,0,1],"rest":[1,0,0,0,0,0.9998,-0.0199,0,0,0.0199,0.9998,0,0,0.1447,0,1],"parentBoneIndex":5,"length":0.1404
,"animation":{"dataType":3,"framePerSecond":30,"keys":[
{"frame":1,"values":[1,0,0,0,0,0.9453,0.3263,0,0,-0.3263,0.9453,0,0,0.1447,0,1]},
{"frame":2,"values":[1,0,0,0,0,0.9503,0.3113,0,0,-0.3113,0.9503,0,0,0.1447,0,1]},
{"frame":3,"values":[1,0,0,0,0,0.9642,0.2653,0,0,-0.2653,0.9642,0,0,0.1447,0,1]},
{"frame":4,"values":[1,0,0,0,0,0.9812,0.1932,0,0,-0.1932,0.9812,0,0,0.1447,0,1]},
{"frame":5,"values":[1,0,0,0,0,0.9939,0.1103,0,0,-0.1103,0.9939,0,0,0.1447,0,1]},
{"frame":6,"values":[1,0,0,0,0,0.9994,0.0354,0,0,-0.0354,0.9994,0,0,0.1447,0,1]},
{"frame":7,"values":[1,0,0,0,0,0.9998,-0.0199,0,0,0.0199,0.9998,0,0,0.1447,0,1]},
{"frame":8,"values":[1,0,0,0,0,0.9979,-0.0648,0,0,0.0648,0.9979,0,0,0.1447,0,1]},
{"frame":9,"values":[1,0,0,0,0,0.994,-0.1093,0,0,0.1093,0.994,0,0,0.1447,0,1]},
{"frame":10,"values":[1,0,0,0,0,0.9889,-0.1488,0,0,0.1488,0.9889,0,0,0.1447,0,1]},
{"frame":11,"values":[1,0,0,0,0,0.984,-0.1783,0,0,0.1783,0.984,0,0,0.1447,0,1]},
{"frame":12,"values":[1,0,0,0,0,0.9807,-0.1956,0,0,0.1956,0.9807,0,0,0.1447,0,1]},
{"frame":13,"values":[1,0,0,0,0,0.9795,-0.2013,0,0,0.2013,0.9795,0,0,0.1447,0,1]},
{"frame":14,"values":[1,0,0,0,0,0.9991,-0.0415,0,0,0.0415,0.9991,0,0,0.1447,0,1]},
{"frame":15,"values":[1,0,0,0,0,0.9533,0.302,0,0,-0.302,0.9533,0,0,0.1447,0,1]},
{"frame":16,"values":[1,0,0,0,0,0.8935,0.4492,0,0,-0.4492,0.8935,0,0,0.1447,0,1]},
{"frame":17,"values":[1,0,0,0,0,0.8951,0.4459,0,0,-0.4459,0.8951,0,0,0.1447,0,1]},
{"frame":18,"values":[1,0,0,0,0,0.8999,0.4361,0,0,-0.4361,0.8999,0,0,0.1447,0,1]},
{"frame":19,"values":[1,0,0,0,0,0.9074,0.4203,0,0,-0.4203,0.9074,0,0,0.1447,0,1]},
{"frame":20,"values":[1,0,0,0,0,0.9165,0.3999,0,0,-0.3999,0.9165,0,0,0.1447,0,1]},
{"frame":21,"values":[1,0,0,0,0,0.9259,0.3777,0,0,-0.3777,0.9259,0,0,0.1447,0,1]},
{"frame":22,"values":[1,0,0,0,0,0.9342,0.3568,0,0,-0.3568,0.9342,0,0,0.1447,0,1]},
{"frame":23,"values":[1,0,0,0,0,0.9404,0.3402,0,0,-0.3402,0.9404,0,0,0.1447,0,1]},
{"frame":24,"values":[1,0,0,0,0,0.944,0.3298,0,0,-0.3298,0.944,0,0,0.1447,0,1]},
{"frame":25,"values":[1,0,0,0,0,0.9453,0.3263,0,0,-0.3263,0.9453,0,0,0.1447,0,1]},
{"frame":31,"values":[1,0,0,0,0,0.9082,0.4186,0,0,-0.4186,0.9082,0,0,0.1447,0,1]},
{"frame":32,"values":[1,0,0,0,0,0.9092,0.4163,0,0,-0.4163,0.9092,0,0,0.1447,0,1]},
{"frame":33,"values":[1,0,0,0,0,0.9124,0.4094,0,0,-0.4094,0.9124,0,0,0.1447,0,1]},
{"frame":34,"values":[1,0,0,0,0,0.9167,0.3995,0,0,-0.3995,0.9167,0,0,0.1447,0,1]},
{"frame":35,"values":[1,0,0,0,0,0.921,0.3895,0,0,-0.3895,0.921,0,0,0.1447,0,1]},
{"frame":36,"values":[1,0,0,0,0,0.9239,0.3825,0,0,-0.3825,0.9239,0,0,0.1447,0,1]},
{"frame":37,"values":[1,0,0,0,0,0.9249,0.3801,0,0,-0.3801,0.9249,0,0,0.1447,0,1]},
{"frame":38,"values":[1,0,0,0,0,0.9234,0.3839,0,0,-0.3839,0.9234,0,0,0.1447,0,1]},
{"frame":39,"values":[1,0,0,0,0,0.9186,0.3953,0,0,-0.3953,0.9186,0,0,0.1447,0,1]},
{"frame":40,"values":[1,0,0,0,0,0.9108,0.4129,0,0,-0.4129,0.9108,0,0,0.1447,0,1]},
{"frame":41,"values":[1,0,0,0,0,0.9014,0.433,0,0,-0.433,0.9014,0,0,0.1447,0,1]},
{"frame":42,"values":[1,0,0,0,0,0.8924,0.4513,0,0,-0.4513,0.8924,0,0,0.1447,0,1]},
{"frame":43,"values":[1,0,0,0,0,0.8853,0.4651,0,0,-0.4651,0.8853,0,0,0.1447,0,1]},
{"frame":44,"values":[1,0,0,0,0,0.8787,0.4773,0,0,-0.4773,0.8787,0,0,0.1447,0,1]},
{"frame":45,"values":[1,0,0,0,0,0.873,0.4878,0,0,-0.4878,0.873,0,0,0.1447,0,1]},
{"frame":46,"values":[1,0,0,0,0,0.871,0.4913,0,0,-0.4913,0.871,0,0,0.1447,0,1]},
{"frame":47,"values":[1,0,0,0,0,0.8721,0.4894,0,0,-0.4894,0.8721,0,0,0.1447,0,1]},
{"frame":48,"values":[1,0,0,0,0,0.8753,0.4835,0,0,-0.4835,0.8753,0,0,0.1447,0,1]},
{"frame":49,"values":[1,0,0,0,0,0.8805,0.4741,0,0,-0.4741,0.8805,0,0,0.1447,0,1]},
{"frame":50,"values":[1,0,0,0,0,0.8869,0.4619,0,0,-0.4619,0.8869,0,0,0.1447,0,1]},
{"frame":51,"values":[1,0,0,0,0,0.8937,0.4488,0,0,-0.4488,0.8937,0,0,0.1447,0,1]},
{"frame":52,"values":[1,0,0,0,0,0.8997,0.4364,0,0,-0.4364,0.8997,0,0,0.1447,0,1]},
{"frame":53,"values":[1,0,0,0,0,0.9044,0.4267,0,0,-0.4267,0.9044,0,0,0.1447,0,1]},
{"frame":54,"values":[1,0,0,0,0,0.9072,0.4206,0,0,-0.4206,0.9072,0,0,0.1447,0,1]},
{"frame":55,"values":[1,0,0,0,0,0.9082,0.4186,0,0,-0.4186,0.9082,0,0,0.1447,0,1]}],"loopBehavior":1,"name":"anim","property":"_matrix"}},
{"name":"Thigh.Left","index":7,"matrix":[-0.3016,-0.8783,-0.3711,0,0.5933,0.1317,-0.7941,0,0.7463,-0.4597,0.4813,0,0,0.176,0,1],"rest":[-0.3016,-0.944,-0.1337,0,0.5933,-0.0761,-0.8014,0,0.7463,-0.321,0.583,0,0,0.176,0,1],"parentBoneIndex":0,"length":0.1355
,"animation":{"dataType":3,"framePerSecond":30,"keys":[
{"frame":1,"values":[-0.3016,-0.8557,-0.4205,0,0.5933,0.1768,-0.7853,0,0.7463,-0.4864,0.4543,0,0,0.176,0,1]},
{"frame":25,"values":[-0.3016,-0.8557,-0.4205,0,0.5933,0.1768,-0.7853,0,0.7463,-0.4864,0.4543,0,0,0.176,0,1]},
{"frame":31,"values":[-0.3016,-0.8783,-0.3711,0,0.5933,0.1317,-0.7941,0,0.7463,-0.4597,0.4813,0,0,0.176,0,1]},
{"frame":55,"values":[-0.3016,-0.8783,-0.3711,0,0.5933,0.1317,-0.7941,0,0.7463,-0.4597,0.4813,0,0,0.176,0,1]}],"loopBehavior":1,"name":"anim","property":"_matrix"}},
{"name":"Shin.Left","index":8,"matrix":[-0.0382,0.6955,0.7175,0,-0.7571,0.4484,-0.475,0,-0.6521,-0.5614,0.5095,0,0,0.1355,0,1],"rest":[-0.0118,0.6279,0.7782,0,-0.5769,0.6314,-0.5182,0,-0.8167,-0.4551,0.3548,0,0,0.1355,0,1],"parentBoneIndex":7,"length":0.1721
,"animation":{"dataType":3,"framePerSecond":30,"keys":[
{"frame":1,"values":[-0.0375,0.5631,0.8256,0,-0.3372,0.7705,-0.5409,0,-0.9407,-0.2987,0.161,0,0,0.1355,0,1]},
{"frame":2,"values":[-0.0365,0.5649,0.8244,0,-0.3445,0.7673,-0.541,0,-0.9381,-0.3037,0.1666,0,0,0.1355,0,1]},
{"frame":3,"values":[-0.0336,0.5702,0.8208,0,-0.3653,0.7575,-0.5411,0,-0.9303,-0.318,0.1829,0,0,0.1355,0,1]},
{"frame":4,"values":[-0.0297,0.5778,0.8156,0,-0.395,0.7428,-0.5406,0,-0.9182,-0.3382,0.2062,0,0,0.1355,0,1]},
{"frame":5,"values":[-0.0261,0.5855,0.8103,0,-0.4243,0.7274,-0.5393,0,-0.9052,-0.3578,0.2294,0,0,0.1355,0,1]},
{"frame":6,"values":[-0.0238,0.5908,0.8064,0,-0.4444,0.7164,-0.5379,0,-0.8955,-0.3711,0.2455,0,0,0.1355,0,1]},
{"frame":7,"values":[-0.023,0.5927,0.8051,0,-0.4512,0.7125,-0.5374,0,-0.8921,-0.3756,0.251,0,0,0.1355,0,1]},
{"frame":8,"values":[-0.0234,0.5918,0.8057,0,-0.4481,0.7142,-0.5376,0,-0.8937,-0.3736,0.2486,0,0,0.1355,0,1]},
{"frame":9,"values":[-0.0245,0.5891,0.8077,0,-0.438,0.7199,-0.5384,0,-0.8987,-0.3669,0.2404,0,0,0.1355,0,1]},
{"frame":10,"values":[-0.0266,0.5843,0.8111,0,-0.4199,0.7298,-0.5395,0,-0.9072,-0.3549,0.2259,0,0,0.1355,0,1]},
{"frame":11,"values":[-0.0297,0.5779,0.8156,0,-0.3952,0.7427,-0.5406,0,-0.9181,-0.3383,0.2063,0,0,0.1355,0,1]},
{"frame":12,"values":[-0.0334,0.5705,0.8206,0,-0.3667,0.7568,-0.5411,0,-0.9298,-0.319,0.1839,0,0,0.1355,0,1]},
{"frame":13,"values":[-0.0375,0.5631,0.8256,0,-0.3372,0.7705,-0.5409,0,-0.9407,-0.2987,0.161,0,0,0.1355,0,1]},
{"frame":14,"values":[-0.044,0.5522,0.8325,0,-0.2936,0.7894,-0.5391,0,-0.9549,-0.2681,0.1274,0,0,0.1355,0,1]},
{"frame":15,"values":[-0.0526,0.5394,0.8404,0,-0.2403,0.81,-0.5349,0,-0.9693,-0.23,0.087,0,0,0.1355,0,1]},
{"frame":16,"values":[-0.0563,0.5343,0.8434,0,-0.2187,0.8177,-0.5325,0,-0.9742,-0.2144,0.0708,0,0,0.1355,0,1]},
{"frame":17,"values":[-0.0557,0.5351,0.843,0,-0.2219,0.8165,-0.5329,0,-0.9735,-0.2168,0.0733,0,0,0.1355,0,1]},
{"frame":18,"values":[-0.054,0.5374,0.8416,0,-0.2318,0.8131,-0.534,0,-0.9713,-0.2239,0.0806,0,0,0.1355,0,1]},
{"frame":19,"values":[-0.0514,0.5411,0.8394,0,-0.2476,0.8073,-0.5356,0,-0.9675,-0.2353,0.0925,0,0,0.1355,0,1]},
{"frame":20,"values":[-0.0481,0.5459,0.8364,0,-0.2676,0.7998,-0.5374,0,-0.9623,-0.2497,0.1076,0,0,0.1355,0,1]},
{"frame":21,"values":[-0.0447,0.5512,0.8332,0,-0.2891,0.7912,-0.5389,0,-0.9563,-0.2649,0.124,0,0,0.1355,0,1]},
{"frame":22,"values":[-0.0416,0.556,0.8301,0,-0.3089,0.783,-0.5399,0,-0.9502,-0.2789,0.1392,0,0,0.1355,0,1]},
{"frame":23,"values":[-0.0393,0.5599,0.8276,0,-0.3244,0.7763,-0.5405,0,-0.9451,-0.2898,0.1511,0,0,0.1355,0,1]},
{"frame":24,"values":[-0.0379,0.5623,0.8261,0,-0.334,0.772,-0.5408,0,-0.9418,-0.2965,0.1585,0,0,0.1355,0,1]},
{"frame":25,"values":[-0.0375,0.5631,0.8256,0,-0.3372,0.7705,-0.5409,0,-0.9407,-0.2987,0.161,0,0,0.1355,0,1]},
{"frame":31,"values":[-0.0382,0.6955,0.7175,0,-0.7571,0.4484,-0.475,0,-0.6521,-0.5614,0.5095,0,0,0.1355,0,1]},
{"frame":32,"values":[-0.0414,0.6995,0.7135,0,-0.764,0.438,-0.4738,0,-0.6439,-0.5647,0.5162,0,0,0.1355,0,1]},
{"frame":33,"values":[-0.0513,0.7106,0.7017,0,-0.7832,0.4074,-0.4698,0,-0.6197,-0.5737,0.5356,0,0,0.1355,0,1]},
{"frame":34,"values":[-0.0664,0.7257,0.6848,0,-0.8091,0.3625,-0.4626,0,-0.5839,-0.5848,0.5631,0,0,0.1355,0,1]},
{"frame":35,"values":[-0.0824,0.7397,0.6678,0,-0.833,0.3168,-0.4537,0,-0.5471,-0.5937,0.5901,0,0,0.1355,0,1]},
{"frame":36,"values":[-0.0941,0.7488,0.6561,0,-0.8483,0.2846,-0.4465,0,-0.521,-0.5986,0.6085,0,0,0.1355,0,1]},
{"frame":37,"values":[-0.0982,0.7518,0.652,0,-0.8534,0.2735,-0.4438,0,-0.512,-0.6,0.6147,0,0,0.1355,0,1]},
{"frame":38,"values":[-0.0977,0.7514,0.6525,0,-0.8527,0.2749,-0.4442,0,-0.5132,-0.5998,0.6139,0,0,0.1355,0,1]},
{"frame":39,"values":[-0.0955,0.7499,0.6546,0,-0.8501,0.2806,-0.4456,0,-0.5178,-0.5991,0.6107,0,0,0.1355,0,1]},
{"frame":40,"values":[-0.0911,0.7466,0.6591,0,-0.8445,0.2928,-0.4484,0,-0.5278,-0.5974,0.6038,0,0,0.1355,0,1]},
{"frame":41,"values":[-0.0838,0.7409,0.6664,0,-0.8349,0.3128,-0.4528,0,-0.5439,-0.5943,0.5924,0,0,0.1355,0,1]},
{"frame":42,"values":[-0.0743,0.7329,0.6763,0,-0.8213,0.3397,-0.4583,0,-0.5656,-0.5895,0.5767,0,0,0.1355,0,1]},
{"frame":43,"values":[-0.0633,0.7228,0.6881,0,-0.8042,0.3714,-0.4641,0,-0.591,-0.5828,0.5577,0,0,0.1355,0,1]},
{"frame":44,"values":[-0.0457,0.7044,0.7084,0,-0.7724,0.4248,-0.4722,0,-0.6335,-0.5687,0.5247,0,0,0.1355,0,1]},
{"frame":45,"values":[-0.0252,0.6787,0.734,0,-0.7277,0.491,-0.4789,0,-0.6854,-0.5463,0.4815,0,0,0.1355,0,1]},
{"frame":46,"values":[-0.0176,0.6675,0.7444,0,-0.7081,0.5173,-0.4805,0,-0.7059,-0.5356,0.4636,0,0,0.1355,0,1]},
{"frame":47,"values":[-0.0181,0.6683,0.7437,0,-0.7095,0.5155,-0.4804,0,-0.7044,-0.5364,0.4648,0,0,0.1355,0,1]},
{"frame":48,"values":[-0.0197,0.6706,0.7415,0,-0.7137,0.5099,-0.4802,0,-0.7001,-0.5387,0.4686,0,0,0.1355,0,1]},
{"frame":49,"values":[-0.0223,0.6745,0.738,0,-0.7204,0.501,-0.4796,0,-0.6932,-0.5423,0.4747,0,0,0.1355,0,1]},
{"frame":50,"values":[-0.0256,0.6792,0.7335,0,-0.7287,0.4895,-0.4788,0,-0.6843,-0.5468,0.4824,0,0,0.1355,0,1]},
{"frame":51,"values":[-0.0294,0.6843,0.7286,0,-0.7376,0.4771,-0.4778,0,-0.6746,-0.5515,0.4908,0,0,0.1355,0,1]},
{"frame":52,"values":[-0.0329,0.689,0.724,0,-0.7457,0.4654,-0.4768,0,-0.6654,-0.5556,0.4985,0,0,0.1355,0,1]},
{"frame":53,"values":[-0.0358,0.6926,0.7205,0,-0.752,0.4562,-0.4758,0,-0.6582,-0.5588,0.5045,0,0,0.1355,0,1]},
{"frame":54,"values":[-0.0376,0.6948,0.7182,0,-0.7559,0.4504,-0.4752,0,-0.6537,-0.5607,0.5083,0,0,0.1355,0,1]},
{"frame":55,"values":[-0.0382,0.6955,0.7175,0,-0.7571,0.4484,-0.475,0,-0.6521,-0.5614,0.5095,0,0,0.1355,0,1]}],"loopBehavior":1,"name":"anim","property":"_matrix"}},
{"name":"Foot.Left","index":9,"matrix":[-0.8831,-0.2503,-0.3969,0,0.1014,0.724,-0.6823,0,0.4581,-0.6428,-0.614,0,0,0.1721,0,1],"rest":[-0.8835,-0.2841,-0.3723,0,0.1618,0.5608,-0.812,0,0.4395,-0.7776,-0.4496,0,0,0.1721,0,1],"parentBoneIndex":8,"length":0.2001
,"animation":{"dataType":3,"framePerSecond":30,"keys":[
{"frame":1,"values":[-0.8825,-0.3064,-0.3567,0,0.2192,0.4031,-0.8885,0,0.416,-0.8624,-0.2886,0,0,0.1721,0,1]},
{"frame":25,"values":[-0.8825,-0.3064,-0.3567,0,0.2192,0.4031,-0.8885,0,0.416,-0.8624,-0.2886,0,0,0.1721,0,1]},
{"frame":31,"values":[-0.8831,-0.2503,-0.3969,0,0.1014,0.724,-0.6823,0,0.4581,-0.6428,-0.614,0,0,0.1721,0,1]},
