{"producer":{"name":"Blender","version":"2.81 (sub 16)","exporter_version":"6.2.4","file":"simple03.babylon"},
"autoClear":true,"clearColor":[0.0509,0.0509,0.0509],"gravity":[0,-9.81,0],
"materials":[{"name":"skin","id":"skin","customType":"BABYLON.PBRMaterial","backFaceCulling":true,"checkReadyOnlyOnce":false,"maxSimultaneousLights":4,"environmentIntensity":1,"albedo":[0.3451,0.1311,0.0082],"reflectivity":[0,0,0],"roughness":0.5,"alpha":1,"transparencyMode":0,"alphaCutOff":0.4,"metallic":0},
{"name":"blue","id":"blue","customType":"BABYLON.PBRMaterial","backFaceCulling":true,"checkReadyOnlyOnce":false,"maxSimultaneousLights":4,"environmentIntensity":1,"albedo":[0.0063,0.0326,0.8],"reflectivity":[0.5,0.5,0.5],"roughness":0.5,"alpha":1,"transparencyMode":0,"alphaCutOff":0.4,"metallic":0},
{"name":"shoes","id":"shoes","customType":"BABYLON.PBRMaterial","backFaceCulling":true,"checkReadyOnlyOnce":false,"maxSimultaneousLights":4,"environmentIntensity":1,"albedo":[0,0,0],"reflectivity":[0.5,0.5,0.5],"roughness":0.5,"alpha":1,"transparencyMode":0,"alphaCutOff":0.4,"metallic":0}],
"multiMaterials":[],
"skeletons":[{"name":"Uni1228.001","id":0,"dimensionsAtRest":[0.9689,1.6405,0.3239],"bones":[
{"name":"Hips","index":0,"matrix":[0.9952,-0.0124,-0.0973,0,0.06,0.8619,0.5035,0,-0.0776,0.5069,-0.8585,0,-0.0026,0.9839,0.0001,1],"rest":[1,0,0,0,0,0.8996,0.4368,0,0,0.4368,-0.8996,0,0,0.8743,-0.0132,1],"parentBoneIndex":-1,"length":0.0887
,"animation":{"dataType":3,"framePerSecond":24,"keys":[
{"frame":1,"values":[0.9952,-0.0124,-0.0973,0,0.06,0.8619,0.5035,0,-0.0776,0.5069,-0.8585,0,-0.0026,0.9839,0.0001,1]},
{"frame":2,"values":[0.9952,-0.0089,-0.0973,0,0.0571,0.8611,0.5052,0,-0.0792,0.5083,-0.8575,0,-0.0058,0.9839,0.0001,1]},
{"frame":3,"values":[0.9949,-0.0142,-0.0996,0,0.0627,0.8615,0.504,0,-0.0786,0.5076,-0.858,0,-0.0092,0.9839,0.0001,1]},
{"frame":4,"values":[0.9948,-0.0116,-0.1016,0,0.0614,0.8626,0.5021,0,-0.0818,0.5057,-0.8588,0,-0.0124,0.9839,0.0001,1]},
{"frame":5,"values":[0.995,-0.0069,-0.0997,0,0.0563,0.8634,0.5014,0,-0.0826,0.5045,-0.8595,0,-0.0153,0.9839,0.0001,1]},
{"frame":6,"values":[0.9949,-0.0096,-0.1008,0,0.0591,0.8635,0.5008,0,-0.0822,0.5042,-0.8597,0,-0.0175,0.9839,0.0001,1]},
{"frame":7,"values":[0.9952,-0.0107,-0.0972,0,0.058,0.865,0.4985,0,-0.0788,0.5017,-0.8614,0,-0.0207,0.9839,0.0001,1]},
{"frame":8,"values":[0.9954,-0.006,-0.096,0,0.0534,0.8647,0.4995,0,-0.08,0.5023,-0.861,0,-0.0229,0.9839,0.0001,1]},
{"frame":9,"values":[0.9957,-0.0108,-0.092,0,0.0555,0.8647,0.4992,0,-0.0742,0.5022,-0.8616,0,-0.0256,0.9839,0.0001,1]},
{"frame":10,"values":[0.9966,-0.0097,-0.0824,0,0.0496,0.8655,0.4984,0,-0.0665,0.5008,-0.863,0,-0.0286,0.9839,0.0001,1]},
{"frame":11,"values":[0.9973,-0.013,-0.0726,0,0.0473,0.8681,0.4941,0,-0.0566,0.4962,-0.8664,0,-0.0315,0.9839,0.0001,1]},
{"frame":12,"values":[0.9979,-0.0142,-0.0628,0,0.0437,0.8656,0.4988,0,-0.0472,0.5006,-0.8644,0,-0.034,0.9839,0.0001,1]},
{"frame":13,"values":[0.9968,-0.0178,-0.0777,0,0.0542,0.8656,0.4978,0,-0.0584,0.5005,-0.8638,0,-0.037,0.9839,0.0001,1]},
{"frame":14,"values":[0.9973,-0.0223,-0.07,0,0.0541,0.8677,0.4941,0,-0.0497,0.4966,-0.8666,0,-0.0406,0.9839,0.0001,1]},
{"frame":15,"values":[0.9976,-0.0151,-0.0672,0,0.0464,0.8687,0.4932,0,-0.0509,0.4951,-0.8673,0,-0.0426,0.9839,0.0001,1]},
{"frame":16,"values":[0.9966,-0.0197,-0.0798,0,0.0568,0.8675,0.4942,0,-0.0595,0.4971,-0.8657,0,-0.0448,0.9839,0.0001,1]},
{"frame":17,"values":[0.9969,-0.0142,-0.0771,0,0.0506,0.8682,0.4936,0,-0.0599,0.496,-0.8662,0,-0.047,0.9839,0.0001,1]},
{"frame":18,"values":[0.9952,-0.0165,-0.0962,0,0.062,0.8683,0.4922,0,-0.0754,0.4958,-0.8652,0,-0.0487,0.9839,0.0001,1]},
{"frame":19,"values":[0.9952,-0.0153,-0.0962,0,0.0607,0.8697,0.4898,0,-0.0761,0.4933,-0.8665,0,-0.0506,0.9839,0.0001,1]},
{"frame":20,"values":[0.9941,-0.0118,-0.1079,0,0.0635,0.8694,0.49,0,-0.088,0.494,-0.865,0,-0.0515,0.9839,0.0001,1]},
{"frame":21,"values":[0.9919,-0.0077,-0.1264,0,0.069,0.8701,0.4881,0,-0.1062,0.4929,-0.8636,0,-0.0525,0.9839,0.0001,1]},
{"frame":22,"values":[0.9895,-0.0074,-0.1441,0,0.0776,0.8691,0.4885,0,-0.1216,0.4946,-0.8606,0,-0.0531,0.9839,0.0001,1]},
{"frame":23,"values":[0.9892,-0.0078,-0.1463,0,0.0791,0.8686,0.4891,0,-0.1232,0.4954,-0.8599,0,-0.0535,0.9839,0.0001,1]},
{"frame":24,"values":[0.9879,-0.0153,-0.1544,0,0.0899,0.8673,0.4896,0,-0.1264,0.4976,-0.8582,0,-0.0537,0.9839,0.0001,1]},
{"frame":25,"values":[0.9884,-0.0123,-0.1514,0,0.0859,0.8672,0.4904,0,-0.1253,0.4977,-0.8582,0,-0.0545,0.9839,0.0001,1]},
{"frame":26,"values":[0.99,-0.0163,-0.14,0,0.0838,0.8668,0.4916,0,-0.1133,0.4984,-0.8595,0,-0.0555,0.9839,0.0001,1]},
{"frame":27,"values":[0.9864,-0.0153,-0.1634,0,0.0958,0.8621,0.4976,0,-0.1333,0.5065,-0.8519,0,-0.0548,0.9839,0.0001,1]},
{"frame":28,"values":[0.9888,-0.0155,-0.1487,0,0.089,0.8605,0.5016,0,-0.1202,0.5092,-0.8522,0,-0.0566,0.9839,0.0001,1]},
{"frame":29,"values":[0.9916,-0.0186,-0.128,0,0.081,0.8607,0.5027,0,-0.1008,0.5088,-0.855,0,-0.0587,0.9839,0.0001,1]},
{"frame":30,"values":[0.993,-0.0162,-0.1174,0,0.0736,0.8607,0.5038,0,-0.0928,0.5089,-0.8558,0,-0.06,0.9839,0.0001,1]},
{"frame":31,"values":[0.9949,-0.02,-0.0986,0,0.0674,0.86,0.5057,0,-0.0746,0.5098,-0.857,0,-0.0619,0.9839,0.0001,1]},
{"frame":32,"values":[0.9965,-0.0197,-0.0812,0,0.058,0.8623,0.503,0,-0.0601,0.506,-0.8605,0,-0.0637,0.9839,0.0001,1]},
{"frame":33,"values":[0.998,-0.0219,-0.0599,0,0.0493,0.8613,0.5056,0,-0.0406,0.5075,-0.8607,0,-0.066,0.9839,0.0001,1]},
{"frame":34,"values":[0.9986,-0.0247,-0.0463,0,0.0448,0.8606,0.5073,0,-0.0273,0.5087,-0.8605,0,-0.0684,0.9839,0.0001,1]},
{"frame":35,"values":[0.9991,-0.0295,-0.0308,0,0.041,0.862,0.5053,0,-0.0117,0.5061,-0.8624,0,-0.0705,0.9839,0.0001,1]},
{"frame":36,"values":[0.9994,-0.0281,-0.0192,0,0.0339,0.8625,0.5049,0,-0.0024,0.5053,-0.863,0,-0.0717,0.9839,0.0001,1]},
{"frame":37,"values":[0.9994,-0.0327,-0.0104,0,0.0335,0.8617,0.5063,0,0.0076,0.5063,-0.8623,0,-0.0723,0.9839,0.0001,1]},
{"frame":38,"values":[0.9992,-0.0386,-0.0067,0,0.0367,0.8624,0.5048,0,0.0137,0.5047,-0.8632,0,-0.0718,0.9839,0.0001,1]},
{"frame":39,"values":[0.9992,-0.0382,-0.0094,0,0.0377,0.8629,0.504,0,0.0112,0.504,-0.8636,0,-0.0702,0.9839,0.0001,1]},
{"frame":40,"values":[0.9992,-0.0365,-0.0178,0,0.0405,0.8642,0.5015,0,0.0029,0.5018,-0.865,0,-0.0676,0.9839,0.0001,1]},
{"frame":41,"values":[0.9993,-0.0327,-0.0156,0,0.0361,0.866,0.4988,0,0.0028,0.499,-0.8666,0,-0.0651,0.9839,0.0001,1]},
{"frame":42,"values":[0.9993,-0.0303,-0.0212,0,0.0368,0.8679,0.4954,0,-0.0034,0.4959,-0.8684,0,-0.0622,0.9839,0.0001,1]},
{"frame":43,"values":[0.999,-0.0364,-0.0247,0,0.0438,0.871,0.4894,0,-0.0037,0.49,-0.8717,0,-0.0593,0.9839,0.0001,1]},
{"frame":44,"values":[0.9992,-0.0311,-0.0269,0,0.0402,0.876,0.4807,0,-0.0087,0.4813,-0.8765,0,-0.0559,0.9839,0.0001,1]},
{"frame":45,"values":[0.9988,-0.0335,-0.0345,0,0.0458,0.8802,0.4723,0,-0.0146,0.4734,-0.8807,0,-0.0525,0.9839,0.0001,1]},
{"frame":46,"values":[0.9989,-0.0295,-0.0375,0,0.0435,0.884,0.4654,0,-0.0194,0.4665,-0.8843,0,-0.0486,0.9839,0.0001,1]},
{"frame":47,"values":[0.9983,-0.0343,-0.0462,0,0.0517,0.8862,0.4603,0,-0.0252,0.462,-0.8865,0,-0.0454,0.9839,0.0001,1]},
{"frame":48,"values":[0.9982,-0.0397,-0.0444,0,0.0555,0.8909,0.4508,0,-0.0217,0.4525,-0.8915,0,-0.0417,0.9839,0.0001,1]},
{"frame":49,"values":[0.9977,-0.0433,-0.0522,0,0.0619,0.8949,0.442,0,-0.0276,0.4443,-0.8955,0,-0.0373,0.9839,0.0001,1]},
{"frame":50,"values":[0.9977,-0.0455,-0.0504,0,0.063,0.8961,0.4394,0,-0.0252,0.4416,-0.8969,0,-0.0319,0.9839,0.0001,1]},
{"frame":51,"values":[0.9972,-0.0486,-0.0568,0,0.0686,0.8964,0.4379,0,-0.0296,0.4406,-0.8972,0,-0.0255,0.9839,0.0001,1]},
{"frame":52,"values":[0.9964,-0.0563,-0.0632,0,0.0782,0.8987,0.4315,0,-0.0325,0.4348,-0.8999,0,-0.0165,0.9839,0.0001,1]},
{"frame":53,"values":[0.9959,-0.0623,-0.0655,0,0.0843,0.9012,0.4251,0,-0.0325,0.4289,-0.9028,0,-0.0062,0.9839,0.0001,1]},
{"frame":54,"values":[0.9969,-0.0604,-0.0496,0,0.0756,0.9049,0.4188,0,-0.0196,0.4212,-0.9067,0,0.0044,0.9839,0.0001,1]},
{"frame":55,"values":[0.9983,-0.0507,-0.0274,0,0.0575,0.9103,0.4098,0,-0.0042,0.4107,-0.9118,0,0.0161,0.9839,0.0001,1]},
{"frame":56,"values":[0.9991,-0.0397,0.0119,0,0.0315,0.9139,0.4047,0,0.0269,0.404,-0.9144,0,0.0284,0.9839,0.0001,1]},
{"frame":57,"values":[0.9983,-0.0157,0.0565,0,-0.0085,0.9144,0.4047,0,0.058,0.4045,-0.9127,0,0.0404,0.9839,0.0001,1]},
{"frame":58,"values":[0.9933,0.0141,0.1151,0,-0.0599,0.9121,0.4056,0,0.0993,0.4097,-0.9068,0,0.0529,0.9839,0.0001,1]},
{"frame":59,"values":[0.9887,0.0331,0.1462,0,-0.091,0.9075,0.41,0,0.1192,0.4187,-0.9003,0,0.0647,0.9839,0.0001,1]},
{"frame":60,"values":[0.9847,0.0608,0.163,0,-0.1245,0.9009,0.4158,0,0.1216,0.4298,-0.8947,0,0.075,0.9839,0.0001,1]},
{"frame":61,"values":[0.9793,0.0905,0.1809,0,-0.1597,0.8946,0.4173,0,0.1241,0.4376,-0.8906,0,0.0838,0.9839,0.0001,1]},
{"frame":62,"values":[0.9749,0.1102,0.1933,0,-0.183,0.8911,0.4152,0,0.1265,0.4402,-0.8889,0,0.0924,0.9839,0.0001,1]},
{"frame":63,"values":[0.9707,0.1208,0.2079,0,-0.1993,0.8879,0.4146,0,0.1345,0.4439,-0.8859,0,0.0989,0.9839,0.0001,1]},
{"frame":64,"values":[0.9685,0.1253,0.2151,0,-0.2058,0.8893,0.4085,0,0.1401,0.4399,-0.8871,0,0.1054,0.9839,0.0001,1]},
{"frame":65,"values":[0.9688,0.1224,0.2157,0,-0.2036,0.8893,0.4095,0,0.1417,0.4406,-0.8864,0,0.1108,0.9839,0.0001,1]},
{"frame":66,"values":[0.9706,0.1201,0.2088,0,-0.1976,0.8928,0.4048,0,0.1378,0.4341,-0.8903,0,0.1164,0.9839,0.0001,1]},
{"frame":67,"values":[0.9688,0.1308,0.2107,0,-0.2077,0.8922,0.401,0,0.1356,0.4322,-0.8915,0,0.1213,0.9839,0.0001,1]},
{"frame":68,"values":[0.9679,0.1356,0.2116,0,-0.2118,0.8933,0.3964,0,0.1353,0.4285,-0.8934,0,0.1251,0.9839,0.0001,1]},
{"frame":69,"values":[0.9647,0.1461,0.2193,0,-0.2243,0.8921,0.3922,0,0.1383,0.4276,-0.8933,0,0.1291,0.9839,0.0001,1]},
{"frame":70,"values":[0.9583,0.153,0.2414,0,-0.24,0.8893,0.3892,0,0.1552,0.4309,-0.889,0,0.1326,0.9839,0.0001,1]},
{"frame":71,"values":[0.9512,0.1572,0.2654,0,-0.2538,0.888,0.3836,0,0.1753,0.4322,-0.8846,0,0.1362,0.9839,0.0001,1]},
{"frame":72,"values":[0.9543,0.1526,0.2571,0,-0.2473,0.8861,0.3919,0,0.1681,0.4376,-0.8833,0,0.1414,0.9839,0.0001,1]},
{"frame":73,"values":[0.9555,0.1452,0.2567,0,-0.241,0.8862,0.3957,0,0.17,0.4399,-0.8818,0,0.1447,0.9839,0.0001,1]},
{"frame":74,"values":[0.964,0.1136,0.2403,0,-0.208,0.8852,0.4161,0,0.1655,0.4511,-0.877,0,0.1483,0.9839,0.0001,1]},
{"frame":75,"values":[0.9706,0.0901,0.2231,0,-0.1818,0.8821,0.4346,0,0.1576,0.4624,-0.8726,0,0.1498,0.9839,0.0001,1]},
{"frame":76,"values":[0.9728,0.0664,0.2219,0,-0.1643,0.8731,0.459,0,0.1633,0.4829,-0.8603,0,0.1481,0.9839,0.0001,1]},
{"frame":77,"values":[0.9763,0.0365,0.2134,0,-0.136,0.8702,0.4735,0,0.1684,0.4913,-0.8546,0,0.1493,0.9839,0.0001,1]},
{"frame":78,"values":[0.9824,0.0273,0.1849,0,-0.1154,0.8667,0.4854,0,0.147,0.4982,-0.8545,0,0.152,0.9839,0.0001,1]},
{"frame":79,"values":[0.9867,0.0045,0.1626,0,-0.086,0.8627,0.4984,0,0.138,0.5057,-0.8516,0,0.1535,0.9839,0.0001,1]},
{"frame":80,"values":[0.9896,-0.0008,0.1442,0,-0.0721,0.8632,0.4997,0,0.1249,0.5049,-0.8541,0,0.1565,0.9839,0.0001,1]},
{"frame":81,"values":[0.9923,-0.0218,0.1216,0,-0.0432,0.8608,0.5071,0,0.1157,0.5085,-0.8532,0,0.1586,0.9839,0.0001,1]},
{"frame":82,"values":[0.994,-0.0378,0.1023,0,-0.0198,0.8598,0.5102,0,0.1072,0.5092,-0.8539,0,0.1607,0.9839,0.0001,1]},
{"frame":83,"values":[0.9962,-0.0475,0.0727,0,0.0048,0.8663,0.4995,0,0.0867,0.4973,-0.8633,0,0.1627,0.9839,0.0001,1]},
{"frame":84,"values":[0.9981,-0.053,0.0306,0,0.0313,0.8722,0.4881,0,0.0525,0.4862,-0.8723,0,0.1642,0.9839,0.0001,1]},
{"frame":85,"values":[0.9981,-0.0522,-0.0341,0,0.0621,0.8783,0.4741,0,-0.0052,0.4753,-0.8798,0,0.1665,0.9839,0.0001,1]},
{"frame":86,"values":[0.9944,-0.0621,-0.0851,0,0.0946,0.8817,0.4622,0,-0.0463,0.4676,-0.8827,0,0.1679,0.9839,0.0001,1]},
{"frame":87,"values":[0.9898,-0.0631,-0.1279,0,0.1155,0.8808,0.4593,0,-0.0837,0.4693,-0.879,0,0.1701,0.9839,0.0001,1]},
{"frame":88,"values":[0.9869,-0.064,-0.148,0,0.1262,0.8781,0.4615,0,-0.1004,0.4741,-0.8747,0,0.1724,0.9839,0.0001,1]},
{"frame":89,"values":[0.9849,-0.056,-0.1639,0,0.1287,0.8697,0.4766,0,-0.1159,0.4905,-0.8637,0,0.1757,0.9839,0.0001,1]},
{"frame":90,"values":[0.9834,-0.0258,-0.1797,0,0.1118,0.8661,0.4872,0,-0.1431,0.4992,-0.8546,0,0.1783,0.9839,0.0001,1]},
{"frame":91,"values":[0.9775,0.002,-0.211,0,0.1065,0.8584,0.5017,0,-0.1822,0.5129,-0.8389,0,0.1795,0.9839,0.0001,1]},
{"frame":92,"values":[0.9749,0.0477,-0.2176,0,0.0745,0.8508,0.5202,0,-0.2099,0.5233,-0.8259,0,0.1784,0.9839,0.0001,1]},
{"frame":93,"values":[0.9784,0.0587,-0.1983,0,0.0574,0.8443,0.5327,0,-0.1987,0.5326,-0.8227,0,0.1772,0.9839,0.0001,1]},
{"frame":94,"values":[0.981,0.0655,-0.1824,0,0.0435,0.8427,0.5366,0,-0.1889,0.5344,-0.8239,0,0.1752,0.9839,0.0001,1]},
{"frame":95,"values":[0.9825,0.0846,-0.1659,0,0.0188,0.8411,0.5406,0,-0.1853,0.5342,-0.8248,0,0.1729,0.9839,0.0001,1]},
{"frame":96,"values":[0.9837,0.0951,-0.1527,0,0.0033,0.8392,0.5437,0,-0.1798,0.5354,-0.8253,0,0.1707,0.9839,0.0001,1]},
{"frame":97,"values":[0.9859,0.0949,-0.1379,0,-0.005,0.84,0.5425,0,-0.1673,0.5342,-0.8286,0,0.1674,0.9839,0.0001,1]},
{"frame":98,"values":[0.987,0.1127,-0.1147,0,-0.0333,0.8409,0.5401,0,-0.1573,0.5293,-0.8337,0,0.1633,0.9839,0.0001,1]},
{"frame":99,"values":[0.9881,0.1176,-0.0995,0,-0.0466,0.8437,0.5347,0,-0.1468,0.5237,-0.8392,0,0.158,0.9839,0.0001,1]},
{"frame":100,"values":[0.9902,0.1156,-0.0779,0,-0.0577,0.8486,0.5258,0,-0.1269,0.5162,-0.847,0,0.1514,0.9839,0.0001,1]},
{"frame":101,"values":[0.9927,0.1078,-0.0537,0,-0.0641,0.8505,0.5221,0,-0.102,0.5149,-0.8512,0,0.1437,0.9839,0.0001,1]},
{"frame":102,"values":[0.9935,0.1048,-0.0446,0,-0.066,0.849,0.5242,0,-0.0928,0.5178,-0.8504,0,0.1365,0.9839,0.0001,1]},
{"frame":103,"values":[0.9936,0.1068,-0.037,0,-0.0706,0.8419,0.535,0,-0.0883,0.529,-0.844,0,0.128,0.9839,0.0001,1]},
{"frame":104,"values":[0.9959,0.0901,-0.008,0,-0.0719,0.8418,0.535,0,-0.0549,0.5323,-0.8448,0,0.118,0.9839,0.0001,1]},
{"frame":105,"values":[0.9989,0.0445,-0.0163,0,-0.0287,0.8417,0.5392,0,-0.0377,0.5381,-0.842,0,0.1098,0.9839,0.0001,1]},
{"frame":106,"values":[0.9993,0.0322,-0.0191,0,-0.0163,0.8333,0.5526,0,-0.0337,0.5519,-0.8332,0,0.1025,0.9839,0.0001,1]},
{"frame":107,"values":[0.9999,-0.0116,-0.0025,0,0.011,0.8307,0.5566,0,0.0044,0.5566,-0.8308,0,0.0953,0.9839,0.0001,1]},
{"frame":108,"values":[0.9996,-0.028,-0.0076,0,0.0275,0.8306,0.5561,0,0.0092,0.5561,-0.8311,0,0.0896,0.9839,0.0001,1]},
{"frame":109,"values":[0.9992,-0.0382,-0.0154,0,0.0403,0.8314,0.5543,0,0.0084,0.5544,-0.8322,0,0.0851,0.9839,0.0001,1]},
{"frame":110,"values":[0.9985,-0.0511,-0.0204,0,0.0538,0.83,0.5551,0,0.0115,0.5554,-0.8315,0,0.0807,0.9839,0.0001,1]},
{"frame":111,"values":[0.9972,-0.0672,-0.0331,0,0.0744,0.8346,0.5459,0,0.0091,0.5468,-0.8372,0,0.0766,0.9839,0.0001,1]},
{"frame":112,"values":[0.9969,-0.0707,-0.0358,0,0.0789,0.8382,0.5396,0,0.0082,0.5407,-0.8412,0,0.0739,0.9839,0.0001,1]},
{"frame":113,"values":[0.9954,-0.0776,-0.056,0,0.0955,0.8435,0.5286,0,-0.0062,0.5316,-0.847,0,0.0719,0.9839,0.0001,1]},
{"frame":114,"values":[0.9925,-0.0938,-0.0785,0,0.1208,0.8514,0.5104,0,-0.019,0.516,-0.8564,0,0.0699,0.9839,0.0001,1]},
{"frame":115,"values":[0.9907,-0.0891,-0.1025,0,0.1282,0.8619,0.4906,0,-0.0446,0.4992,-0.8653,0,0.0697,0.9839,0.0001,1]},
{"frame":116,"values":[0.9864,-0.1013,-0.1294,0,0.1513,0.8674,0.4741,0,-0.0642,0.4872,-0.8709,0,0.0693,0.9839,0.0001,1]},
{"frame":117,"values":[0.9826,-0.0975,-0.1583,0,0.1609,0.8724,0.4616,0,-0.0931,0.479,-0.8729,0,0.0699,0.9839,0.0001,1]},
{"frame":118,"values":[0.9808,-0.0976,-0.1691,0,0.1658,0.8737,0.4573,0,-0.1031,0.4765,-0.8731,0,0.0704,0.9839,0.0001,1]},
{"frame":119,"values":[0.9825,-0.0884,-0.1637,0,0.1563,0.8692,0.4691,0,-0.1008,0.4865,-0.8679,0,0.0719,0.9839,0.0001,1]},
{"frame":120,"values":[0.9877,-0.0595,-0.1447,0,0.124,0.8613,0.4927,0,-0.0953,0.5046,-0.8581,0,0.0718,0.9839,0.0001,1]},
{"frame":121,"values":[0.9893,-0.0459,-0.1386,0,0.111,0.8529,0.5101,0,-0.0948,0.52,-0.8489,0,0.0728,0.9839,0.0001,1]},
{"frame":122,"values":[0.99,-0.0016,-0.1409,0,0.0768,0.8445,0.53,0,-0.1181,0.5355,-0.8362,0,0.0739,0.9839,0.0001,1]},
{"frame":123,"values":[0.9911,0.038,-0.1275,0,0.0379,0.8382,0.5441,0,-0.1275,0.544,-0.8293,0,0.0728,0.9839,0.0001,1]},
{"frame":124,"values":[0.9928,0.0517,-0.1083,0,0.0167,0.8344,0.5508,0,-0.1188,0.5487,-0.8276,0,0.0722,0.9839,0.0001,1]},
{"frame":125,"values":[0.9938,0.0586,-0.0949,0,0.0047,0.8283,0.5603,0,-0.1115,0.5572,-0.8228,0,0.0703,0.9839,0.0001,1]},
{"frame":126,"values":[0.9949,0.0714,-0.0706,0,-0.0193,0.8262,0.5631,0,-0.0986,0.5589,-0.8234,0,0.0685,0.9839,0.0001,1]},
{"frame":127,"values":[0.9935,0.1066,-0.0392,0,-0.0662,0.8241,0.5626,0,-0.0923,0.5563,-0.8258,0,0.0651,0.9839,0.0001,1]},
{"frame":128,"values":[0.9944,0.1054,-0.0118,0,-0.0807,0.8243,0.5604,0,-0.0688,0.5563,-0.8281,0,0.0616,0.9839,0.0001,1]},
{"frame":129,"values":[0.9938,0.1105,0.0099,0,-0.098,0.8327,0.545,0,-0.0519,0.5426,-0.8384,0,0.057,0.9839,0.0001,1]},
{"frame":130,"values":[0.9942,0.0999,0.0399,0,-0.1058,0.8403,0.5317,0,-0.0196,0.5328,-0.846,0,0.0523,0.9839,0.0001,1]},
{"frame":131,"values":[0.9902,0.1172,0.0761,0,-0.1397,0.8452,0.5158,0,0.0039,0.5214,-0.8533,0,0.0475,0.9839,0.0001,1]},
{"frame":132,"values":[0.9855,0.1368,0.1004,0,-0.1689,0.8459,0.5058,0,0.0157,0.5155,-0.8568,0,0.0435,0.9839,0.0001,1]},
{"frame":133,"values":[0.9913,0.1054,0.0791,0,-0.1311,0.8485,0.5127,0,0.0131,0.5186,-0.8549,0,0.037,0.9839,0.0001,1]},
{"frame":134,"values":[0.9884,0.1244,0.0872,0,-0.1516,0.8455,0.512,0,0.01,0.5193,-0.8545,0,0.0316,0.9839,0.0001,1]},
{"frame":135,"values":[0.9912,0.0931,0.0939,0,-0.1287,0.8422,0.5236,0,0.0304,0.5311,-0.8467,0,0.0266,0.9839,0.0001,1]},
{"frame":136,"values":[0.9918,0.0825,0.0972,0,-0.1217,0.8386,0.531,0,0.0377,0.5385,-0.8418,0,0.0184,0.9839,0.0001,1]},
{"frame":137,"values":[0.995,0.016,0.0982,0,-0.067,0.8373,0.5426,0,0.0736,0.5465,-0.8342,0,0.0084,0.9839,0.0001,1]},
{"frame":138,"values":[0.9947,-0.009,0.1028,0,-0.0491,0.8345,0.5487,0,0.0907,0.5509,-0.8296,0,0.0034,0.9839,0.0001,1]},
{"frame":139,"values":[0.9963,0.0059,0.0862,0,-0.0518,0.8388,0.5419,0,0.0691,0.5444,-0.836,0,0.0001,0.9839,0.0001,1]},
{"frame":140,"values":[0.9983,0.0024,0.0585,0,-0.034,0.8374,0.5455,0,0.0477,0.5466,-0.8361,0,-0.0029,0.9839,0.0001,1]},
{"frame":141,"values":[0.9997,-0.0138,0.0178,0,0.0019,0.8384,0.5451,0,0.0224,0.545,-0.8382,0,-0.0053,0.9839,0.0001,1]},
{"frame":142,"values":[0.9992,-0.0302,-0.0246,0,0.0387,0.8443,0.5344,0,-0.0046,0.535,-0.8449,0,-0.0068,0.9839,0.0001,1]},
{"frame":143,"values":[0.9979,-0.03,-0.0576,0,0.0558,0.8497,0.5244,0,-0.0332,0.5265,-0.8496,0,-0.0071,0.9839,0.0001,1]},
{"frame":144,"values":[0.9949,-0.0247,-0.0983,0,0.0722,0.8534,0.5163,0,-0.0711,0.5207,-0.8508,0,-0.0088,0.9839,0.0001,1]},
{"frame":145,"values":[0.9849,-0.0664,-0.16,0,0.1402,0.8484,0.5105,0,-0.1019,0.5252,-0.8449,0,-0.0122,0.9839,0.0001,1]},
{"frame":146,"values":[0.9775,-0.0739,-0.1977,0,0.1634,0.858,0.4869,0,-0.1336,0.5083,-0.8508,0,-0.0127,0.9839,0.0001,1]},
{"frame":147,"values":[0.9727,-0.0443,-0.2278,0,0.1504,0.8679,0.4734,0,-0.1767,0.4948,-0.8509,0,-0.0111,0.9839,0.0001,1]},
{"frame":148,"values":[0.9646,-0.0549,-0.2579,0,0.1737,0.8682,0.4648,0,-0.1985,0.4931,-0.847,0,-0.0121,0.9839,0.0001,1]},
{"frame":149,"values":[0.9651,-0.0528,-0.2566,0,0.1725,0.8652,0.4708,0,-0.1972,0.4986,-0.8441,0,-0.013,0.9839,0.0001,1]},
{"frame":150,"values":[0.9623,-0.0555,-0.2662,0,0.1834,0.8551,0.485,0,-0.2007,0.5155,-0.833,0,-0.0131,0.9839,0.0001,1]},
{"frame":151,"values":[0.9618,-0.0295,-0.272,0,0.1692,0.8454,0.5066,0,-0.215,0.5333,-0.8181,0,-0.0135,0.9839,0.0001,1]},
{"frame":152,"values":[0.9575,0.0064,-0.2883,0,0.1534,0.8353,0.528,0,-0.2442,0.5497,-0.7988,0,-0.0145,0.9839,0.0001,1]},
{"frame":153,"values":[0.9517,0.0548,-0.3022,0,0.1273,0.8251,0.5505,0,-0.2795,0.5624,-0.7782,0,-0.0166,0.9839,0.0001,1]},
{"frame":154,"values":[0.9509,0.0786,-0.2994,0,0.1097,0.8189,0.5634,0,-0.2895,0.5686,-0.77,0,-0.0206,0.9839,0.0001,1]},
{"frame":155,"values":[0.9525,0.09,-0.2909,0,0.0985,0.8129,0.574,0,-0.2881,0.5754,-0.7655,0,-0.0252,0.9839,0.0001,1]},
{"frame":156,"values":[0.9534,0.077,-0.2919,0,0.1096,0.8128,0.5722,0,-0.2813,0.5775,-0.7664,0,-0.0304,0.9839,0.0001,1]},
{"frame":157,"values":[0.9549,0.0356,-0.2947,0,0.1439,0.8128,0.5645,0,-0.2597,0.5815,-0.771,0,-0.037,0.9839,0.0001,1]},
{"frame":158,"values":[0.9632,0.1219,-0.2394,0,0.043,0.8098,0.5851,0,-0.2652,0.5739,-0.7748,0,-0.0403,0.9839,0.0001,1]},
{"frame":159,"values":[0.9681,0.106,-0.2269,0,0.0474,0.8121,0.5816,0,-0.2459,0.5738,-0.7812,0,-0.0469,0.9839,0.0001,1]},
{"frame":160,"values":[0.9705,0.1197,-0.2093,0,0.025,0.8134,0.5812,0,-0.2398,0.5693,-0.7864,0,-0.0541,0.9839,0.0001,1]},
{"frame":161,"values":[0.9724,0.1129,-0.2041,0,0.0264,0.8161,0.5774,0,-0.2317,0.5668,-0.7906,0,-0.0515,0.9839,0.0001,1]},
{"frame":162,"values":[0.9743,0.1062,-0.1988,0,0.0278,0.8187,0.5735,0,-0.2237,0.5643,-0.7947,0,-0.0489,0.9839,0.0001,1]},
{"frame":163,"values":[0.976,0.0994,-0.1936,0,0.0293,0.8214,0.5696,0,-0.2156,0.5616,-0.7988,0,-0.0464,0.9839,0.0001,1]},
{"frame":164,"values":[0.9777,0.0927,-0.1882,0,0.0308,0.824,0.5657,0,-0.2075,0.559,-0.8028,0,-0.0438,0.9839,0.0001,1]},
{"frame":165,"values":[0.9794,0.086,-0.1828,0,0.0323,0.8266,0.5619,0,-0.1994,0.5562,-0.8068,0,-0.0412,0.9839,0.0001,1]},
{"frame":166,"values":[0.9809,0.0793,-0.1774,0,0.0339,0.8292,0.558,0,-0.1913,0.5534,-0.8107,0,-0.0386,0.9839,0.0001,1]},
{"frame":167,"values":[0.9824,0.0726,-0.1719,0,0.0355,0.8317,0.5541,0,-0.1832,0.5505,-0.8145,0,-0.0361,0.9839,0.0001,1]},
{"frame":168,"values":[0.9838,0.0659,-0.1664,0,0.0372,0.8342,0.5502,0,-0.1751,0.5475,-0.8183,0,-0.0335,0.9839,0.0001,1]},
{"frame":169,"values":[0.9852,0.0593,-0.1609,0,0.0389,0.8367,0.5463,0,-0.167,0.5445,-0.822,0,-0.0309,0.9839,0.0001,1]},
{"frame":170,"values":[0.9865,0.0526,-0.1553,0,0.0406,0.8391,0.5424,0,-0.1589,0.5414,-0.8256,0,-0.0283,0.9839,0.0001,1]},
{"frame":171,"values":[0.9877,0.046,-0.1497,0,0.0424,0.8415,0.5385,0,-0.1507,0.5382,-0.8292,0,-0.0258,0.9839,0.0001,1]},
{"frame":172,"values":[0.9888,0.0394,-0.144,0,0.0442,0.8439,0.5346,0,-0.1426,0.535,-0.8327,0,-0.0232,0.9839,0.0001,1]},
{"frame":173,"values":[0.9898,0.0329,-0.1383,0,0.046,0.8463,0.5307,0,-0.1345,0.5317,-0.8362,0,-0.0206,0.9839,0.0001,1]},
{"frame":174,"values":[0.9908,0.0263,-0.1325,0,0.0479,0.8486,0.5268,0,-0.1263,0.5283,-0.8396,0,-0.018,0.9839,0.0001,1]},
{"frame":175,"values":[0.9917,0.0198,-0.1267,0,0.0498,0.8509,0.5229,0,-0.1182,0.5249,-0.8429,0,-0.0155,0.9839,0.0001,1]},
{"frame":176,"values":[0.9926,0.0133,-0.1209,0,0.0518,0.8532,0.519,0,-0.1101,0.5214,-0.8462,0,-0.0129,0.9839,0.0001,1]},
{"frame":177,"values":[0.9933,0.0068,-0.1151,0,0.0538,0.8554,0.5151,0,-0.102,0.5179,-0.8494,0,-0.0103,0.9839,0.0001,1]},
{"frame":178,"values":[0.994,0.0004,-0.1092,0,0.0558,0.8576,0.5112,0,-0.0938,0.5143,-0.8525,0,-0.0077,0.9839,0.0001,1]},
{"frame":179,"values":[0.9946,-0.006,-0.1033,0,0.0579,0.8598,0.5074,0,-0.0857,0.5106,-0.8555,0,-0.0051,0.9839,0.0001,1]},
{"frame":180,"values":[0.9952,-0.0124,-0.0973,0,0.06,0.8619,0.5035,0,-0.0776,0.5069,-0.8585,0,-0.0026,0.9839,0.0001,1]}],"loopBehavior":1,"name":"anim","property":"_matrix"}},
{"name":"LHipJoint","index":1,"matrix":[-0.1014,0.1425,-0.9846,0,0.9936,-0.0359,-0.1076,0,-0.0506,-0.9891,-0.1379,0,0,0,0,1],"rest":[-0.1014,0.1425,-0.9846,0,0.9936,-0.0359,-0.1076,0,-0.0506,-0.9891,-0.1379,0,0,0,0,1],"parentBoneIndex":0,"length":0.102
,"animation":{"dataType":3,"framePerSecond":24,"keys":[
{"frame":1,"values":[-0.1014,0.1425,-0.9846,0,0.9936,-0.0359,-0.1076,0,-0.0506,-0.9891,-0.1379,0,0,0,0,1]},
{"frame":180,"values":[-0.1014,0.1425,-0.9846,0,0.9936,-0.0359,-0.1076,0,-0.0506,-0.9891,-0.1379,0,0,0,0,1]}],"loopBehavior":1,"name":"anim","property":"_matrix"}},
{"name":"LeftUpLeg","index":2,"matrix":[-0.2947,0.9535,-0.063,0,0.2298,0.1347,0.9639,0,0.9276,0.2695,-0.2588,0,0,0.102,0,1],"rest":[-0.1458,0.9784,-0.1465,0,0.2107,0.1754,0.9617,0,0.9666,0.1094,-0.2317,0,0,0.102,0,1],"parentBoneIndex":1,"length":0.3944
,"animation":{"dataType":3,"framePerSecond":24,"keys":[
{"frame":1,"values":[-0.2947,0.9535,-0.063,0,0.2298,0.1347,0.9639,0,0.9276,0.2695,-0.2588,0,0,0.102,0,1]},
{"frame":2,"values":[-0.2936,0.9539,-0.0627,0,0.2305,0.1343,0.9638,0,0.9277,0.2685,-0.2593,0,0,0.102,0,1]},
{"frame":3,"values":[-0.2959,0.9524,-0.0732,0,0.2255,0.1441,0.9635,0,0.9282,0.2686,-0.2574,0,0,0.102,0,1]},
{"frame":4,"values":[-0.2964,0.9522,-0.0743,0,0.2256,0.1454,0.9633,0,0.9281,0.2687,-0.2579,0,0,0.102,0,1]},
{"frame":5,"values":[-0.2982,0.9518,-0.0717,0,0.225,0.1431,0.9638,0,0.9276,0.2712,-0.2568,0,0,0.102,0,1]},
{"frame":6,"values":[-0.3047,0.9496,-0.0741,0,0.2266,0.1479,0.9627,0,0.9251,0.2765,-0.2602,0,0,0.102,0,1]},
{"frame":7,"values":[-0.3088,0.9479,-0.0781,0,0.2246,0.1524,0.9625,0,0.9242,0.2796,-0.26,0,0,0.102,0,1]},
{"frame":8,"values":[-0.312,0.9473,-0.0724,0,0.2278,0.1486,0.9623,0,0.9224,0.2837,-0.2622,0,0,0.102,0,1]},
{"frame":9,"values":[-0.3187,0.9446,-0.0788,0,0.2278,0.157,0.961,0,0.9201,0.2883,-0.2653,0,0,0.102,0,1]},
{"frame":10,"values":[-0.3236,0.9429,-0.0793,0,0.2274,0.1588,0.9608,0,0.9184,0.2929,-0.2658,0,0,0.102,0,1]},
{"frame":11,"values":[-0.3332,0.9392,-0.0836,0,0.2205,0.1639,0.9615,0,0.9167,0.3019,-0.2617,0,0,0.102,0,1]},
{"frame":12,"values":[-0.3427,0.9359,-0.0818,0,0.2254,0.1665,0.9599,0,0.912,0.3106,-0.268,0,0,0.102,0,1]},
{"frame":13,"values":[-0.3453,0.9346,-0.0858,0,0.229,0.1725,0.958,0,0.9101,0.3112,-0.2736,0,0,0.102,0,1]},
{"frame":14,"values":[-0.3481,0.9325,-0.0962,0,0.2191,0.1807,0.9588,0,0.9115,0.3127,-0.2672,0,0,0.102,0,1]},
{"frame":15,"values":[-0.3486,0.933,-0.0894,0,0.2198,0.174,0.9599,0,0.9111,0.315,-0.2657,0,0,0.102,0,1]},
{"frame":16,"values":[-0.3477,0.9326,-0.0961,0,0.2248,0.1825,0.9572,0,0.9102,0.3112,-0.2731,0,0,0.102,0,1]},
{"frame":17,"values":[-0.3458,0.9336,-0.0942,0,0.222,0.179,0.9585,0,0.9117,0.3105,-0.2692,0,0,0.102,0,1]},
{"frame":18,"values":[-0.3328,0.9371,-0.1055,0,0.2209,0.1862,0.9574,0,0.9168,0.2953,-0.269,0,0,0.102,0,1]},
{"frame":19,"values":[-0.3274,0.9384,-0.1107,0,0.2165,0.1885,0.9579,0,0.9198,0.2897,-0.2649,0,0,0.102,0,1]},
{"frame":20,"values":[-0.3225,0.9403,-0.1088,0,0.223,0.1872,0.9567,0,0.9199,0.2842,-0.2701,0,0,0.102,0,1]},
{"frame":21,"values":[-0.3124,0.9437,-0.1088,0,0.227,0.1853,0.9561,0,0.9224,0.274,-0.2721,0,0,0.102,0,1]},
{"frame":22,"values":[-0.3037,0.9462,-0.1114,0,0.229,0.186,0.9555,0,0.9248,0.2646,-0.2732,0,0,0.102,0,1]},
{"frame":23,"values":[-0.305,0.9456,-0.1132,0,0.2241,0.1868,0.9565,0,0.9256,0.2663,-0.2689,0,0,0.102,0,1]},
{"frame":24,"values":[-0.2951,0.947,-0.1273,0,0.2174,0.1963,0.9561,0,0.9304,0.2545,-0.2638,0,0,0.102,0,1]},
{"frame":25,"values":[-0.2894,0.9485,-0.129,0,0.2094,0.1942,0.9583,0,0.934,0.2503,-0.2549,0,0,0.102,0,1]},
{"frame":26,"values":[-0.2887,0.9473,-0.1386,0,0.1934,0.1995,0.9606,0,0.9377,0.2505,-0.2408,0,0,0.102,0,1]},
{"frame":27,"values":[-0.2787,0.9506,-0.1367,0,0.2044,0.1978,0.9587,0,0.9384,0.2393,-0.2494,0,0,0.102,0,1]},
{"frame":28,"values":[-0.2764,0.9502,-0.1438,0,0.1906,0.2009,0.9609,0,0.942,0.2381,-0.2367,0,0,0.102,0,1]},
{"frame":29,"values":[-0.281,0.9474,-0.1532,0,0.1647,0.2049,0.9648,0,0.9455,0.2459,-0.2136,0,0,0.102,0,1]},
{"frame":30,"values":[-0.2849,0.9466,-0.1507,0,0.1546,0.2005,0.9674,0,0.946,0.2523,-0.2035,0,0,0.102,0,1]},
{"frame":31,"values":[-0.2852,0.945,-0.1601,0,0.1399,0.2063,0.9684,0,0.9482,0.2538,-0.191,0,0,0.102,0,1]},
{"frame":32,"values":[-0.2862,0.9439,-0.1646,0,0.1222,0.2063,0.9708,0,0.9503,0.2577,-0.1744,0,0,0.102,0,1]},
{"frame":33,"values":[-0.294,0.9408,-0.1685,0,0.1108,0.2086,0.9717,0,0.9494,0.267,-0.1655,0,0,0.102,0,1]},
{"frame":34,"values":[-0.292,0.9398,-0.1775,0,0.0974,0.2139,0.972,0,0.9515,0.2665,-0.154,0,0,0.102,0,1]},
{"frame":35,"values":[-0.2856,0.9391,-0.1913,0,0.0739,0.2206,0.9726,0,0.9555,0.2636,-0.1324,0,0,0.102,0,1]},
{"frame":36,"values":[-0.2734,0.9411,-0.199,0,0.0559,0.2221,0.9734,0,0.9603,0.255,-0.1133,0,0,0.102,0,1]},
{"frame":37,"values":[-0.2602,0.9415,-0.2142,0,0.0342,0.2307,0.9724,0,0.9649,0.2457,-0.0922,0,0,0.102,0,1]},
{"frame":38,"values":[-0.248,0.9413,-0.2288,0,0.0088,0.2384,0.9711,0,0.9687,0.2388,-0.0674,0,0,0.102,0,1]},
{"frame":39,"values":[-0.2304,0.9446,-0.2338,0,-0.0097,0.238,0.9712,0,0.9731,0.226,-0.0457,0,0,0.102,0,1]},
{"frame":40,"values":[-0.2109,0.9488,-0.235,0,-0.0237,0.2353,0.9716,0,0.9772,0.2105,-0.0271,0,0,0.102,0,1]},
{"frame":41,"values":[-0.2025,0.9523,-0.2281,0,-0.0374,0.2253,0.9736,0,0.9786,0.2056,-0.01,0,0,0.102,0,1]},
{"frame":42,"values":[-0.1977,0.9548,-0.2218,0,-0.0447,0.2173,0.9751,0,0.9793,0.2027,-0.0003,0,0,0.102,0,1]},
{"frame":43,"values":[-0.1998,0.9537,-0.2247,0,-0.0571,0.2176,0.9744,0,0.9782,0.2075,0.011,0,0,0.102,0,1]},
{"frame":44,"values":[-0.2081,0.9546,-0.2131,0,-0.0677,0.2033,0.9768,0,0.9757,0.2177,0.0223,0,0,0.102,0,1]},
{"frame":45,"values":[-0.2196,0.9526,-0.2106,0,-0.0754,0.1986,0.9772,0,0.9727,0.2305,0.0282,0,0,0.102,0,1]},
{"frame":46,"values":[-0.2426,0.9496,-0.1984,0,-0.0816,0.1838,0.9796,0,0.9667,0.2539,0.0329,0,0,0.102,0,1]},
{"frame":47,"values":[-0.2587,0.9448,-0.2008,0,-0.0936,0.1824,0.9788,0,0.9614,0.272,0.0413,0,0,0.102,0,1]},
{"frame":48,"values":[-0.2855,0.9371,-0.2009,0,-0.115,0.1746,0.9779,0,0.9515,0.3023,0.0579,0,0,0.102,0,1]},
{"frame":49,"values":[-0.2989,0.9329,-0.201,0,-0.1344,0.1674,0.9767,0,0.9448,0.319,0.0753,0,0,0.102,0,1]},
{"frame":50,"values":[-0.3125,0.9299,-0.1942,0,-0.1508,0.1533,0.9766,0,0.9379,0.3345,0.0923,0,0,0.102,0,1]},
{"frame":51,"values":[-0.3066,0.9329,-0.1891,0,-0.1604,0.1452,0.9763,0,0.9382,0.3296,0.1051,0,0,0.102,0,1]},
{"frame":52,"values":[-0.2937,0.9377,-0.1857,0,-0.1826,0.1356,0.9738,0,0.9383,0.3199,0.1314,0,0,0.102,0,1]},
{"frame":53,"values":[-0.2726,0.9455,-0.178,0,-0.2076,0.1228,0.9705,0,0.9395,0.3015,0.1629,0,0,0.102,0,1]},
{"frame":54,"values":[-0.2479,0.9559,-0.1574,0,-0.2271,0.1006,0.9687,0,0.9418,0.2759,0.1921,0,0,0.102,0,1]},
{"frame":55,"values":[-0.2208,0.967,-0.1272,0,-0.2293,0.0753,0.9705,0,0.948,0.2435,0.2051,0,0,0.102,0,1]},
{"frame":56,"values":[-0.2185,0.9712,-0.0953,0,-0.205,0.0498,0.9775,0,0.9541,0.2331,0.1882,0,0,0.102,0,1]},
{"frame":57,"values":[-0.1977,0.9786,-0.0566,0,-0.1662,0.0234,0.9858,0,0.9661,0.2043,0.158,0,0,0.102,0,1]},
{"frame":58,"values":[-0.17,0.9854,-0.0124,0,-0.1255,-0.0092,0.9921,0,0.9774,0.1702,0.1252,0,0,0.102,0,1]},
{"frame":59,"values":[-0.1372,0.9904,0.0153,0,-0.0684,-0.0249,0.9973,0,0.9882,0.1358,0.0712,0,0,0.102,0,1]},
{"frame":60,"values":[-0.1225,0.9911,0.0527,0,0.0007,-0.053,0.9986,0,0.9925,0.1224,0.0058,0,0,0.102,0,1]},
{"frame":61,"values":[-0.1075,0.99,0.0917,0,0.0643,-0.0852,0.9943,0,0.9921,0.1128,-0.0545,0,0,0.102,0,1]},
{"frame":62,"values":[-0.0971,0.9883,0.1175,0,0.1198,-0.1056,0.9872,0,0.988,0.1099,-0.1082,0,0,0.102,0,1]},
{"frame":63,"values":[-0.0936,0.9873,0.1286,0,0.1652,-0.112,0.9799,0,0.9818,0.1129,-0.1526,0,0,0.102,0,1]},
{"frame":64,"values":[-0.0962,0.9866,0.1314,0,0.1958,-0.1107,0.9744,0,0.9759,0.1194,-0.1826,0,0,0.102,0,1]},
{"frame":65,"values":[-0.1,0.9869,0.1263,0,0.2375,-0.0996,0.9663,0,0.9662,0.1267,-0.2245,0,0,0.102,0,1]},
{"frame":66,"values":[-0.1108,0.9857,0.1271,0,0.2812,-0.0916,0.9553,0,0.9532,0.1416,-0.267,0,0,0.102,0,1]},
{"frame":67,"values":[-0.1206,0.9822,0.1438,0,0.3464,-0.0941,0.9333,0,0.9303,0.1624,-0.3289,0,0,0.102,0,1]},
{"frame":68,"values":[-0.1181,0.9823,0.1454,0,0.4112,-0.0848,0.9076,0,0.9039,0.167,-0.3939,0,0,0.102,0,1]},
{"frame":69,"values":[-0.1106,0.9824,0.1504,0,0.4875,-0.0783,0.8696,0,0.8661,0.1695,-0.4703,0,0,0.102,0,1]},
{"frame":70,"values":[-0.1076,0.9835,0.1455,0,0.5564,-0.0617,0.8286,0,0.8239,0.1702,-0.5406,0,0,0.102,0,1]},
{"frame":71,"values":[-0.1244,0.9813,0.1471,0,0.5952,-0.0448,0.8023,0,0.7939,0.1874,-0.5785,0,0,0.102,0,1]},
{"frame":72,"values":[-0.1255,0.9823,0.1391,0,0.6058,-0.0352,0.7949,0,0.7857,0.184,-0.5906,0,0,0.102,0,1]},
{"frame":73,"values":[-0.1362,0.9829,0.1243,0,0.5966,-0.0188,0.8023,0,0.7909,0.1834,-0.5838,0,0,0.102,0,1]},
{"frame":74,"values":[-0.1563,0.9838,0.0876,0,0.5587,0.0149,0.8293,0,0.8145,0.1786,-0.5519,0,0,0.102,0,1]},
{"frame":75,"values":[-0.1713,0.9838,0.052,0,0.4758,0.0365,0.8788,0,0.8627,0.1753,-0.4744,0,0,0.102,0,1]},
{"frame":76,"values":[-0.1911,0.9814,0.0172,0,0.3883,0.0595,0.9196,0,0.9015,0.1824,-0.3925,0,0,0.102,0,1]},
{"frame":77,"values":[-0.1958,0.9804,-0.0213,0,0.2684,0.0745,0.9604,0,0.9432,0.1824,-0.2778,0,0,0.102,0,1]},
{"frame":78,"values":[-0.1787,0.9832,-0.0362,0,0.169,0.0669,0.9833,0,0.9693,0.1696,-0.1781,0,0,0.102,0,1]},
{"frame":79,"values":[-0.1766,0.9823,-0.0624,0,0.0717,0.0761,0.9945,0,0.9817,0.1712,-0.0838,0,0,0.102,0,1]},
{"frame":80,"values":[-0.1794,0.9823,-0.0546,0,-0.0186,0.0521,0.9985,0,0.9836,0.1801,0.0089,0,0,0.102,0,1]},
{"frame":81,"values":[-0.2,0.9778,-0.0622,0,-0.0953,0.0438,0.9945,0,0.9752,0.2048,0.0844,0,0,0.102,0,1]},
{"frame":82,"values":[-0.2238,0.9723,-0.0678,0,-0.1471,0.035,0.9885,0,0.9635,0.2312,0.1352,0,0,0.102,0,1]},
{"frame":83,"values":[-0.2434,0.9669,-0.0768,0,-0.1813,0.0324,0.9829,0,0.9528,0.2532,0.1674,0,0,0.102,0,1]},
{"frame":84,"values":[-0.2687,0.959,-0.0895,0,-0.19,0.0383,0.981,0,0.9443,0.2806,0.1719,0,0,0.102,0,1]},
{"frame":85,"values":[-0.3263,0.9395,-0.104,0,-0.1771,0.0473,0.983,0,0.9285,0.3392,0.151,0,0,0.102,0,1]},
{"frame":86,"values":[-0.3654,0.9221,-0.1274,0,-0.1806,0.064,0.9815,0,0.9132,0.3816,0.1432,0,0,0.102,0,1]},
{"frame":87,"values":[-0.2981,0.9461,-0.1271,0,-0.186,0.073,0.9798,0,0.9363,0.3157,0.1542,0,0,0.102,0,1]},
{"frame":88,"values":[-0.2248,0.9683,-0.1087,0,-0.1931,0.065,0.979,0,0.9551,0.241,0.1724,0,0,0.102,0,1]},
{"frame":89,"values":[-0.2786,0.9569,-0.0813,0,-0.1671,0.0351,0.9853,0,0.9458,0.2881,0.1501,0,0,0.102,0,1]},
{"frame":90,"values":[-0.2514,0.9674,-0.031,0,-0.1348,-0.0033,0.9909,0,0.9585,0.2533,0.1313,0,0,0.102,0,1]},
{"frame":91,"values":[-0.1956,0.9807,0.0054,0,-0.0724,-0.0199,0.9972,0,0.978,0.1947,0.0749,0,0,0.102,0,1]},
{"frame":92,"values":[-0.1471,0.9874,0.0586,0,0.0155,-0.0569,0.9983,0,0.989,0.1478,-0.007,0,0,0.102,0,1]},
{"frame":93,"values":[-0.1514,0.9844,0.0899,0,0.0999,-0.0752,0.9922,0,0.9834,0.1592,-0.0869,0,0,0.102,0,1]},
{"frame":94,"values":[-0.1402,0.9844,0.1062,0,0.1576,-0.0837,0.984,0,0.9775,0.1547,-0.1434,0,0,0.102,0,1]},
{"frame":95,"values":[-0.1324,0.9816,0.1374,0,0.2127,-0.1073,0.9712,0,0.9681,0.1578,-0.1946,0,0,0.102,0,1]},
{"frame":96,"values":[-0.1143,0.9812,0.1558,0,0.2618,-0.1216,0.9574,0,0.9583,0.1502,-0.243,0,0,0.102,0,1]},
{"frame":97,"values":[-0.1081,0.9808,0.1622,0,0.3101,-0.1218,0.9429,0,0.9446,0.1522,-0.2909,0,0,0.102,0,1]},
{"frame":98,"values":[-0.1059,0.9763,0.1885,0,0.3759,-0.1362,0.9166,0,0.9206,0.1679,-0.3525,0,0,0.102,0,1]},
{"frame":99,"values":[-0.1028,0.9756,0.1939,0,0.4413,-0.13,0.8879,0,0.8914,0.1769,-0.4172,0,0,0.102,0,1]},
{"frame":100,"values":[-0.1027,0.9772,0.1858,0,0.5024,-0.1103,0.8576,0,0.8585,0.1814,-0.4796,0,0,0.102,0,1]},
{"frame":101,"values":[-0.1153,0.9778,0.1753,0,0.548,-0.0846,0.8322,0,0.8285,0.192,-0.526,0,0,0.102,0,1]},
{"frame":102,"values":[-0.1245,0.977,0.173,0,0.5723,-0.0717,0.8169,0,0.8105,0.2007,-0.5502,0,0,0.102,0,1]},
{"frame":103,"values":[-0.1206,0.9791,0.1639,0,0.5864,-0.0629,0.8076,0,0.801,0.1935,-0.5665,0,0,0.102,0,1]},
{"frame":104,"values":[-0.1383,0.9827,0.1232,0,0.5688,-0.0231,0.8222,0,0.8108,0.1838,-0.5558,0,0,0.102,0,1]},
{"frame":105,"values":[-0.1462,0.9882,0.0447,0,0.4972,0.0343,0.867,0,0.8553,0.149,-0.4963,0,0,0.102,0,1]},
{"frame":106,"values":[-0.1479,0.9889,0.016,0,0.4189,0.048,0.9067,0,0.8959,0.1409,-0.4214,0,0,0.102,0,1]},
{"frame":107,"values":[-0.1644,0.9854,-0.0438,0,0.3066,0.0932,0.9473,0,0.9375,0.1423,-0.3174,0,0,0.102,0,1]},
{"frame":108,"values":[-0.1438,0.9864,-0.0797,0,0.1998,0.1078,0.9739,0,0.9692,0.1242,-0.2125,0,0,0.102,0,1]},
{"frame":109,"values":[-0.1158,0.9877,-0.1051,0,0.1093,0.1179,0.987,0,0.9872,0.1028,-0.1216,0,0,0.102,0,1]},
{"frame":110,"values":[-0.0928,0.9878,-0.1248,0,0.0269,0.1277,0.9914,0,0.9953,0.0887,-0.0384,0,0,0.102,0,1]},
{"frame":111,"values":[-0.0746,0.9872,-0.141,0,-0.0572,0.137,0.9889,0,0.9956,0.0818,0.0462,0,0,0.102,0,1]},
{"frame":112,"values":[-0.07,0.9888,-0.1319,0,-0.1109,0.1237,0.9861,0,0.9914,0.0837,0.101,0,0,0.102,0,1]},
{"frame":113,"values":[-0.0626,0.9891,-0.1331,0,-0.1521,0.1223,0.9808,0,0.9864,0.0817,0.1428,0,0,0.102,0,1]},
{"frame":114,"values":[-0.0772,0.986,-0.1475,0,-0.1845,0.1313,0.974,0,0.9798,0.1024,0.1718,0,0,0.102,0,1]},
{"frame":115,"values":[-0.1316,0.9812,-0.1408,0,-0.1857,0.1152,0.9758,0,0.9738,0.1546,0.167,0,0,0.102,0,1]},
{"frame":116,"values":[-0.2689,0.9495,-0.1617,0,-0.1807,0.1152,0.9768,0,0.9461,0.2919,0.1406,0,0,0.102,0,1]},
{"frame":117,"values":[-0.3536,0.9199,-0.1694,0,-0.1778,0.1117,0.9777,0,0.9183,0.3759,0.1241,0,0,0.102,0,1]},
{"frame":118,"values":[-0.2422,0.9562,-0.1645,0,-0.1965,0.1177,0.9734,0,0.9501,0.2681,0.1593,0,0,0.102,0,1]},
{"frame":119,"values":[-0.2049,0.9695,-0.1346,0,-0.1967,0.094,0.9759,0,0.9588,0.2264,0.1714,0,0,0.102,0,1]},
{"frame":120,"values":[-0.2068,0.9749,-0.0826,0,-0.1672,0.048,0.9848,0,0.964,0.2174,0.1531,0,0,0.102,0,1]},
{"frame":121,"values":[-0.1603,0.9856,-0.054,0,-0.1329,0.0326,0.9906,0,0.9781,0.166,0.1258,0,0,0.102,0,1]},
{"frame":122,"values":[-0.1426,0.9897,0.0082,0,-0.0501,-0.0155,0.9986,0,0.9885,0.142,0.0518,0,0,0.102,0,1]},
{"frame":123,"values":[-0.1223,0.9906,0.0606,0,0.0358,-0.0566,0.9978,0,0.9918,0.1242,-0.0285,0,0,0.102,0,1]},
{"frame":124,"values":[-0.1162,0.9894,0.0871,0,0.1103,-0.0743,0.9911,0,0.9871,0.1248,-0.1005,0,0,0.102,0,1]},
{"frame":125,"values":[-0.1185,0.9871,0.1073,0,0.1832,-0.0845,0.9794,0,0.9759,0.1358,-0.1708,0,0,0.102,0,1]},
{"frame":126,"values":[-0.1232,0.983,0.1357,0,0.2402,-0.1032,0.9652,0,0.9629,0.1516,-0.2234,0,0,0.102,0,1]},
{"frame":127,"values":[-0.109,0.9776,0.1801,0,0.2998,-0.1404,0.9436,0,0.9477,0.1569,-0.2778,0,0,0.102,0,1]},
{"frame":128,"values":[-0.1118,0.9762,0.186,0,0.3596,-0.1348,0.9233,0,0.9264,0.1701,-0.3359,0,0,0.102,0,1]},
{"frame":129,"values":[-0.1057,0.9768,0.1863,0,0.4221,-0.1256,0.8978,0,0.9004,0.1735,-0.399,0,0,0.102,0,1]},
{"frame":130,"values":[-0.1164,0.9785,0.1705,0,0.4857,-0.0937,0.8691,0,0.8664,0.184,-0.4643,0,0,0.102,0,1]},
{"frame":131,"values":[-0.1154,0.9775,0.1766,0,0.5571,-0.0835,0.8262,0,0.8224,0.1937,-0.5349,0,0,0.102,0,1]},
{"frame":132,"values":[-0.1235,0.9731,0.1945,0,0.6033,-0.082,0.7933,0,0.7879,0.2153,-0.577,0,0,0.102,0,1]},
{"frame":133,"values":[-0.1416,0.9763,0.1636,0,0.6168,-0.0422,0.786,0,0.7743,0.2122,-0.5962,0,0,0.102,0,1]},
{"frame":134,"values":[-0.1498,0.9715,0.1836,0,0.6172,-0.0532,0.785,0,0.7724,0.2309,-0.5917,0,0,0.102,0,1]},
{"frame":135,"values":[-0.1627,0.9779,0.1312,0,0.5714,-0.015,0.8206,0,0.8044,0.2085,-0.5563,0,0,0.102,0,1]},
{"frame":136,"values":[-0.1617,0.9836,0.0798,0,0.4926,0.0104,0.8702,0,0.8551,0.18,-0.4862,0,0,0.102,0,1]},
{"frame":137,"values":[-0.186,0.9823,-0.0223,0,0.384,0.0936,0.9186,0,0.9044,0.1623,-0.3946,0,0,0.102,0,1]},
{"frame":138,"values":[-0.1881,0.9801,-0.0641,0,0.2831,0.1166,0.952,0,0.9405,0.1609,-0.2994,0,0,0.102,0,1]},
{"frame":139,"values":[-0.1479,0.9867,-0.0673,0,0.1845,0.0944,0.9783,0,0.9716,0.1323,-0.196,0,0,0.102,0,1]},
{"frame":140,"values":[-0.1111,0.9901,-0.0853,0,0.1078,0.0973,0.9894,0,0.988,0.1007,-0.1175,0,0,0.102,0,1]},
{"frame":141,"values":[-0.0814,0.9907,-0.1087,0,0.0288,0.1113,0.9934,0,0.9963,0.0778,-0.0376,0,0,0.102,0,1]},
{"frame":142,"values":[-0.0726,0.9901,-0.1199,0,-0.0441,0.117,0.9922,0,0.9964,0.0773,0.0352,0,0,0.102,0,1]},
{"frame":143,"values":[-0.0804,0.9913,-0.1046,0,-0.0875,0.0975,0.9914,0,0.9929,0.0888,0.0789,0,0,0.102,0,1]},
