{"producer":{"name":"Blender","version":"2.93.0 Beta","exporter_version":"2.93-beta 3","file":"simple07b.babylon"},
"autoClear":true,"clearColor":[0.0509,0.0509,0.0509],"gravity":[0,-9.81,0],
"materials":[{"name":"skin","id":"skin","customType":"BABYLON.PBRMaterial","albedo":[0.3451,0.1311,0.0082],"emissive":[0,0,0],"reflectivity":[0,0,0],"roughness":0.5,"alpha":1,"transparencyMode":0,"alphaCutOff":0.4,"metallic":0},
{"name":"blue","id":"blue","customType":"BABYLON.PBRMaterial","albedo":[0.0063,0.0326,0.8],"emissive":[0,0,0],"reflectivity":[0.2273,0.2273,0.2273],"roughness":0.7273,"alpha":1,"transparencyMode":0,"alphaCutOff":0.4,"metallic":0},
{"name":"grey","id":"grey","customType":"BABYLON.PBRMaterial","albedo":[0.0444,0.0444,0.0444],"emissive":[0,0,0],"reflectivity":[0,0,0],"roughness":1,"alpha":1,"transparencyMode":0,"alphaCutOff":0.4,"metallic":0},
{"name":"shoes","id":"shoes","customType":"BABYLON.PBRMaterial","albedo":[0,0,0],"emissive":[0,0,0],"reflectivity":[0.5,0.5,0.5],"roughness":0.5,"alpha":1,"transparencyMode":0,"alphaCutOff":0.4,"metallic":0}],
"multiMaterials":[{"name":"simple07b.Multimaterial#0","id":"simple07b.Multimaterial#0","materials":["blue","grey"]}],
"skeletons":[{"name":"Uni1228.001","id":0,"dimensionsAtRest":[0.9689,1.6405,0.3239],"bones":[
{"name":"Hips","index":0,"matrix":[0.9985,0.0017,0.0542,0,-0.0206,0.9366,0.3497,0,0.0502,0.3503,-0.9353,0,-0.0024,0.8572,-0.0616,1],"rest":[1,0,0,0,0,0.8996,0.4368,0,0,0.4368,-0.8996,0,0,0.8743,-0.0132,1],"parentBoneIndex":-1,"length":0.0887
,"animation":{"name":"anim","property":"_matrix","dataType":3,"framePerSecond":24,"loopBehavior":1,"keys":[
{"frame":1,"values":[0.9985,0.0017,0.0542,0,-0.0206,0.9366,0.3497,0,0.0502,0.3503,-0.9353,0,-0.0024,0.8572,-0.0616,1]},
{"frame":3,"values":[0.9989,0.0047,0.0469,0,-0.0206,0.9384,0.345,0,0.0424,0.3456,-0.9374,0,-0.0016,0.8437,-0.0616,1]},
{"frame":4,"values":[0.9992,0.0076,0.0397,0,-0.0206,0.9401,0.3403,0,0.0347,0.3408,-0.9395,0,-0.0009,0.8302,-0.0616,1]},
{"frame":5,"values":[0.9994,0.0085,0.0333,0,-0.0192,0.9424,0.3338,0,0.0286,0.3343,-0.942,0,-0.001,0.8365,-0.0616,1]},
{"frame":6,"values":[0.9996,0.0094,0.027,0,-0.0177,0.9447,0.3274,0,0.0224,0.3277,-0.9445,0,-0.001,0.8428,-0.0616,1]},
{"frame":7,"values":[0.9999,0.0081,0.0097,0,-0.0108,0.9463,0.3232,0,0.0065,0.3233,-0.9463,0,-0.0009,0.8553,-0.0616,1]},
{"frame":8,"values":[0.9999,0.0067,-0.0076,0,-0.004,0.9477,0.319,0,-0.0094,0.319,-0.9477,0,-0.0008,0.8678,-0.0616,1]},
{"frame":9,"values":[0.9997,0.004,-0.0255,0,0.0043,0.9489,0.3155,0,-0.0254,0.3155,-0.9486,0,-0.0012,0.8741,-0.0616,1]},
{"frame":10,"values":[0.9991,0.0011,-0.0434,0,0.0125,0.9501,0.3118,0,-0.0415,0.312,-0.9492,0,-0.0017,0.8803,-0.0616,1]},
{"frame":11,"values":[0.9988,-0.0011,-0.0487,0,0.0165,0.9483,0.3169,0,-0.0459,0.3173,-0.9472,0,-0.002,0.8688,-0.0616,1]},
{"frame":12,"values":[0.9985,-0.0033,-0.0542,0,0.0206,0.9465,0.322,0,-0.0502,0.3226,-0.9452,0,-0.0024,0.8572,-0.0616,1]},
{"frame":13,"values":[0.9986,-0.004,-0.053,0,0.0217,0.9414,0.3365,0,-0.0485,0.3372,-0.9402,0,-0.0014,0.8498,-0.0616,1]},
{"frame":14,"values":[0.9986,-0.0048,-0.0518,0,0.0227,0.9361,0.351,0,-0.0468,0.3517,-0.9349,0,-0.0005,0.8424,-0.0616,1]},
{"frame":15,"values":[0.9989,-0.006,-0.0457,0,0.0217,0.9367,0.3496,0,-0.0407,0.3502,-0.9358,0,-0.0007,0.8363,-0.0616,1]},
{"frame":16,"values":[0.9992,-0.0072,-0.0397,0,0.0206,0.9372,0.3482,0,-0.0347,0.3487,-0.9366,0,-0.0009,0.8302,-0.0616,1]},
{"frame":17,"values":[0.9997,-0.0078,-0.0247,0,0.0156,0.9415,0.3368,0,-0.0206,0.3371,-0.9413,0,-0.0009,0.8427,-0.0616,1]},
{"frame":18,"values":[0.9999,-0.0081,-0.0097,0,0.0108,0.9456,0.3252,0,-0.0065,0.3253,-0.9456,0,-0.0009,0.8553,-0.0616,1]},
{"frame":19,"values":[0.9999,-0.0056,0.0145,0,0.0005,0.9454,0.326,0,0.0156,0.326,-0.9453,0,-0.001,0.8689,-0.0616,1]},
{"frame":20,"values":[0.9992,-0.0031,0.0387,0,-0.0098,0.9451,0.3265,0,0.0376,0.3266,-0.9444,0,-0.001,0.8825,-0.0616,1]},
{"frame":21,"values":[0.9991,-0.0021,0.0433,0,-0.0125,0.9426,0.3337,0,0.0415,0.3339,-0.9417,0,-0.0017,0.8803,-0.0616,1]},
{"frame":22,"values":[0.9989,-0.0012,0.0479,0,-0.0152,0.94,0.3408,0,0.0454,0.3412,-0.9389,0,-0.0024,0.8781,-0.0616,1]},
{"frame":23,"values":[0.9987,0.0003,0.0511,0,-0.0179,0.9383,0.3453,0,0.0478,0.3457,-0.9371,0,-0.0024,0.8677,-0.0616,1]},
{"frame":24,"values":[0.9985,0.0017,0.0542,0,-0.0206,0.9366,0.3497,0,0.0502,0.3503,-0.9353,0,-0.0024,0.8572,-0.0616,1]},
{"frame":30,"values":[0.9985,0.0017,0.0542,0,-0.0206,0.9366,0.3497,0,0.0502,0.3503,-0.9353,0,-0.0024,0.8572,-0.0616,1]}]}},
{"name":"LHipJoint","index":1,"matrix":[-0.1014,0.1425,-0.9846,0,0.9936,-0.0359,-0.1076,0,-0.0506,-0.9891,-0.1379,0,0,0,0,1],"rest":[-0.1014,0.1425,-0.9846,0,0.9936,-0.0359,-0.1076,0,-0.0506,-0.9891,-0.1379,0,0,0,0,1],"parentBoneIndex":0,"length":0.102
,"animation":{"name":"anim","property":"_matrix","dataType":3,"framePerSecond":24,"loopBehavior":1,"keys":[
{"frame":1,"values":[-0.1014,0.1425,-0.9846,0,0.9936,-0.0359,-0.1076,0,-0.0506,-0.9891,-0.1379,0,0,0,0,1]},
{"frame":30,"values":[-0.1014,0.1425,-0.9846,0,0.9936,-0.0359,-0.1076,0,-0.0506,-0.9891,-0.1379,0,0,0,0,1]}]}},
{"name":"LeftUpLeg","index":2,"matrix":[-0.037,0.9993,0.0091,0,0.1466,-0.0036,0.9892,0,0.9885,0.0379,-0.1463,0,0,0.102,0,1],"rest":[-0.1458,0.9784,-0.1465,0,0.2107,0.1754,0.9617,0,0.9666,0.1094,-0.2317,0,0,0.102,0,1],"parentBoneIndex":1,"length":0.3944
,"animation":{"name":"anim","property":"_matrix","dataType":3,"framePerSecond":24,"loopBehavior":1,"keys":[
{"frame":1,"values":[-0.038,0.9991,-0.0214,0,0.3867,0.0344,0.9215,0,0.9214,0.0267,-0.3877,0,0,0.102,0,1]},
{"frame":3,"values":[-0.0556,0.9984,0.0059,0,0.5661,0.0267,0.8239,0,0.8224,0.0491,-0.5667,0,0,0.102,0,1]},
{"frame":4,"values":[-0.0673,0.9971,0.0362,0,0.7219,0.0236,0.6916,0,0.6887,0.0726,-0.7214,0,0,0.102,0,1]},
{"frame":5,"values":[-0.0695,0.9974,0.0206,0,0.498,0.0168,0.867,0,0.8644,0.0705,-0.4979,0,0,0.102,0,1]},
{"frame":6,"values":[-0.0672,0.9977,0.005,0,0.2338,0.0109,0.9722,0,0.97,0.0665,-0.234,0,0,0.102,0,1]},
{"frame":7,"values":[-0.0731,0.9973,0.0033,0,0.0203,-0.0018,0.9998,0,0.9971,0.0731,-0.0201,0,0,0.102,0,1]},
{"frame":8,"values":[-0.0785,0.9969,0.0004,0,-0.194,-0.0157,0.9809,0,0.9778,0.0769,0.1947,0,0,0.102,0,1]},
{"frame":9,"values":[-0.0848,0.9964,0.0016,0,-0.3066,-0.0277,0.9514,0,0.948,0.0802,0.3078,0,0,0.102,0,1]},
{"frame":10,"values":[-0.0913,0.9958,0.0021,0,-0.4149,-0.0399,0.909,0,0.9053,0.0821,0.4168,0,0,0.102,0,1]},
{"frame":11,"values":[-0.0921,0.9957,0.0075,0,-0.3681,-0.0411,0.9289,0,0.9252,0.0828,0.3703,0,0,0.102,0,1]},
{"frame":12,"values":[-0.0927,0.9956,0.013,0,-0.3203,-0.0422,0.9464,0,0.9428,0.0835,0.3228,0,0,0.102,0,1]},
{"frame":13,"values":[-0.0663,0.9977,0.0122,0,-0.3357,-0.0338,0.9414,0,0.9396,0.0583,0.3372,0,0,0.102,0,1]},
{"frame":14,"values":[-0.0399,0.9991,0.0117,0,-0.3508,-0.025,0.9361,0,0.9356,0.0332,0.3515,0,0,0.102,0,1]},
{"frame":15,"values":[-0.0457,0.9988,0.0146,0,-0.3013,-0.0277,0.9531,0,0.9524,0.0391,0.3022,0,0,0.102,0,1]},
{"frame":16,"values":[-0.0513,0.9985,0.0177,0,-0.251,-0.0301,0.9675,0,0.9666,0.0452,0.2522,0,0,0.102,0,1]},
{"frame":17,"values":[-0.0472,0.9987,0.0183,0,-0.2262,-0.0286,0.9737,0,0.9729,0.0419,0.2273,0,0,0.102,0,1]},
{"frame":18,"values":[-0.0431,0.9989,0.0188,0,-0.2012,-0.0271,0.9792,0,0.9786,0.0385,0.2022,0,0,0.102,0,1]},
{"frame":19,"values":[-0.0396,0.9991,0.0142,0,-0.0277,-0.0153,0.9995,0,0.9988,0.0392,0.0283,0,0,0.102,0,1]},
{"frame":20,"values":[-0.037,0.9993,0.0091,0,0.1466,-0.0036,0.9892,0,0.9885,0.0379,-0.1463,0,0,0.102,0,1]},
{"frame":21,"values":[-0.029,0.9996,0.0023,0,0.182,0.0031,0.9833,0,0.9829,0.029,-0.182,0,0,0.102,0,1]},
{"frame":22,"values":[-0.0213,0.9998,-0.0049,0,0.2172,0.0094,0.9761,0,0.9759,0.0198,-0.2174,0,0,0.102,0,1]},
{"frame":23,"values":[-0.0293,0.9995,-0.0135,0,0.3033,0.0217,0.9527,0,0.9525,0.0238,-0.3037,0,0,0.102,0,1]},
{"frame":24,"values":[-0.038,0.9991,-0.0214,0,0.3867,0.0344,0.9215,0,0.9214,0.0267,-0.3877,0,0,0.102,0,1]},
{"frame":25,"values":[-0.0373,0.9992,-0.0163,0,0.3481,0.0283,0.937,0,0.9367,0.0292,-0.3488,0,0,0.102,0,1]},
{"frame":26,"values":[-0.0368,0.9993,-0.0113,0,0.3087,0.0221,0.9509,0,0.9504,0.0315,-0.3093,0,0,0.102,0,1]},
{"frame":27,"values":[-0.0365,0.9993,-0.0062,0,0.2688,0.0158,0.9631,0,0.9625,0.0335,-0.2692,0,0,0.102,0,1]},
{"frame":28,"values":[-0.0365,0.9993,-0.0011,0,0.2284,0.0094,0.9735,0,0.9729,0.0353,-0.2286,0,0,0.102,0,1]},
{"frame":29,"values":[-0.0366,0.9993,0.004,0,0.1876,0.0029,0.9822,0,0.9816,0.0367,-0.1876,0,0,0.102,0,1]},
{"frame":30,"values":[-0.037,0.9993,0.0091,0,0.1466,-0.0036,0.9892,0,0.9885,0.0379,-0.1463,0,0,0.102,0,1]}]}},
{"name":"LeftLeg","index":3,"matrix":[0.9996,-0.024,0.0155,0,0.0158,0.9174,0.3976,0,-0.0238,-0.3972,0.9174,0,0,0.3944,0,1],"rest":[0.9999,0.0112,0.0132,0,-0.0127,0.9929,0.118,0,-0.0117,-0.1181,0.9929,0,0,0.3944,0,1],"parentBoneIndex":2,"length":0.4076
,"animation":{"name":"anim","property":"_matrix","dataType":3,"framePerSecond":24,"loopBehavior":1,"keys":[
{"frame":1,"values":[0.9996,-0.024,0.0155,0,0.0158,0.9174,0.3976,0,-0.0238,-0.3972,0.9174,0,0,0.3944,0,1]},
{"frame":3,"values":[0.9992,-0.0115,0.0378,0,0.0011,0.9645,0.2641,0,-0.0395,-0.2639,0.9637,0,0,0.3944,0,1]},
{"frame":4,"values":[0.9983,0.0041,0.0582,0,-0.0113,0.9922,0.1238,0,-0.0573,-0.1243,0.9906,0,0,0.3944,0,1]},
{"frame":5,"values":[0.9969,0.0121,0.0772,0,-0.0508,0.8509,0.5228,0,-0.0594,-0.5252,0.8489,0,0,0.3944,0,1]},
{"frame":6,"values":[0.9953,0.0118,0.0961,0,-0.0848,0.5855,0.8062,0,-0.0467,-0.8106,0.5838,0,0,0.3944,0,1]},
{"frame":7,"values":[0.9955,-0.0034,0.0949,0,-0.0813,0.4851,0.8707,0,-0.049,-0.8745,0.4826,0,0,0.3944,0,1]},
{"frame":8,"values":[0.9956,-0.0175,0.092,0,-0.0783,0.384,0.92,0,-0.0515,-0.9232,0.3809,0,0,0.3944,0,1]},
{"frame":9,"values":[0.9968,-0.0232,0.0763,0,-0.0537,0.5121,0.8573,0,-0.0589,-0.8586,0.5092,0,0,0.3944,0,1]},
{"frame":10,"values":[0.9977,-0.0317,0.0604,0,-0.0263,0.6379,0.7697,0,-0.063,-0.7695,0.6356,0,0,0.3944,0,1]},
{"frame":11,"values":[0.9986,-0.0192,0.049,0,-0.0054,0.8888,0.4582,0,-0.0523,-0.4579,0.8875,0,0,0.3944,0,1]},
{"frame":12,"values":[0.9994,-0.0118,0.0322,0,0.0105,0.9991,0.0422,0,-0.0326,-0.0418,0.9986,0,0,0.3944,0,1]},
{"frame":13,"values":[0.999,-0.0113,0.0443,0,0.0097,0.9993,0.0354,0,-0.0447,-0.0349,0.9984,0,0,0.3944,0,1]},
{"frame":14,"values":[0.9983,-0.0106,0.0565,0,0.009,0.9996,0.0286,0,-0.0567,-0.028,0.998,0,0,0.3944,0,1]},
{"frame":15,"values":[0.9987,-0.0102,0.0504,0,0.008,0.999,0.0451,0,-0.0508,-0.0446,0.9977,0,0,0.3944,0,1]},
{"frame":16,"values":[0.999,-0.0097,0.0443,0,0.007,0.9981,0.0615,0,-0.0449,-0.0612,0.9971,0,0,0.3944,0,1]},
{"frame":17,"values":[0.9992,-0.0137,0.0384,0,0.004,0.9698,0.2441,0,-0.0406,-0.2437,0.969,0,0,0.3944,0,1]},
{"frame":18,"values":[0.9994,-0.0166,0.0319,0,0.0018,0.9091,0.4165,0,-0.0359,-0.4162,0.9086,0,0,0.3944,0,1]},
{"frame":19,"values":[0.9994,-0.0171,0.0301,0,0.0084,0.9633,0.2683,0,-0.0336,-0.2679,0.9629,0,0,0.3944,0,1]},
{"frame":20,"values":[0.9994,-0.0179,0.0283,0,0.0147,0.9936,0.1118,0,-0.0301,-0.1113,0.9933,0,0,0.3944,0,1]},
{"frame":21,"values":[0.9995,-0.0229,0.0222,0,0.0173,0.9742,0.2249,0,-0.0267,-0.2244,0.9741,0,0,0.3944,0,1]},
{"frame":22,"values":[0.9995,-0.027,0.0156,0,0.0203,0.9421,0.3346,0,-0.0237,-0.3341,0.9422,0,0,0.3944,0,1]},
{"frame":23,"values":[0.9996,-0.0255,0.0155,0,0.018,0.9303,0.3664,0,-0.0238,-0.3659,0.9303,0,0,0.3944,0,1]},
{"frame":24,"values":[0.9996,-0.024,0.0155,0,0.0158,0.9174,0.3976,0,-0.0238,-0.3972,0.9174,0,0,0.3944,0,1]},
{"frame":30,"values":[0.9996,-0.024,0.0155,0,0.0158,0.9174,0.3976,0,-0.0238,-0.3972,0.9174,0,0,0.3944,0,1]}]}},
{"name":"LeftFoot","index":4,"matrix":[0.9979,-0.058,0.0279,0,0.0329,0.0871,-0.9957,0,0.0554,0.9945,0.0888,0,0,0.4076,0,1],"rest":[0.9974,-0.0212,0.0683,0,0.0715,0.295,-0.9528,0,0,0.9552,0.2958,0,0,0.4076,0,1],"parentBoneIndex":3,"length":0.1389
,"animation":{"name":"anim","property":"_matrix","dataType":3,"framePerSecond":24,"loopBehavior":1,"keys":[
{"frame":1,"values":[0.9979,-0.058,0.0279,0,0.0329,0.0871,-0.9957,0,0.0554,0.9945,0.0888,0,0,0.4076,0,1]},
{"frame":3,"values":[0.9974,-0.0263,0.0671,0,0.0721,0.3679,-0.9271,0,-0.0004,0.9295,0.3689,0,0,0.4076,0,1]},
{"frame":4,"values":[0.9935,-0.007,0.1137,0,0.0936,0.6189,-0.7798,0,-0.0649,0.7854,0.6156,0,0,0.4076,0,1]},
{"frame":5,"values":[0.99,-0.0013,0.1413,0,0.1202,0.533,-0.8375,0,-0.0742,0.8461,0.5278,0,0,0.4076,0,1]},
{"frame":6,"values":[0.9858,0.0073,0.168,0,0.1476,0.4414,-0.8851,0,-0.0806,0.8973,0.434,0,0,0.4076,0,1]},
{"frame":7,"values":[0.9795,0.0002,0.2012,0,0.1826,0.4192,-0.8894,0,-0.0846,0.9079,0.4105,0,0,0.4076,0,1]},
{"frame":8,"values":[0.9721,-0.006,0.2343,0,0.2174,0.3964,-0.8919,0,-0.0876,0.918,0.3867,0,0,0.4076,0,1]},
{"frame":9,"values":[0.9846,-0.025,0.1728,0,0.1685,0.3945,-0.9033,0,-0.0455,0.9186,0.3926,0,0,0.4076,0,1]},
{"frame":10,"values":[0.9929,-0.0442,0.1105,0,0.119,0.3934,-0.9116,0,-0.0032,0.9183,0.3959,0,0,0.4076,0,1]},
{"frame":11,"values":[0.9943,-0.0467,0.096,0,0.1067,0.4097,-0.906,0,0.003,0.911,0.4123,0,0,0.4076,0,1]},
{"frame":12,"values":[0.9955,-0.0489,0.0815,0,0.0945,0.4259,-0.8998,0,0.0093,0.9035,0.4286,0,0,0.4076,0,1]},
{"frame":13,"values":[0.9929,-0.0524,0.1063,0,0.1179,0.5323,-0.8383,0,-0.0126,0.845,0.5347,0,0,0.4076,0,1]},
{"frame":14,"values":[0.9897,-0.059,0.1305,0,0.1383,0.6305,-0.7638,0,-0.0372,0.7739,0.6322,0,0,0.4076,0,1]},
{"frame":15,"values":[0.9902,-0.0965,0.1013,0,0.1397,0.6439,-0.7522,0,0.0073,0.759,0.6511,0,0,0.4076,0,1]},
{"frame":16,"values":[0.9885,-0.1333,0.0713,0,0.142,0.657,-0.7404,0,0.0519,0.742,0.6684,0,0,0.4076,0,1]},
{"frame":17,"values":[0.9865,-0.1392,0.0863,0,0.1401,0.4445,-0.8847,0,0.0848,0.8849,0.458,0,0,0.4076,0,1]},
{"frame":18,"values":[0.9847,-0.141,0.1024,0,0.1299,0.2025,-0.9706,0,0.1161,0.9691,0.2178,0,0,0.4076,0,1]},
{"frame":19,"values":[0.9874,-0.1366,0.0801,0,0.1056,0.1911,-0.9759,0,0.118,0.972,0.2031,0,0,0.4076,0,1]},
{"frame":20,"values":[0.9895,-0.1324,0.0577,0,0.0812,0.1796,-0.9804,0,0.1195,0.9748,0.1884,0,0,0.4076,0,1]},
{"frame":21,"values":[0.9923,-0.1143,0.0474,0,0.0621,0.1285,-0.9898,0,0.107,0.9851,0.1346,0,0,0.4076,0,1]},
{"frame":22,"values":[0.9947,-0.0967,0.0362,0,0.0437,0.0767,-0.9961,0,0.0936,0.9924,0.0805,0,0,0.4076,0,1]},
{"frame":23,"values":[0.9965,-0.0774,0.032,0,0.0383,0.0819,-0.9959,0,0.0745,0.9936,0.0846,0,0,0.4076,0,1]},
{"frame":24,"values":[0.9979,-0.058,0.0279,0,0.0329,0.0871,-0.9957,0,0.0554,0.9945,0.0888,0,0,0.4076,0,1]},
{"frame":30,"values":[0.9979,-0.058,0.0279,0,0.0329,0.0871,-0.9957,0,0.0554,0.9945,0.0888,0,0,0.4076,0,1]}]}},
{"name":"LeftToeBase","index":5,"matrix":[1,-0.005,0.0072,0,0.0063,0.9816,-0.191,0,-0.0061,0.191,0.9816,0,0,0.1389,0,1],"rest":[1,-0.005,0.0072,0,0.0063,0.9816,-0.191,0,-0.0061,0.191,0.9816,0,0,0.1389,0,1],"parentBoneIndex":4,"length":0.0183
,"animation":{"name":"anim","property":"_matrix","dataType":3,"framePerSecond":24,"loopBehavior":1,"keys":[
{"frame":1,"values":[1,-0.005,0.0072,0,0.0063,0.9816,-0.191,0,-0.0061,0.191,0.9816,0,0,0.1389,0,1]},
{"frame":30,"values":[1,-0.005,0.0072,0,0.0063,0.9816,-0.191,0,-0.0061,0.191,0.9816,0,0,0.1389,0,1]}]}},
{"name":"LowerBack","index":6,"matrix":[0.9999,0.0039,0.0161,0,-0.0117,0.853,0.5218,0,-0.0117,-0.5219,0.8529,0,0,0.0887,0,1],"rest":[1,0,0,0,0,0.8404,0.542,0,0,-0.542,0.8404,0,0,0.0887,0,1],"parentBoneIndex":0,"length":0.1423
,"animation":{"name":"anim","property":"_matrix","dataType":3,"framePerSecond":24,"loopBehavior":1,"keys":[
{"frame":1,"values":[0.9999,0.0039,0.0161,0,-0.0117,0.853,0.5218,0,-0.0117,-0.5219,0.8529,0,0,0.0887,0,1]},
{"frame":3,"values":[0.9997,0.012,0.0207,0,-0.0211,0.8508,0.5251,0,-0.0113,-0.5254,0.8508,0,0,0.0887,0,1]},
{"frame":4,"values":[0.9995,0.0202,0.0253,0,-0.0305,0.8485,0.5284,0,-0.0108,-0.5289,0.8486,0,0,0.0887,0,1]},
{"frame":5,"values":[0.9995,0.0209,0.0231,0,-0.0298,0.8561,0.5159,0,-0.009,-0.5163,0.8563,0,0,0.0887,0,1]},
{"frame":6,"values":[0.9996,0.0216,0.0208,0,-0.0291,0.8636,0.5033,0,-0.0071,-0.5037,0.8639,0,0,0.0887,0,1]},
{"frame":7,"values":[0.9997,0.0152,0.0165,0,-0.0213,0.8734,0.4865,0,-0.007,-0.4868,0.8735,0,0,0.0887,0,1]},
{"frame":8,"values":[0.9999,0.0087,0.0123,0,-0.0134,0.8828,0.4696,0,-0.0068,-0.4697,0.8828,0,0,0.0887,0,1]},
{"frame":9,"values":[1,0.0037,0.0086,0,-0.0073,0.8843,0.4669,0,-0.0058,-0.4669,0.8843,0,0,0.0887,0,1]},
{"frame":10,"values":[1,-0.0013,0.0048,0,-0.0011,0.8857,0.4642,0,-0.0049,-0.4642,0.8857,0,0,0.0887,0,1]},
{"frame":11,"values":[1,-0.0029,-0.0056,0,0.0052,0.875,0.4841,0,0.0035,-0.4841,0.875,0,0,0.0887,0,1]},
{"frame":12,"values":[0.9999,-0.0043,-0.016,0,0.0117,0.8638,0.5037,0,0.0117,-0.5038,0.8637,0,0,0.0887,0,1]},
{"frame":13,"values":[0.9997,-0.0101,-0.0218,0,0.0199,0.8563,0.516,0,0.0134,-0.5163,0.8563,0,0,0.0887,0,1]},
{"frame":14,"values":[0.9995,-0.0159,-0.0277,0,0.0282,0.8486,0.5282,0,0.0151,-0.5287,0.8487,0,0,0.0887,0,1]},
{"frame":15,"values":[0.9993,-0.021,-0.0302,0,0.0337,0.8484,0.5282,0,0.0145,-0.5289,0.8486,0,0,0.0887,0,1]},
{"frame":16,"values":[0.9991,-0.026,-0.0327,0,0.0393,0.8482,0.5283,0,0.014,-0.5291,0.8485,0,0,0.0887,0,1]},
{"frame":17,"values":[0.9995,-0.0202,-0.0255,0,0.0304,0.8605,0.5085,0,0.0116,-0.509,0.8607,0,0,0.0887,0,1]},
{"frame":18,"values":[0.9997,-0.0143,-0.0185,0,0.0215,0.8724,0.4884,0,0.0091,-0.4886,0.8724,0,0,0.0887,0,1]},
{"frame":19,"values":[0.9999,-0.0069,-0.0091,0,0.0104,0.8773,0.4798,0,0.0047,-0.4799,0.8773,0,0,0.0887,0,1]},
{"frame":20,"values":[1,0.0006,0.0002,0,-0.0006,0.8821,0.4711,0,0.0001,-0.4711,0.8821,0,0,0.0887,0,1]},
{"frame":21,"values":[1,0.0022,0.0046,0,-0.0041,0.8768,0.4809,0,-0.003,-0.4809,0.8768,0,0,0.0887,0,1]},
{"frame":22,"values":[1,0.0037,0.009,0,-0.0077,0.8714,0.4906,0,-0.006,-0.4906,0.8713,0,0,0.0887,0,1]},
{"frame":23,"values":[0.9999,0.0038,0.0126,0,-0.0097,0.8623,0.5063,0,-0.0089,-0.5064,0.8623,0,0,0.0887,0,1]},
{"frame":24,"values":[0.9999,0.0039,0.0161,0,-0.0117,0.853,0.5218,0,-0.0117,-0.5219,0.8529,0,0,0.0887,0,1]},
{"frame":30,"values":[0.9999,0.0039,0.0161,0,-0.0117,0.853,0.5218,0,-0.0117,-0.5219,0.8529,0,0,0.0887,0,1]}]}},
{"name":"Spine","index":7,"matrix":[1,0,0,0,0,0.9816,-0.1912,0,0,0.1912,0.9816,0,0,0.1423,0,1],"rest":[1,0,0,0,0,0.9816,-0.1912,0,0,0.1912,0.9816,0,0,0.1423,0,1],"parentBoneIndex":6,"length":0.1443
,"animation":{"name":"anim","property":"_matrix","dataType":3,"framePerSecond":24,"loopBehavior":1,"keys":[
{"frame":1,"values":[1,0,0,0,0,0.9816,-0.1912,0,0,0.1912,0.9816,0,0,0.1423,0,1]},
{"frame":30,"values":[1,0,0,0,0,0.9816,-0.1912,0,0,0.1912,0.9816,0,0,0.1423,0,1]}]}},
{"name":"Spine1","index":8,"matrix":[0.9928,0.0001,0.1194,0,-0.0319,0.9639,0.2644,0,-0.115,-0.2663,0.957,0,0,0.1443,0,1],"rest":[1,0,0,0,0,0.9787,0.2054,0,0,-0.2054,0.9787,0,0,0.1443,0,1],"parentBoneIndex":7,"length":0.1766
,"animation":{"name":"anim","property":"_matrix","dataType":3,"framePerSecond":24,"loopBehavior":1,"keys":[
{"frame":1,"values":[0.9928,0.0001,0.1194,0,-0.0319,0.9639,0.2644,0,-0.115,-0.2663,0.957,0,0,0.1443,0,1]},
{"frame":3,"values":[0.9932,-0.0036,0.1166,0,-0.0272,0.9649,0.2614,0,-0.1135,-0.2628,0.9582,0,0,0.1443,0,1]},
{"frame":4,"values":[0.9935,-0.0073,0.1139,0,-0.0225,0.9658,0.2583,0,-0.1119,-0.2592,0.9593,0,0,0.1443,0,1]},
{"frame":5,"values":[0.9957,-0.0079,0.0922,0,-0.0171,0.9634,0.2676,0,-0.0909,-0.268,0.9591,0,0,0.1443,0,1]},
{"frame":6,"values":[0.9975,-0.0084,0.0704,0,-0.0114,0.9609,0.2767,0,-0.07,-0.2768,0.9584,0,0,0.1443,0,1]},
{"frame":7,"values":[0.9994,-0.0104,0.0322,0,0.0004,0.9549,0.2971,0,-0.0338,-0.2969,0.9543,0,0,0.1443,0,1]},
{"frame":8,"values":[0.9999,-0.0117,-0.0061,0,0.013,0.9484,0.3169,0,0.0021,-0.3169,0.9485,0,0,0.1443,0,1]},
{"frame":9,"values":[0.9991,-0.0067,-0.0424,0,0.02,0.9467,0.3215,0,0.038,-0.322,0.946,0,0,0.1443,0,1]},
{"frame":10,"values":[0.9969,-0.0016,-0.0787,0,0.0272,0.9451,0.3258,0,0.0738,-0.3269,0.9422,0,0,0.1443,0,1]},
{"frame":11,"values":[0.9951,0.0002,-0.099,0,0.0298,0.9531,0.3013,0,0.0944,-0.3028,0.9484,0,0,0.1443,0,1]},
{"frame":12,"values":[0.9928,0.0014,-0.1194,0,0.0319,0.9605,0.2766,0,0.115,-0.2784,0.9535,0,0,0.1443,0,1]},
{"frame":13,"values":[0.9924,0.0034,-0.1234,0,0.03,0.963,0.2679,0,0.1197,-0.2695,0.9555,0,0,0.1443,0,1]},
{"frame":14,"values":[0.9918,0.0053,-0.1274,0,0.0282,0.9654,0.2591,0,0.1244,-0.2606,0.9574,0,0,0.1443,0,1]},
{"frame":15,"values":[0.9927,0.0065,-0.1206,0,0.0254,0.9651,0.2608,0,0.1181,-0.2619,0.9578,0,0,0.1443,0,1]},
{"frame":16,"values":[0.9935,0.0078,-0.1138,0,0.0225,0.9647,0.2624,0,0.1119,-0.2632,0.9582,0,0,0.1443,0,1]},
{"frame":17,"values":[0.9974,0.0091,-0.0721,0,0.0111,0.9611,0.276,0,0.0718,-0.276,0.9585,0,0,0.1443,0,1]},
{"frame":18,"values":[0.9995,0.01,-0.0302,0,-0.0008,0.9573,0.289,0,0.0318,-0.2889,0.9568,0,0,0.1443,0,1]},
{"frame":19,"values":[0.9999,0.0082,0.0136,0,-0.012,0.9519,0.3061,0,-0.0105,-0.3062,0.9519,0,0,0.1443,0,1]},
{"frame":20,"values":[0.9983,0.0056,0.0574,0,-0.0239,0.9463,0.3225,0,-0.0525,-0.3233,0.9448,0,0,0.1443,0,1]},
{"frame":21,"values":[0.9969,0.0028,0.0786,0,-0.0273,0.9497,0.3118,0,-0.0738,-0.313,0.9469,0,0,0.1443,0,1]},
{"frame":22,"values":[0.995,0.0002,0.0998,0,-0.0304,0.9531,0.301,0,-0.0951,-0.3026,0.9484,0,0,0.1443,0,1]},
{"frame":23,"values":[0.994,0,0.1096,0,-0.0312,0.9587,0.2828,0,-0.1051,-0.2845,0.9529,0,0,0.1443,0,1]},
{"frame":24,"values":[0.9928,0.0001,0.1194,0,-0.0319,0.9639,0.2644,0,-0.115,-0.2663,0.957,0,0,0.1443,0,1]},
{"frame":30,"values":[0.9928,0.0001,0.1194,0,-0.0319,0.9639,0.2644,0,-0.115,-0.2663,0.957,0,0,0.1443,0,1]}]}},
{"name":"LeftShoulder","index":9,"matrix":[-0.0116,-0.9875,0.157,0,0.9929,-0.0299,-0.1147,0,0.118,0.1545,0.9809,0,0.0227,0.1083,0.026,1],"rest":[-0.1507,-0.9683,0.1993,0,0.9882,-0.1528,0.0052,0,0.0255,0.1977,0.9799,0,0.0227,0.1083,0.026,1],"parentBoneIndex":8,"length":0.1491
,"animation":{"name":"anim","property":"_matrix","dataType":3,"framePerSecond":24,"loopBehavior":1,"keys":[
{"frame":1,"values":[-0.0259,-0.9328,0.3594,0,0.9926,0.0186,0.1199,0,-0.1186,0.3598,0.9254,0,0.0227,0.1083,0.026,1]},
{"frame":3,"values":[-0.0805,-0.9379,0.3375,0,0.9933,-0.0473,0.1055,0,-0.083,0.3437,0.9354,0,0.0227,0.1083,0.026,1]},
{"frame":4,"values":[-0.1356,-0.9389,0.3163,0,0.9896,-0.1128,0.0896,0,-0.0485,0.3252,0.9444,0,0.0227,0.1083,0.026,1]},
{"frame":5,"values":[-0.1446,-0.9446,0.2948,0,0.9893,-0.1321,0.0618,0,-0.0195,0.3006,0.9536,0,0.0227,0.1083,0.026,1]},
{"frame":6,"values":[-0.1541,-0.9495,0.2733,0,0.988,-0.1507,0.0336,0,0.0093,0.2752,0.9613,0,0.0227,0.1083,0.026,1]},
{"frame":7,"values":[-0.1429,-0.9583,0.2474,0,0.9889,-0.1485,-0.0039,0,0.0405,0.244,0.9689,0,0.0227,0.1083,0.026,1]},
{"frame":8,"values":[-0.1325,-0.9663,0.2207,0,0.9886,-0.145,-0.0414,0,0.072,0.2127,0.9745,0,0.0227,0.1083,0.026,1]},
{"frame":9,"values":[-0.0718,-0.9791,0.1901,0,0.993,-0.0882,-0.079,0,0.0941,0.1831,0.9786,0,0.0227,0.1083,0.026,1]},
{"frame":10,"values":[-0.0116,-0.9875,0.157,0,0.9929,-0.0299,-0.1147,0,0.118,0.1545,0.9809,0,0.0227,0.1083,0.026,1]},
{"frame":11,"values":[0.006,-0.9879,0.155,0,0.9905,-0.0155,-0.1368,0,0.1375,0.1543,0.9784,0,0.0227,0.1083,0.026,1]},
{"frame":12,"values":[0.0235,-0.988,0.1526,0,0.9873,-0.001,-0.1588,0,0.157,0.1544,0.9754,0,0.0227,0.1083,0.026,1]},
{"frame":13,"values":[-0.0125,-0.9853,0.1705,0,0.9881,-0.0384,-0.1492,0,0.1535,0.1666,0.974,0,0.0227,0.1083,0.026,1]},
{"frame":14,"values":[-0.0486,-0.981,0.1879,0,0.9874,-0.0755,-0.1389,0,0.1504,0.1788,0.9723,0,0.0227,0.1083,0.026,1]},
{"frame":15,"values":[-0.0899,-0.9739,0.2085,0,0.987,-0.1152,-0.1124,0,0.1335,0.1956,0.9716,0,0.0227,0.1083,0.026,1]},
{"frame":16,"values":[-0.1314,-0.9648,0.2278,0,0.9844,-0.1542,-0.085,0,0.1172,0.213,0.97,0,0.0227,0.1083,0.026,1]},
{"frame":17,"values":[-0.1404,-0.9542,0.2641,0,0.9893,-0.1456,-0.0003,0,0.0388,0.2613,0.9645,0,0.0227,0.1083,0.026,1]},
{"frame":18,"values":[-0.1522,-0.942,0.2991,0,0.9876,-0.1329,0.0841,0,-0.0394,0.3082,0.9505,0,0.0227,0.1083,0.026,1]},
{"frame":19,"values":[-0.1042,-0.9339,0.342,0,0.9883,-0.0587,0.1408,0,-0.1114,0.3527,0.9291,0,0.0227,0.1083,0.026,1]},
{"frame":20,"values":[-0.0593,-0.9203,0.3867,0,0.981,0.018,0.1933,0,-0.1848,0.3908,0.9017,0,0.0227,0.1083,0.026,1]},
{"frame":21,"values":[-0.0394,-0.9195,0.391,0,0.9816,0.0375,0.1872,0,-0.1868,0.3912,0.9011,0,0.0227,0.1083,0.026,1]},
{"frame":22,"values":[-0.0196,-0.9184,0.3952,0,0.9818,0.057,0.181,0,-0.1888,0.3916,0.9006,0,0.0227,0.1083,0.026,1]},
{"frame":23,"values":[-0.0224,-0.9258,0.3773,0,0.9879,0.0375,0.1508,0,-0.1537,0.3761,0.9137,0,0.0227,0.1083,0.026,1]},
{"frame":24,"values":[-0.0259,-0.9328,0.3594,0,0.9926,0.0186,0.1199,0,-0.1186,0.3598,0.9254,0,0.0227,0.1083,0.026,1]},
{"frame":25,"values":[-0.0201,-0.9448,0.3269,0,0.9966,0.0071,0.0818,0,-0.0796,0.3275,0.9415,0,0.0227,0.1083,0.026,1]},
{"frame":26,"values":[-0.0156,-0.9557,0.2938,0,0.9991,-0.0031,0.0431,0,-0.0403,0.2942,0.9549,0,0.0227,0.1083,0.026,1]},
{"frame":27,"values":[-0.0125,-0.9655,0.2601,0,0.9999,-0.0119,0.0039,0,-0.0007,0.2601,0.9656,0,0.0227,0.1083,0.026,1]},
{"frame":28,"values":[-0.0109,-0.9741,0.2259,0,0.9992,-0.0194,-0.0355,0,0.039,0.2254,0.9735,0,0.0227,0.1083,0.026,1]},
{"frame":29,"values":[-0.0106,-0.9814,0.1915,0,0.9968,-0.0254,-0.0751,0,0.0786,0.1901,0.9786,0,0.0227,0.1083,0.026,1]},
{"frame":30,"values":[-0.0116,-0.9875,0.157,0,0.9929,-0.0299,-0.1147,0,0.118,0.1545,0.9809,0,0.0227,0.1083,0.026,1]}]}},
{"name":"LeftArm","index":10,"matrix":[0.2868,-0.9543,-0.0834,0,0.9519,0.2741,0.137,0,-0.1079,-0.1187,0.987,0,0,0.1491,0,1],"rest":[0.7716,-0.6359,-0.017,0,0.6354,0.7717,-0.0272,0,0.0305,0.0102,0.9995,0,0,0.1491,0,1],"parentBoneIndex":9,"length":0.2421
,"animation":{"name":"anim","property":"_matrix","dataType":3,"framePerSecond":24,"loopBehavior":1,"keys":[
{"frame":1,"values":[0.2868,-0.9543,-0.0834,0,0.9519,0.2741,0.137,0,-0.1079,-0.1187,0.987,0,0,0.1491,0,1]},
{"frame":3,"values":[0.3238,-0.9357,-0.1398,0,0.936,0.2953,0.1918,0,-0.1382,-0.1929,0.9714,0,0,0.1491,0,1]},
{"frame":4,"values":[0.3621,-0.9119,-0.1932,0,0.9174,0.3119,0.2472,0,-0.1652,-0.2668,0.9495,0,0,0.1491,0,1]},
{"frame":5,"values":[0.3554,-0.9146,-0.1929,0,0.9181,0.3028,0.2556,0,-0.1754,-0.2679,0.9473,0,0,0.1491,0,1]},
{"frame":6,"values":[0.3487,-0.9172,-0.1926,0,0.9187,0.2938,0.264,0,-0.1856,-0.269,0.9451,0,0,0.1491,0,1]},
{"frame":7,"values":[0.3108,-0.9371,-0.1588,0,0.9352,0.2717,0.2271,0,-0.1697,-0.2191,0.9608,0,0,0.1491,0,1]},
{"frame":8,"values":[0.2732,-0.954,-0.1232,0,0.9499,0.2474,0.1908,0,-0.1516,-0.1692,0.9739,0,0,0.1491,0,1]},
{"frame":9,"values":[0.2537,-0.9649,-0.0672,0,0.9669,0.2509,0.0469,0,-0.0284,-0.0769,0.9966,0,0,0.1491,0,1]},
{"frame":10,"values":[0.2413,-0.9704,-0.0083,0,0.9656,0.241,-0.098,0,0.0971,0.0156,0.9952,0,0,0.1491,0,1]},
{"frame":11,"values":[0.2724,-0.962,0.0201,0,0.9362,0.2602,-0.2364,0,0.2222,0.0832,0.9715,0,0,0.1491,0,1]},
{"frame":12,"values":[0.3065,-0.9509,0.0436,0,0.8888,0.2695,-0.3706,0,0.3406,0.1523,0.9278,0,0,0.1491,0,1]},
{"frame":13,"values":[0.3514,-0.9345,0.0578,0,0.8674,0.3017,-0.3957,0,0.3524,0.1891,0.9166,0,0,0.1491,0,1]},
{"frame":14,"values":[0.3957,-0.9157,0.0706,0,0.844,0.3323,-0.4211,0,0.3621,0.2262,0.9043,0,0,0.1491,0,1]},
{"frame":15,"values":[0.4058,-0.9104,0.081,0,0.8475,0.3416,-0.4063,0,0.3422,0.2335,0.9102,0,0,0.1491,0,1]},
{"frame":16,"values":[0.4156,-0.9049,0.0916,0,0.8506,0.351,-0.3914,0,0.322,0.2406,0.9156,0,0,0.1491,0,1]},
{"frame":17,"values":[0.3867,-0.9167,0.1012,0,0.8811,0.3348,-0.3342,0,0.2725,0.2184,0.9371,0,0,0.1491,0,1]},
{"frame":18,"values":[0.3569,-0.9278,0.1088,0,0.9076,0.3168,-0.2755,0,0.2212,0.1971,0.9551,0,0,0.1491,0,1]},
{"frame":19,"values":[0.2994,-0.9492,0.0965,0,0.9425,0.2785,-0.185,0,0.1487,0.1463,0.978,0,0,0.1491,0,1]},
{"frame":20,"values":[0.2421,-0.9671,0.0785,0,0.9676,0.2347,-0.0937,0,0.0722,0.0986,0.9925,0,0,0.1491,0,1]},
{"frame":21,"values":[0.2344,-0.9708,0.0516,0,0.9721,0.2334,-0.0246,0,0.0119,0.0559,0.9984,0,0,0.1491,0,1]},
{"frame":22,"values":[0.2283,-0.9733,0.0242,0,0.9724,0.2292,0.0444,0,-0.0488,0.0133,0.9987,0,0,0.1491,0,1]},
{"frame":23,"values":[0.2569,-0.966,-0.0304,0,0.9632,0.2533,0.0902,0,-0.0794,-0.0524,0.9955,0,0,0.1491,0,1]},
{"frame":24,"values":[0.2868,-0.9543,-0.0834,0,0.9519,0.2741,0.137,0,-0.1079,-0.1187,0.987,0,0,0.1491,0,1]},
{"frame":30,"values":[0.2868,-0.9543,-0.0834,0,0.9519,0.2741,0.137,0,-0.1079,-0.1187,0.987,0,0,0.1491,0,1]}]}},
{"name":"LeftForeArm","index":11,"matrix":[0.8465,0.2836,-0.4505,0,0.0064,0.8408,0.5413,0,0.5323,-0.4611,0.71,0,0,0.2421,0,1],"rest":[1,0.0058,-0.0003,0,-0.004,0.7311,0.6823,0,0.0041,-0.6823,0.7311,0,0,0.2421,0,1],"parentBoneIndex":10,"length":0.2386
,"animation":{"name":"anim","property":"_matrix","dataType":3,"framePerSecond":24,"loopBehavior":1,"keys":[
{"frame":1,"values":[0.8465,0.2836,-0.4505,0,0.0064,0.8408,0.5413,0,0.5323,-0.4611,0.71,0,0,0.2421,0,1]},
{"frame":3,"values":[0.8374,0.284,-0.4671,0,0.0052,0.8503,0.5263,0,0.5466,-0.4431,0.7105,0,0,0.2421,0,1]},
{"frame":4,"values":[0.8279,0.2841,-0.4836,0,0.0036,0.8595,0.5111,0,0.5608,-0.4249,0.7106,0,0,0.2421,0,1]},
{"frame":5,"values":[0.8245,0.276,-0.494,0,0.0029,0.8709,0.4914,0,0.5659,-0.4066,0.7173,0,0,0.2421,0,1]},
{"frame":6,"values":[0.821,0.2676,-0.5043,0,0.0021,0.8819,0.4715,0,0.5709,-0.3881,0.7235,0,0,0.2421,0,1]},
{"frame":7,"values":[0.8197,0.244,-0.5183,0,0.0001,0.9047,0.4261,0,0.5729,-0.3493,0.7415,0,0,0.2421,0,1]},
{"frame":8,"values":[0.8183,0.2197,-0.5311,0,-0.0019,0.9251,0.3797,0,0.5747,-0.3097,0.7575,0,0,0.2421,0,1]},
{"frame":9,"values":[0.8235,0.182,-0.5373,0,-0.0052,0.9495,0.3136,0,0.5673,-0.2555,0.7829,0,0,0.2421,0,1]},
{"frame":10,"values":[0.8287,0.1442,-0.5408,0,-0.0079,0.9692,0.2463,0,0.5596,-0.1998,0.8043,0,0,0.2421,0,1]},
{"frame":11,"values":[0.8416,0.1191,-0.5268,0,-0.0102,0.9787,0.205,0,0.54,-0.1672,0.8249,0,0,0.2421,0,1]},
{"frame":12,"values":[0.854,0.0947,-0.5115,0,-0.0114,0.9865,0.1636,0,0.5201,-0.1339,0.8435,0,0,0.2421,0,1]},
{"frame":13,"values":[0.863,0.0933,-0.4965,0,-0.0111,0.9861,0.166,0,0.505,-0.1378,0.852,0,0,0.2421,0,1]},
{"frame":14,"values":[0.8718,0.0917,-0.4812,0,-0.0107,0.9857,0.1684,0,0.4897,-0.1416,0.8603,0,0,0.2421,0,1]},
{"frame":15,"values":[0.8783,0.094,-0.4688,0,-0.0108,0.9841,0.1771,0,0.478,-0.1504,0.8654,0,0,0.2421,0,1]},
{"frame":16,"values":[0.8847,0.0961,-0.4562,0,-0.011,0.9825,0.1857,0,0.466,-0.1593,0.8703,0,0,0.2421,0,1]},
{"frame":17,"values":[0.8897,0.1102,-0.4431,0,-0.0093,0.9746,0.2237,0,0.4565,-0.1949,0.8681,0,0,0.2421,0,1]},
{"frame":18,"values":[0.8946,0.1237,-0.4294,0,-0.0081,0.9652,0.2613,0,0.4468,-0.2303,0.8645,0,0,0.2421,0,1]},
{"frame":19,"values":[0.8861,0.174,-0.4297,0,-0.004,0.9297,0.3682,0,0.4635,-0.3245,0.8245,0,0,0.2421,0,1]},
{"frame":20,"values":[0.8775,0.224,-0.4241,0,0.0021,0.8825,0.4703,0,0.4796,-0.4136,0.7739,0,0,0.2421,0,1]},
{"frame":21,"values":[0.8666,0.248,-0.4329,0,0.0035,0.8647,0.5023,0,0.4989,-0.4369,0.7485,0,0,0.2421,0,1]},
{"frame":22,"values":[0.8554,0.2722,-0.4406,0,0.0057,0.8457,0.5336,0,0.5179,-0.459,0.7219,0,0,0.2421,0,1]},
{"frame":23,"values":[0.851,0.2779,-0.4456,0,0.006,0.8433,0.5375,0,0.5251,-0.4601,0.716,0,0,0.2421,0,1]},
{"frame":24,"values":[0.8465,0.2836,-0.4505,0,0.0064,0.8408,0.5413,0,0.5323,-0.4611,0.71,0,0,0.2421,0,1]},
{"frame":30,"values":[0.8465,0.2836,-0.4505,0,0.0064,0.8408,0.5413,0,0.5323,-0.4611,0.71,0,0,0.2421,0,1]}]}},
{"name":"LeftHand","index":12,"matrix":[0.9389,-0.3398,-0.0546,0,0.3345,0.8635,0.3774,0,-0.0811,-0.3726,0.9244,0,0,0.2386,0,1],"rest":[0.9933,-0.1108,-0.0327,0,0.115,0.9756,0.1868,0,0.0112,-0.1894,0.9818,0,0,0.2386,0,1],"parentBoneIndex":11,"length":0.0322
,"animation":{"name":"anim","property":"_matrix","dataType":3,"framePerSecond":24,"loopBehavior":1,"keys":[
{"frame":1,"values":[0.9389,-0.3398,-0.0546,0,0.3345,0.8635,0.3774,0,-0.0811,-0.3726,0.9244,0,0,0.2386,0,1]},
{"frame":3,"values":[0.9415,-0.3327,-0.0541,0,0.3273,0.8641,0.3824,0,-0.0804,-0.3777,0.9224,0,0,0.2386,0,1]},
{"frame":4,"values":[0.944,-0.3255,-0.0536,0,0.3201,0.8646,0.3873,0,-0.0797,-0.3827,0.9204,0,0,0.2386,0,1]},
{"frame":5,"values":[0.9464,-0.3186,-0.052,0,0.3144,0.8728,0.3733,0,-0.0736,-0.3696,0.9263,0,0,0.2386,0,1]},
{"frame":6,"values":[0.9488,-0.3117,-0.0505,0,0.3085,0.8808,0.3591,0,-0.0675,-0.3563,0.9319,0,0,0.2386,0,1]},
{"frame":7,"values":[0.9515,-0.3039,-0.0481,0,0.3021,0.893,0.3336,0,-0.0584,-0.332,0.9415,0,0,0.2386,0,1]},
{"frame":8,"values":[0.9541,-0.296,-0.0459,0,0.2955,0.9044,0.3078,0,-0.0496,-0.3073,0.9503,0,0,0.2386,0,1]},
{"frame":9,"values":[0.9587,-0.2814,-0.0419,0,0.2824,0.9232,0.2607,0,-0.0347,-0.2617,0.9645,0,0,0.2386,0,1]},
{"frame":10,"values":[0.963,-0.2666,-0.0385,0,0.2686,0.9395,0.2129,0,-0.0205,-0.2153,0.9763,0,0,0.2386,0,1]},
{"frame":11,"values":[0.9693,-0.2431,-0.037,0,0.2457,0.9521,0.1823,0,-0.0091,-0.1858,0.9825,0,0,0.2386,0,1]},
{"frame":12,"values":[0.975,-0.2194,-0.0361,0,0.2223,0.9631,0.1515,0,0.0016,-0.1558,0.9878,0,0,0.2386,0,1]},
{"frame":13,"values":[0.9788,-0.2019,-0.0347,0,0.2048,0.9677,0.1472,0,0.0038,-0.1512,0.9885,0,0,0.2386,0,1]},
{"frame":14,"values":[0.9823,-0.1843,-0.0333,0,0.1872,0.9719,0.1429,0,0.006,-0.1466,0.9892,0,0,0.2386,0,1]},
{"frame":15,"values":[0.9844,-0.1729,-0.0317,0,0.1757,0.9742,0.142,0,0.0063,-0.1453,0.9894,0,0,0.2386,0,1]},
{"frame":16,"values":[0.9864,-0.1615,-0.0301,0,0.1641,0.9763,0.141,0,0.0066,-0.1441,0.9895,0,0,0.2386,0,1]},
{"frame":17,"values":[0.9809,-0.1923,-0.0295,0,0.1946,0.9674,0.1621,0,-0.0026,-0.1648,0.9863,0,0,0.2386,0,1]},
{"frame":18,"values":[0.9744,-0.223,-0.0296,0,0.2246,0.9571,0.1832,0,-0.0126,-0.1851,0.9826,0,0,0.2386,0,1]},
{"frame":19,"values":[0.9626,-0.2687,-0.0348,0,0.2694,0.9352,0.23,0,-0.0293,-0.2307,0.9726,0,0,0.2386,0,1]},
{"frame":20,"values":[0.9486,-0.3135,-0.0422,0,0.3127,0.9089,0.2759,0,-0.0481,-0.2749,0.9603,0,0,0.2386,0,1]},
{"frame":21,"values":[0.9461,-0.3208,-0.0439,0,0.3184,0.8971,0.3064,0,-0.0589,-0.3039,0.9509,0,0,0.2386,0,1]},
{"frame":22,"values":[0.9435,-0.3281,-0.0458,0,0.3238,0.8842,0.3366,0,-0.07,-0.3324,0.9405,0,0,0.2386,0,1]},
{"frame":23,"values":[0.9412,-0.334,-0.0501,0,0.3292,0.8741,0.3571,0,-0.0755,-0.3526,0.9327,0,0,0.2386,0,1]},
{"frame":24,"values":[0.9389,-0.3398,-0.0546,0,0.3345,0.8635,0.3774,0,-0.0811,-0.3726,0.9244,0,0,0.2386,0,1]},
{"frame":30,"values":[0.9389,-0.3398,-0.0546,0,0.3345,0.8635,0.3774,0,-0.0811,-0.3726,0.9244,0,0,0.2386,0,1]}]}},
{"name":"LThumb","index":13,"matrix":[-0.6007,0.7976,0.0543,0,0.6655,0.4612,0.5869,0,0.4431,0.3887,-0.8078,0,0.0014,0.0395,0.0205,1],"rest":[-0.6007,0.7976,0.0543,0,0.6655,0.4612,0.5869,0,0.4431,0.3887,-0.8078,0,0.0014,0.0395,0.0205,1],"parentBoneIndex":12,"length":0.0309
,"animation":{"name":"anim","property":"_matrix","dataType":3,"framePerSecond":24,"loopBehavior":1,"keys":[
{"frame":1,"values":[-0.6007,0.7976,0.0543,0,0.6655,0.4612,0.5869,0,0.4431,0.3887,-0.8078,0,0.0014,0.0395,0.0205,1]},
{"frame":30,"values":[-0.6007,0.7976,0.0543,0,0.6655,0.4612,0.5869,0,0.4431,0.3887,-0.8078,0,0.0014,0.0395,0.0205,1]}]}},
{"name":"LeftFingerBase","index":14,"matrix":[-0.2551,0.1986,-0.9463,0,-0.0203,0.9774,0.2106,0,0.9667,0.0729,-0.2453,0,0,0.0322,0,1],"rest":[-0.2551,0.1986,-0.9463,0,-0.0203,0.9774,0.2106,0,0.9667,0.0729,-0.2453,0,0,0.0322,0,1],"parentBoneIndex":12,"length":0.0747
,"animation":{"name":"anim","property":"_matrix","dataType":3,"framePerSecond":24,"loopBehavior":1,"keys":[
{"frame":1,"values":[-0.2551,0.1986,-0.9463,0,-0.0203,0.9774,0.2106,0,0.9667,0.0729,-0.2453,0,0,0.0322,0,1]},
{"frame":30,"values":[-0.2551,0.1986,-0.9463,0,-0.0203,0.9774,0.2106,0,0.9667,0.0729,-0.2453,0,0,0.0322,0,1]}]}},
{"name":"LeftHandFinger1","index":15,"matrix":[0.9951,-0.0983,-0.0042,0,0.0957,0.9575,0.2721,0,-0.0227,-0.2711,0.9623,0,0,0.0747,0,1],"rest":[0.9951,-0.0983,-0.0042,0,0.0957,0.9575,0.2721,0,-0.0227,-0.2711,0.9623,0,0,0.0747,0,1],"parentBoneIndex":14,"length":0.0258
,"animation":{"name":"anim","property":"_matrix","dataType":3,"framePerSecond":24,"loopBehavior":1,"keys":[
{"frame":1,"values":[0.9951,-0.0983,-0.0042,0,0.0957,0.9575,0.2721,0,-0.0227,-0.2711,0.9623,0,0,0.0747,0,1]},
{"frame":30,"values":[0.9951,-0.0983,-0.0042,0,0.0957,0.9575,0.2721,0,-0.0227,-0.2711,0.9623,0,0,0.0747,0,1]}]}},
{"name":"Neck","index":16,"matrix":[1,0,0,0,0,0.9725,0.233,0,0,-0.233,0.9725,0,0,0.1766,0,1],"rest":[1,0,0,0,0,0.9725,0.233,0,0,-0.233,0.9725,0,0,0.1766,0,1],"parentBoneIndex":8,"length":0.0541
,"animation":{"name":"anim","property":"_matrix","dataType":3,"framePerSecond":24,"loopBehavior":1,"keys":[
{"frame":1,"values":[1,0,0,0,0,0.9725,0.233,0,0,-0.233,0.9725,0,0,0.1766,0,1]},
{"frame":30,"values":[1,0,0,0,0,0.9725,0.233,0,0,-0.233,0.9725,0,0,0.1766,0,1]}]}},
{"name":"Neck1","index":17,"matrix":[1,-0.0003,0.0064,0,0.0003,1,-0.0012,0,-0.0064,0.0012,1,0,0,0.0541,0,1],"rest":[1,0,0,0,0,1,0,0,0,0,1,0,0,0.0541,0,1],"parentBoneIndex":16,"length":0.0541
,"animation":{"name":"anim","property":"_matrix","dataType":3,"framePerSecond":24,"loopBehavior":1,"keys":[
{"frame":1,"values":[1,-0.0003,0.0064,0,0.0003,1,-0.0012,0,-0.0064,0.0012,1,0,0,0.0541,0,1]},
{"frame":3,"values":[1,0.0034,0.0037,0,-0.0034,1,-0.0002,0,-0.0037,0.0002,1,0,0,0.0541,0,1]},
{"frame":4,"values":[1,0.0071,0.0011,0,-0.0071,1,0.0008,0,-0.0011,-0.0008,1,0,0,0.0541,0,1]},
{"frame":5,"values":[1,0.0045,0.001,0,-0.0045,1,0.0003,0,-0.001,-0.0003,1,0,0,0.0541,0,1]},
{"frame":6,"values":[1,0.0019,0.001,0,-0.0019,1,-0.0001,0,-0.001,0.0001,1,0,0,0.0541,0,1]},
{"frame":7,"values":[1,-0.0005,0.0009,0,0.0005,1,-0.001,0,-0.0009,0.001,1,0,0,0.0541,0,1]},
{"frame":8,"values":[1,-0.0028,0.0007,0,0.0028,1,-0.0019,0,-0.0007,0.0019,1,0,0,0.0541,0,1]},
{"frame":9,"values":[1,-0.0004,-0.0012,0,0.0004,1,-0.0017,0,0.0012,0.0017,1,0,0,0.0541,0,1]},
{"frame":10,"values":[1,0.0021,-0.0031,0,-0.0021,1,-0.0015,0,0.003,0.0015,1,0,0,0.0541,0,1]},
{"frame":11,"values":[1,0.0071,-0.007,0,-0.0071,1,-0.0013,0,0.007,0.0014,1,0,0,0.0541,0,1]},
{"frame":12,"values":[0.9999,0.0121,-0.0109,0,-0.0121,0.9999,-0.0011,0,0.0109,0.0013,0.9999,0,0,0.0541,0,1]},
{"frame":13,"values":[1,0.0056,-0.0064,0,-0.0055,1,0.003,0,0.0065,-0.0029,1,0,0,0.0541,0,1]},
{"frame":14,"values":[1,-0.001,-0.002,0,0.001,1,0.0071,0,0.002,-0.0071,1,0,0,0.0541,0,1]},
{"frame":15,"values":[1,-0.0041,-0.0015,0,0.0041,1,0.0039,0,0.0015,-0.0039,1,0,0,0.0541,0,1]},
{"frame":16,"values":[1,-0.0071,-0.0011,0,0.0071,1,0.0008,0,0.0011,-0.0008,1,0,0,0.0541,0,1]},
{"frame":17,"values":[1,-0.0033,-0.001,0,0.0033,1,-0.0001,0,0.001,0.0001,1,0,0,0.0541,0,1]},
{"frame":18,"values":[1,0.0005,-0.0009,0,-0.0005,1,-0.001,0,0.0009,0.001,1,0,0,0.0541,0,1]},
{"frame":19,"values":[1,0.0007,0,0,-0.0007,1,-0.0013,0,0,0.0013,1,0,0,0.0541,0,1]},
{"frame":20,"values":[1,0.0009,0.0009,0,-0.0009,1,-0.0016,0,-0.0009,0.0016,1,0,0,0.0541,0,1]},
{"frame":21,"values":[1,-0.0021,0.0031,0,0.0021,1,-0.0015,0,-0.003,0.0015,1,0,0,0.0541,0,1]},
{"frame":22,"values":[1,-0.0052,0.0052,0,0.0052,1,-0.0014,0,-0.0052,0.0014,1,0,0,0.0541,0,1]},
{"frame":23,"values":[1,-0.0028,0.0058,0,0.0028,1,-0.0013,0,-0.0058,0.0013,1,0,0,0.0541,0,1]},
{"frame":24,"values":[1,-0.0003,0.0064,0,0.0003,1,-0.0012,0,-0.0064,0.0012,1,0,0,0.0541,0,1]},
{"frame":30,"values":[1,-0.0003,0.0064,0,0.0003,1,-0.0012,0,-0.0064,0.0012,1,0,0,0.0541,0,1]}]}},
{"name":"Head","index":18,"matrix":[1,0,0,0,0,0.9142,-0.4053,0,0,0.4053,0.9142,0,0,0.0541,0,1],"rest":[1,0,0,0,0,0.9142,-0.4053,0,0,0.4053,0.9142,0,0,0.0541,0,1],"parentBoneIndex":17,"length":0.1481
,"animation":{"name":"anim","property":"_matrix","dataType":3,"framePerSecond":24,"loopBehavior":1,"keys":[
{"frame":1,"values":[1,0,0,0,0,0.9142,-0.4053,0,0,0.4053,0.9142,0,0,0.0541,0,1]},
{"frame":30,"values":[1,0,0,0,0,0.9142,-0.4053,0,0,0.4053,0.9142,0,0,0.0541,0,1]}]}},
