{"producer":{"name":"Blender","version":"2.93.4","exporter_version":"2.93.4","file":"walk.babylon"},
"autoClear":true,"clearColor":[0.0509,0.0509,0.0509],"gravity":[0,-9.81,0],
"skeletons":[{"name":"Armature","id":0,"dimensionsAtRest":[0.9055,1.9661,0.4101],"bones":[
{"name":"mixamorig:Hips","index":0,"matrix":[0.9951,0.0601,-0.0791,0,-0.0822,0.9454,-0.3153,0,-0.0558,-0.3202,-0.9457,0,0.0003,0.8681,-0.0009,1],"rest":[1,0,0,0,0,1,0,0,0,0,-1,0,0.0026,0.9939,-0.006,1],"parentBoneIndex":-1,"length":0.0989
,"animation":{"name":"anim","property":"_matrix","dataType":3,"framePerSecond":30,"loopBehavior":1,"keys":[
{"frame":1,"values":[0.9957,-0.0442,-0.0815,0,0.0452,0.9989,0.01,0,-0.081,0.0136,-0.9966,0,0.0498,0.9962,0.0032,1]},
{"frame":2,"values":[0.9957,-0.0442,-0.0818,0,0.0451,0.9989,0.01,0,-0.0812,0.0136,-0.9966,0,0.0498,0.9962,0.0032,1]},
{"frame":3,"values":[0.9957,-0.0441,-0.082,0,0.0451,0.9989,0.0099,0,-0.0815,0.0136,-0.9966,0,0.0499,0.9962,0.0032,1]},
{"frame":4,"values":[0.9956,-0.0441,-0.0823,0,0.045,0.9989,0.0098,0,-0.0818,0.0135,-0.9966,0,0.0499,0.9962,0.0032,1]},
{"frame":5,"values":[0.9956,-0.044,-0.0826,0,0.045,0.9989,0.0098,0,-0.082,0.0135,-0.9965,0,0.0499,0.9962,0.0032,1]},
{"frame":6,"values":[0.9956,-0.044,-0.0826,0,0.045,0.9989,0.0097,0,-0.0821,0.0133,-0.9965,0,0.05,0.9962,0.0032,1]},
{"frame":7,"values":[0.9956,-0.044,-0.0826,0,0.045,0.9989,0.0096,0,-0.0821,0.0133,-0.9965,0,0.05,0.9962,0.0032,1]},
{"frame":8,"values":[0.9956,-0.044,-0.0827,0,0.0449,0.9989,0.0095,0,-0.0822,0.0132,-0.9965,0,0.0501,0.9962,0.0032,1]},
{"frame":9,"values":[0.9956,-0.0441,-0.0827,0,0.045,0.9989,0.0095,0,-0.0822,0.0132,-0.9965,0,0.0501,0.9962,0.0032,1]},
{"frame":10,"values":[0.9956,-0.0441,-0.0827,0,0.0451,0.9989,0.0096,0,-0.0822,0.0133,-0.9965,0,0.0502,0.9962,0.0031,1]},
{"frame":11,"values":[0.9956,-0.0442,-0.0828,0,0.0452,0.9989,0.0096,0,-0.0823,0.0133,-0.9965,0,0.0503,0.9962,0.0031,1]},
{"frame":12,"values":[0.9956,-0.0443,-0.0828,0,0.0452,0.9989,0.0097,0,-0.0823,0.0134,-0.9965,0,0.0503,0.9962,0.0031,1]},
{"frame":13,"values":[0.9956,-0.0445,-0.0826,0,0.0454,0.9989,0.0098,0,-0.0821,0.0135,-0.9965,0,0.0504,0.9962,0.003,1]},
{"frame":14,"values":[0.9956,-0.0446,-0.0824,0,0.0456,0.9989,0.0099,0,-0.0819,0.0137,-0.9965,0,0.0505,0.9962,0.0029,1]},
{"frame":15,"values":[0.9956,-0.0448,-0.0822,0,0.0458,0.9989,0.0101,0,-0.0817,0.0138,-0.9966,0,0.0506,0.9962,0.0028,1]},
{"frame":16,"values":[0.9956,-0.045,-0.082,0,0.046,0.9989,0.0102,0,-0.0815,0.0139,-0.9966,0,0.0507,0.9962,0.0027,1]},
{"frame":17,"values":[0.9956,-0.0452,-0.0818,0,0.0462,0.9989,0.0104,0,-0.0813,0.0141,-0.9966,0,0.0508,0.9962,0.0027,1]},
{"frame":18,"values":[0.9956,-0.0451,-0.0822,0,0.0461,0.9989,0.0104,0,-0.0816,0.0141,-0.9966,0,0.051,0.9962,0.0025,1]},
{"frame":19,"values":[0.9955,-0.045,-0.0828,0,0.046,0.9989,0.0104,0,-0.0823,0.0142,-0.9965,0,0.0512,0.9962,0.0023,1]},
{"frame":20,"values":[0.9955,-0.045,-0.0837,0,0.046,0.9989,0.0104,0,-0.0831,0.0142,-0.9964,0,0.0513,0.9962,0.0022,1]},
{"frame":21,"values":[0.9954,-0.0451,-0.0851,0,0.0462,0.9989,0.0106,0,-0.0845,0.0145,-0.9963,0,0.0515,0.9962,0.0021,1]},
{"frame":22,"values":[0.9952,-0.0452,-0.0865,0,0.0463,0.9989,0.0108,0,-0.0859,0.0147,-0.9962,0,0.0517,0.9962,0.002,1]},
{"frame":23,"values":[0.995,-0.0455,-0.0884,0,0.0466,0.9989,0.0111,0,-0.0878,0.0151,-0.996,0,0.0519,0.9962,0.0019,1]},
{"frame":24,"values":[0.9948,-0.0458,-0.0904,0,0.047,0.9988,0.0112,0,-0.0898,0.0154,-0.9958,0,0.0521,0.9962,0.0019,1]},
{"frame":25,"values":[0.9947,-0.0463,-0.092,0,0.0475,0.9988,0.0113,0,-0.0914,0.0156,-0.9957,0,0.0523,0.9962,0.0019,1]},
{"frame":26,"values":[0.9946,-0.0468,-0.0927,0,0.048,0.9988,0.0112,0,-0.092,0.0156,-0.9956,0,0.0525,0.9962,0.0018,1]},
{"frame":27,"values":[0.9945,-0.0473,-0.0933,0,0.0485,0.9988,0.0112,0,-0.0927,0.0157,-0.9956,0,0.0526,0.9962,0.0018,1]},
{"frame":28,"values":[0.9945,-0.0477,-0.0931,0,0.049,0.9987,0.0114,0,-0.0924,0.0159,-0.9956,0,0.0528,0.9962,0.0019,1]},
{"frame":29,"values":[0.9945,-0.0482,-0.0928,0,0.0495,0.9987,0.0116,0,-0.0921,0.0161,-0.9956,0,0.0529,0.9962,0.0019,1]},
{"frame":30,"values":[0.9945,-0.0486,-0.0926,0,0.0499,0.9987,0.0117,0,-0.0919,0.0163,-0.9956,0,0.0531,0.9962,0.0019,1]},
{"frame":31,"values":[0.9945,-0.0491,-0.0923,0,0.0504,0.9987,0.0119,0,-0.0916,0.0165,-0.9957,0,0.0532,0.9962,0.0019,1]},
{"frame":32,"values":[0.9945,-0.0496,-0.092,0,0.0509,0.9986,0.012,0,-0.0912,0.0166,-0.9957,0,0.0533,0.9962,0.002,1]},
{"frame":33,"values":[0.9945,-0.0502,-0.0916,0,0.0515,0.9986,0.012,0,-0.0909,0.0167,-0.9957,0,0.0534,0.9962,0.0021,1]},
{"frame":34,"values":[0.9945,-0.0507,-0.0913,0,0.052,0.9986,0.0121,0,-0.0905,0.0167,-0.9958,0,0.0535,0.9962,0.0022,1]},
{"frame":35,"values":[0.9945,-0.0512,-0.091,0,0.0525,0.9985,0.0121,0,-0.0902,0.0168,-0.9958,0,0.0536,0.9962,0.0023,1]},
{"frame":36,"values":[0.9945,-0.0517,-0.0907,0,0.0531,0.9985,0.0121,0,-0.0899,0.0169,-0.9958,0,0.0537,0.9962,0.0024,1]},
{"frame":37,"values":[0.9945,-0.0523,-0.0904,0,0.0536,0.9985,0.0121,0,-0.0896,0.0169,-0.9958,0,0.0538,0.9962,0.0025,1]},
{"frame":38,"values":[0.9945,-0.0523,-0.0907,0,0.0536,0.9985,0.0121,0,-0.0899,0.0169,-0.9958,0,0.0538,0.9962,0.0027,1]},
{"frame":39,"values":[0.9945,-0.0523,-0.091,0,0.0537,0.9985,0.0121,0,-0.0902,0.0169,-0.9958,0,0.0539,0.9962,0.0028,1]},
{"frame":40,"values":[0.9944,-0.0524,-0.0913,0,0.0537,0.9985,0.0121,0,-0.0905,0.0169,-0.9958,0,0.054,0.9962,0.003,1]},
{"frame":41,"values":[0.9944,-0.0524,-0.0916,0,0.0538,0.9985,0.012,0,-0.0908,0.0169,-0.9957,0,0.054,0.9962,0.0031,1]},
{"frame":42,"values":[0.9944,-0.0525,-0.0919,0,0.0538,0.9985,0.012,0,-0.0911,0.0169,-0.9957,0,0.0541,0.9962,0.0033,1]},
{"frame":43,"values":[0.9944,-0.0525,-0.0922,0,0.0539,0.9985,0.012,0,-0.0914,0.0169,-0.9957,0,0.0541,0.9962,0.0034,1]},
{"frame":44,"values":[0.9943,-0.0526,-0.0925,0,0.0539,0.9985,0.012,0,-0.0917,0.0169,-0.9956,0,0.0542,0.9963,0.0036,1]},
{"frame":45,"values":[0.9943,-0.0526,-0.0928,0,0.0539,0.9985,0.012,0,-0.092,0.0169,-0.9956,0,0.0543,0.9963,0.0037,1]},
{"frame":46,"values":[0.9941,-0.0524,-0.0945,0,0.0538,0.9985,0.0118,0,-0.0937,0.0168,-0.9955,0,0.0543,0.9963,0.0039,1]},
{"frame":47,"values":[0.994,-0.0523,-0.0962,0,0.0536,0.9985,0.0117,0,-0.0954,0.0167,-0.9953,0,0.0544,0.9963,0.004,1]},
{"frame":48,"values":[0.9938,-0.0521,-0.0978,0,0.0535,0.9985,0.0116,0,-0.0971,0.0168,-0.9951,0,0.0544,0.9963,0.0042,1]},
{"frame":49,"values":[0.9938,-0.0522,-0.098,0,0.0536,0.9985,0.0118,0,-0.0973,0.017,-0.9951,0,0.0544,0.9963,0.0044,1]},
{"frame":50,"values":[0.9938,-0.0523,-0.0983,0,0.0537,0.9985,0.012,0,-0.0975,0.0172,-0.9951,0,0.0544,0.9963,0.0046,1]},
{"frame":51,"values":[0.9938,-0.0523,-0.0985,0,0.0538,0.9985,0.0122,0,-0.0977,0.0174,-0.9951,0,0.0544,0.9963,0.0047,1]},
{"frame":52,"values":[0.9937,-0.0524,-0.0988,0,0.0539,0.9985,0.0124,0,-0.098,0.0176,-0.995,0,0.0544,0.9963,0.0049,1]},
{"frame":53,"values":[0.9937,-0.0525,-0.099,0,0.054,0.9985,0.0126,0,-0.0982,0.0178,-0.995,0,0.0544,0.9963,0.0051,1]},
{"frame":54,"values":[0.9937,-0.0525,-0.0992,0,0.054,0.9985,0.0128,0,-0.0983,0.0181,-0.995,0,0.0543,0.9963,0.0053,1]},
{"frame":55,"values":[0.9937,-0.0526,-0.0989,0,0.0542,0.9984,0.013,0,-0.0981,0.0183,-0.995,0,0.0543,0.9962,0.0054,1]},
{"frame":56,"values":[0.9937,-0.0527,-0.0987,0,0.0543,0.9984,0.0132,0,-0.0978,0.0185,-0.995,0,0.0542,0.9962,0.0056,1]},
{"frame":57,"values":[0.9937,-0.0528,-0.0984,0,0.0544,0.9984,0.0135,0,-0.0975,0.0187,-0.9951,0,0.0542,0.9962,0.0058,1]},
{"frame":58,"values":[0.9938,-0.0529,-0.0981,0,0.0545,0.9984,0.0137,0,-0.0973,0.019,-0.9951,0,0.0541,0.9962,0.0059,1]},
{"frame":59,"values":[0.9938,-0.053,-0.0979,0,0.0546,0.9984,0.0139,0,-0.097,0.0192,-0.9951,0,0.0541,0.9962,0.0061,1]},
{"frame":60,"values":[0.9938,-0.0531,-0.0976,0,0.0547,0.9984,0.0142,0,-0.0967,0.0194,-0.9951,0,0.054,0.9962,0.0063,1]},
{"frame":61,"values":[0.9938,-0.0531,-0.0974,0,0.0548,0.9984,0.0144,0,-0.0965,0.0196,-0.9951,0,0.054,0.9962,0.0065,1]},
{"frame":62,"values":[0.9938,-0.0532,-0.0971,0,0.0549,0.9984,0.0146,0,-0.0962,0.0199,-0.9952,0,0.0539,0.9962,0.0066,1]},
{"frame":63,"values":[0.9939,-0.0534,-0.0969,0,0.0551,0.9984,0.0149,0,-0.0959,0.0201,-0.9952,0,0.0539,0.9961,0.0068,1]},
{"frame":64,"values":[0.9939,-0.0536,-0.0966,0,0.0553,0.9984,0.0151,0,-0.0957,0.0204,-0.9952,0,0.0538,0.9961,0.0069,1]},
{"frame":65,"values":[0.9939,-0.0536,-0.0966,0,0.0554,0.9983,0.0153,0,-0.0956,0.0205,-0.9952,0,0.0538,0.9961,0.007,1]},
{"frame":66,"values":[0.9939,-0.0537,-0.0966,0,0.0554,0.9983,0.0155,0,-0.0956,0.0207,-0.9952,0,0.0538,0.9961,0.0072,1]},
{"frame":67,"values":[0.9939,-0.0537,-0.0966,0,0.0555,0.9983,0.0156,0,-0.0956,0.0209,-0.9952,0,0.0537,0.996,0.0073,1]},
{"frame":68,"values":[0.9939,-0.0538,-0.0966,0,0.0556,0.9983,0.0158,0,-0.0956,0.0211,-0.9952,0,0.0537,0.996,0.0074,1]},
{"frame":69,"values":[0.9939,-0.0537,-0.0966,0,0.0555,0.9983,0.0159,0,-0.0956,0.0212,-0.9952,0,0.0536,0.996,0.0074,1]},
{"frame":70,"values":[0.9939,-0.0536,-0.0967,0,0.0554,0.9983,0.0159,0,-0.0957,0.0212,-0.9952,0,0.0536,0.996,0.0075,1]},
{"frame":71,"values":[0.9938,-0.0535,-0.0971,0,0.0553,0.9983,0.0159,0,-0.0961,0.0211,-0.9952,0,0.0536,0.996,0.0074,1]},
{"frame":72,"values":[0.9938,-0.0534,-0.0974,0,0.0551,0.9984,0.0158,0,-0.0964,0.0211,-0.9951,0,0.0536,0.996,0.0074,1]},
{"frame":73,"values":[0.9938,-0.0532,-0.0978,0,0.055,0.9984,0.0158,0,-0.0968,0.021,-0.9951,0,0.0536,0.9961,0.0073,1]},
{"frame":74,"values":[0.9938,-0.0531,-0.0982,0,0.0549,0.9984,0.0157,0,-0.0972,0.021,-0.995,0,0.0535,0.9961,0.0073,1]},
{"frame":75,"values":[0.9937,-0.053,-0.0985,0,0.0548,0.9984,0.0157,0,-0.0975,0.021,-0.995,0,0.0535,0.9961,0.0072,1]},
{"frame":76,"values":[0.9937,-0.0528,-0.0988,0,0.0546,0.9984,0.0155,0,-0.0979,0.0208,-0.995,0,0.0535,0.9961,0.0072,1]},
{"frame":77,"values":[0.9937,-0.0527,-0.0992,0,0.0544,0.9984,0.0153,0,-0.0982,0.0206,-0.995,0,0.0535,0.9962,0.0071,1]},
{"frame":78,"values":[0.9937,-0.0525,-0.0994,0,0.0542,0.9984,0.0151,0,-0.0985,0.0204,-0.9949,0,0.0535,0.9962,0.0071,1]},
{"frame":79,"values":[0.9937,-0.0524,-0.0992,0,0.0541,0.9984,0.015,0,-0.0982,0.0203,-0.995,0,0.0534,0.9962,0.007,1]},
{"frame":80,"values":[0.9937,-0.0523,-0.0989,0,0.054,0.9984,0.0149,0,-0.098,0.0202,-0.995,0,0.0534,0.9961,0.0068,1]},
{"frame":81,"values":[0.9938,-0.0522,-0.0986,0,0.0539,0.9984,0.0149,0,-0.0977,0.0201,-0.995,0,0.0534,0.9961,0.0067,1]},
{"frame":82,"values":[0.9938,-0.052,-0.0983,0,0.0537,0.9984,0.0147,0,-0.0974,0.0199,-0.995,0,0.0533,0.9961,0.0066,1]},
{"frame":83,"values":[0.9938,-0.0517,-0.0985,0,0.0534,0.9985,0.0145,0,-0.0976,0.0197,-0.995,0,0.0532,0.9961,0.0065,1]},
{"frame":84,"values":[0.9938,-0.0514,-0.0986,0,0.0531,0.9985,0.0143,0,-0.0977,0.0195,-0.995,0,0.0531,0.9961,0.0064,1]},
{"frame":85,"values":[0.9938,-0.051,-0.099,0,0.0527,0.9985,0.0142,0,-0.0981,0.0193,-0.995,0,0.053,0.9961,0.0064,1]},
{"frame":86,"values":[0.9938,-0.0508,-0.0994,0,0.0524,0.9985,0.014,0,-0.0985,0.0191,-0.995,0,0.0529,0.9961,0.0063,1]},
{"frame":87,"values":[0.9938,-0.0506,-0.0993,0,0.0522,0.9985,0.0135,0,-0.0984,0.0186,-0.995,0,0.0528,0.9961,0.0061,1]},
{"frame":88,"values":[0.9938,-0.0505,-0.0991,0,0.0521,0.9986,0.0129,0,-0.0983,0.018,-0.995,0,0.0527,0.9961,0.006,1]},
{"frame":89,"values":[0.9938,-0.0504,-0.099,0,0.0519,0.9986,0.0124,0,-0.0982,0.0175,-0.995,0,0.0526,0.9961,0.0058,1]},
{"frame":90,"values":[0.9938,-0.0503,-0.0989,0,0.0517,0.9986,0.0119,0,-0.0982,0.0169,-0.995,0,0.0525,0.9961,0.0056,1]},
{"frame":91,"values":[0.9938,-0.0502,-0.0988,0,0.0516,0.9986,0.0113,0,-0.0981,0.0163,-0.995,0,0.0524,0.9961,0.0055,1]},
{"frame":92,"values":[0.9939,-0.0501,-0.0986,0,0.0514,0.9986,0.0108,0,-0.098,0.0158,-0.9951,0,0.0523,0.9961,0.0053,1]},
{"frame":93,"values":[0.9939,-0.05,-0.0985,0,0.0512,0.9986,0.0102,0,-0.0979,0.0152,-0.9951,0,0.0522,0.9961,0.0052,1]},
{"frame":94,"values":[0.9939,-0.0499,-0.0984,0,0.0511,0.9986,0.0097,0,-0.0978,0.0147,-0.9951,0,0.0521,0.996,0.005,1]},
{"frame":95,"values":[0.9939,-0.0498,-0.0982,0,0.0509,0.9987,0.009,0,-0.0976,0.014,-0.9951,0,0.052,0.9961,0.0047,1]},
{"frame":96,"values":[0.9939,-0.0498,-0.0979,0,0.0508,0.9987,0.0083,0,-0.0974,0.0133,-0.9952,0,0.0519,0.9961,0.0043,1]},
{"frame":97,"values":[0.994,-0.0498,-0.0975,0,0.0509,0.9987,0.0082,0,-0.097,0.0132,-0.9952,0,0.0518,0.9961,0.0041,1]},
{"frame":98,"values":[0.994,-0.0499,-0.0971,0,0.0509,0.9987,0.0082,0,-0.0965,0.0131,-0.9952,0,0.0516,0.9961,0.0038,1]},
{"frame":99,"values":[0.9941,-0.05,-0.0967,0,0.051,0.9987,0.0081,0,-0.0961,0.013,-0.9953,0,0.0515,0.9961,0.0036,1]},
{"frame":100,"values":[0.9941,-0.05,-0.0962,0,0.051,0.9987,0.008,0,-0.0957,0.0128,-0.9953,0,0.0514,0.9961,0.0033,1]},
{"frame":101,"values":[0.9941,-0.0501,-0.0958,0,0.0511,0.9987,0.0079,0,-0.0953,0.0127,-0.9954,0,0.0513,0.9961,0.0031,1]},
{"frame":102,"values":[0.9942,-0.05,-0.0953,0,0.051,0.9987,0.0077,0,-0.0947,0.0125,-0.9954,0,0.0512,0.9962,0.0029,1]},
{"frame":103,"values":[0.9943,-0.05,-0.0947,0,0.0509,0.9987,0.0074,0,-0.0942,0.0122,-0.9955,0,0.0511,0.9962,0.0027,1]},
{"frame":104,"values":[0.9943,-0.0499,-0.0937,0,0.0509,0.9987,0.0073,0,-0.0932,0.0121,-0.9956,0,0.0509,0.9962,0.0025,1]},
{"frame":105,"values":[0.9944,-0.0499,-0.0927,0,0.0508,0.9987,0.0073,0,-0.0922,0.0119,-0.9957,0,0.0508,0.9962,0.0023,1]},
{"frame":106,"values":[0.9945,-0.0499,-0.0917,0,0.0508,0.9987,0.0072,0,-0.0912,0.0118,-0.9958,0,0.0507,0.9962,0.0022,1]},
{"frame":107,"values":[0.9946,-0.0499,-0.0907,0,0.0507,0.9987,0.0071,0,-0.0902,0.0117,-0.9959,0,0.0505,0.9963,0.002,1]},
{"frame":108,"values":[0.9947,-0.0498,-0.0898,0,0.0506,0.9987,0.0068,0,-0.0894,0.0113,-0.9959,0,0.0504,0.9963,0.0019,1]},
{"frame":109,"values":[0.9948,-0.0497,-0.0892,0,0.0505,0.9987,0.0063,0,-0.0888,0.0108,-0.996,0,0.0503,0.9963,0.0018,1]},
{"frame":110,"values":[0.9948,-0.0496,-0.0886,0,0.0504,0.9987,0.0058,0,-0.0882,0.0103,-0.996,0,0.0502,0.9963,0.0016,1]},
{"frame":111,"values":[0.9949,-0.0496,-0.088,0,0.0502,0.9987,0.0054,0,-0.0877,0.0098,-0.9961,0,0.05,0.9963,0.0015,1]},
{"frame":112,"values":[0.9949,-0.0495,-0.0875,0,0.0501,0.9987,0.0049,0,-0.0871,0.0093,-0.9962,0,0.0499,0.9963,0.0014,1]},
{"frame":113,"values":[0.995,-0.0494,-0.0872,0,0.0499,0.9987,0.0045,0,-0.0869,0.0088,-0.9962,0,0.0498,0.9963,0.0014,1]},
{"frame":114,"values":[0.995,-0.0492,-0.087,0,0.0498,0.9988,0.004,0,-0.0867,0.0083,-0.9962,0,0.0497,0.9963,0.0013,1]},
{"frame":115,"values":[0.995,-0.0491,-0.0868,0,0.0496,0.9988,0.0036,0,-0.0865,0.0079,-0.9962,0,0.0496,0.9964,0.0012,1]},
{"frame":116,"values":[0.9951,-0.0488,-0.0861,0,0.0493,0.9988,0.0034,0,-0.0859,0.0076,-0.9963,0,0.0494,0.9964,0.0011,1]},
{"frame":117,"values":[0.9952,-0.0485,-0.0852,0,0.049,0.9988,0.0034,0,-0.0849,0.0076,-0.9964,0,0.0492,0.9964,0.0009,1]},
{"frame":118,"values":[0.9953,-0.0481,-0.0841,0,0.0485,0.9988,0.0035,0,-0.0838,0.0076,-0.9965,0,0.049,0.9964,0.0008,1]},
{"frame":119,"values":[0.9954,-0.0476,-0.0829,0,0.048,0.9988,0.0037,0,-0.0826,0.0076,-0.9966,0,0.0488,0.9963,0.0006,1]},
{"frame":120,"values":[0.9955,-0.0471,-0.0817,0,0.0475,0.9989,0.0038,0,-0.0814,0.0077,-0.9966,0,0.0486,0.9963,0.0004,1]},
{"frame":121,"values":[0.9956,-0.0466,-0.0814,0,0.0471,0.9989,0.0038,0,-0.0812,0.0077,-0.9967,0,0.0482,0.9963,0.0003,1]},
{"frame":122,"values":[0.9956,-0.0462,-0.0811,0,0.0467,0.9989,0.0039,0,-0.0809,0.0076,-0.9967,0,0.0479,0.9963,0.0001,1]},
{"frame":123,"values":[0.9956,-0.0458,-0.0814,0,0.0463,0.9989,0.0039,0,-0.0811,0.0076,-0.9967,0,0.0475,0.9963,-0.0001,1]},
{"frame":124,"values":[0.9957,-0.0455,-0.0812,0,0.046,0.9989,0.0039,0,-0.0809,0.0076,-0.9967,0,0.047,0.9963,-0.0003,1]},
{"frame":125,"values":[0.9957,-0.0452,-0.0809,0,0.0457,0.9989,0.0039,0,-0.0807,0.0076,-0.9967,0,0.0465,0.9963,-0.0006,1]},
{"frame":126,"values":[0.9957,-0.0449,-0.0807,0,0.0453,0.999,0.004,0,-0.0805,0.0076,-0.9967,0,0.046,0.9963,-0.0008,1]},
{"frame":127,"values":[0.9958,-0.0449,-0.0804,0,0.0453,0.999,0.0042,0,-0.0801,0.0078,-0.9968,0,0.0455,0.9963,-0.0009,1]},
{"frame":128,"values":[0.9958,-0.0449,-0.0803,0,0.0454,0.999,0.0043,0,-0.08,0.008,-0.9968,0,0.045,0.9963,-0.001,1]},
{"frame":129,"values":[0.9958,-0.0448,-0.0803,0,0.0453,0.999,0.0044,0,-0.08,0.008,-0.9968,0,0.0446,0.9963,-0.0011,1]},
{"frame":130,"values":[0.9958,-0.0446,-0.0805,0,0.0451,0.999,0.0043,0,-0.0802,0.0079,-0.9967,0,0.0444,0.9963,-0.0012,1]},
{"frame":131,"values":[0.9958,-0.0444,-0.0807,0,0.0448,0.999,0.0042,0,-0.0804,0.0078,-0.9967,0,0.0442,0.9963,-0.0012,1]},
{"frame":132,"values":[0.9957,-0.0442,-0.0808,0,0.0446,0.999,0.0041,0,-0.0806,0.0077,-0.9967,0,0.044,0.9963,-0.0012,1]},
{"frame":133,"values":[0.9957,-0.0439,-0.081,0,0.0444,0.999,0.004,0,-0.0808,0.0076,-0.9967,0,0.0437,0.9963,-0.0013,1]},
{"frame":134,"values":[0.9957,-0.0437,-0.0812,0,0.0442,0.999,0.0039,0,-0.0809,0.0075,-0.9967,0,0.0435,0.9963,-0.0013,1]},
{"frame":135,"values":[0.9957,-0.0435,-0.0812,0,0.044,0.999,0.0039,0,-0.0809,0.0075,-0.9967,0,0.0436,0.9963,-0.0012,1]},
{"frame":136,"values":[0.9958,-0.0434,-0.0811,0,0.0438,0.999,0.0039,0,-0.0809,0.0074,-0.9967,0,0.0437,0.9963,-0.001,1]},
{"frame":137,"values":[0.9958,-0.0432,-0.0811,0,0.0436,0.999,0.0039,0,-0.0809,0.0074,-0.9967,0,0.0438,0.9963,-0.0009,1]},
{"frame":138,"values":[0.9958,-0.043,-0.0811,0,0.0434,0.999,0.0039,0,-0.0808,0.0074,-0.9967,0,0.0439,0.9963,-0.0008,1]},
{"frame":139,"values":[0.9958,-0.0428,-0.081,0,0.0433,0.9991,0.0039,0,-0.0808,0.0074,-0.9967,0,0.044,0.9964,-0.0006,1]},
{"frame":140,"values":[0.9958,-0.0426,-0.081,0,0.0431,0.9991,0.0039,0,-0.0808,0.0074,-0.9967,0,0.0441,0.9964,-0.0005,1]},
{"frame":141,"values":[0.9958,-0.0424,-0.081,0,0.0429,0.9991,0.0039,0,-0.0807,0.0074,-0.9967,0,0.0442,0.9964,-0.0004,1]},
{"frame":142,"values":[0.9958,-0.0422,-0.081,0,0.0427,0.9991,0.0039,0,-0.0807,0.0073,-0.9967,0,0.0443,0.9964,-0.0002,1]},
{"frame":143,"values":[0.9958,-0.042,-0.0809,0,0.0425,0.9991,0.0039,0,-0.0807,0.0073,-0.9967,0,0.0444,0.9964,-0.0001,1]},
{"frame":144,"values":[0.9958,-0.0423,-0.0811,0,0.0427,0.9991,0.0041,0,-0.0809,0.0076,-0.9967,0,0.0445,0.9964,0.0001,1]},
{"frame":145,"values":[0.9958,-0.0425,-0.0813,0,0.043,0.9991,0.0043,0,-0.081,0.0078,-0.9967,0,0.0447,0.9964,0.0003,1]},
{"frame":146,"values":[0.9958,-0.0427,-0.0815,0,0.0432,0.9991,0.0045,0,-0.0812,0.008,-0.9967,0,0.0449,0.9964,0.0005,1]},
{"frame":147,"values":[0.9957,-0.0429,-0.0816,0,0.0434,0.999,0.0048,0,-0.0814,0.0083,-0.9967,0,0.0451,0.9964,0.0007,1]},
{"frame":148,"values":[0.9957,-0.0431,-0.0818,0,0.0437,0.999,0.005,0,-0.0815,0.0085,-0.9966,0,0.0452,0.9964,0.001,1]},
{"frame":149,"values":[0.9957,-0.0433,-0.082,0,0.0439,0.999,0.0052,0,-0.0817,0.0088,-0.9966,0,0.0454,0.9964,0.0012,1]},
{"frame":150,"values":[0.9957,-0.0434,-0.082,0,0.044,0.999,0.0055,0,-0.0817,0.0091,-0.9966,0,0.0456,0.9964,0.0015,1]},
{"frame":151,"values":[0.9957,-0.0435,-0.082,0,0.0442,0.999,0.0059,0,-0.0816,0.0095,-0.9966,0,0.0459,0.9964,0.0018,1]},
{"frame":152,"values":[0.9957,-0.0436,-0.082,0,0.0443,0.999,0.0062,0,-0.0816,0.0099,-0.9966,0,0.0461,0.9964,0.0021,1]},
{"frame":153,"values":[0.9957,-0.0436,-0.0817,0,0.0443,0.999,0.0066,0,-0.0813,0.0101,-0.9966,0,0.0463,0.9964,0.0024,1]},
{"frame":154,"values":[0.9957,-0.0436,-0.0814,0,0.0443,0.999,0.0069,0,-0.0811,0.0104,-0.9967,0,0.0465,0.9964,0.0026,1]},
{"frame":155,"values":[0.9957,-0.0436,-0.0812,0,0.0443,0.999,0.0072,0,-0.0808,0.0107,-0.9967,0,0.0468,0.9964,0.0028,1]},
{"frame":156,"values":[0.9958,-0.0436,-0.0809,0,0.0443,0.999,0.0075,0,-0.0805,0.011,-0.9967,0,0.047,0.9964,0.003,1]},
{"frame":157,"values":[0.9958,-0.0435,-0.0806,0,0.0443,0.999,0.0078,0,-0.0802,0.0113,-0.9967,0,0.0472,0.9964,0.0032,1]},
{"frame":158,"values":[0.9958,-0.0435,-0.0803,0,0.0443,0.999,0.0081,0,-0.0799,0.0116,-0.9967,0,0.0474,0.9964,0.0034,1]},
{"frame":159,"values":[0.9959,-0.0435,-0.0796,0,0.0443,0.999,0.0083,0,-0.0792,0.0118,-0.9968,0,0.0476,0.9964,0.0035,1]},
{"frame":160,"values":[0.9959,-0.0435,-0.079,0,0.0443,0.999,0.0086,0,-0.0785,0.012,-0.9968,0,0.0478,0.9964,0.0036,1]},
{"frame":161,"values":[0.996,-0.0434,-0.0783,0,0.0442,0.999,0.0088,0,-0.0778,0.0122,-0.9969,0,0.048,0.9964,0.0037,1]},
{"frame":162,"values":[0.996,-0.0434,-0.0776,0,0.0442,0.999,0.009,0,-0.0771,0.0124,-0.9969,0,0.0482,0.9964,0.0038,1]},
{"frame":163,"values":[0.9961,-0.0434,-0.0773,0,0.0443,0.999,0.0093,0,-0.0769,0.0127,-0.997,0,0.0483,0.9964,0.0038,1]},
{"frame":164,"values":[0.9961,-0.0434,-0.0771,0,0.0443,0.999,0.0096,0,-0.0766,0.0129,-0.997,0,0.0485,0.9964,0.0038,1]},
{"frame":165,"values":[0.9961,-0.0435,-0.0769,0,0.0443,0.999,0.0098,0,-0.0764,0.0132,-0.997,0,0.0486,0.9964,0.0038,1]},
{"frame":166,"values":[0.9961,-0.0435,-0.0767,0,0.0444,0.999,0.0101,0,-0.0761,0.0135,-0.997,0,0.0488,0.9964,0.0038,1]},
{"frame":167,"values":[0.9961,-0.0434,-0.0769,0,0.0444,0.999,0.0101,0,-0.0763,0.0135,-0.997,0,0.0489,0.9964,0.0038,1]},
{"frame":168,"values":[0.9961,-0.0434,-0.0771,0,0.0443,0.999,0.0101,0,-0.0766,0.0135,-0.997,0,0.049,0.9964,0.0039,1]},
{"frame":169,"values":[0.9961,-0.0434,-0.0773,0,0.0443,0.999,0.0101,0,-0.0768,0.0134,-0.997,0,0.0492,0.9964,0.0039,1]},
{"frame":170,"values":[0.9961,-0.0433,-0.0775,0,0.0443,0.999,0.01,0,-0.077,0.0134,-0.9969,0,0.0493,0.9964,0.0039,1]},
{"frame":171,"values":[0.996,-0.0434,-0.078,0,0.0443,0.999,0.0099,0,-0.0775,0.0133,-0.9969,0,0.0494,0.9964,0.004,1]},
{"frame":172,"values":[0.996,-0.0434,-0.0785,0,0.0443,0.999,0.0097,0,-0.078,0.0131,-0.9969,0,0.0495,0.9963,0.004,1]},
{"frame":173,"values":[0.9959,-0.0435,-0.0789,0,0.0444,0.999,0.0097,0,-0.0784,0.0131,-0.9968,0,0.0495,0.9963,0.0039,1]},
{"frame":174,"values":[0.9959,-0.0436,-0.0793,0,0.0445,0.999,0.0096,0,-0.0788,0.0131,-0.9968,0,0.0496,0.9963,0.0038,1]},
{"frame":175,"values":[0.9959,-0.0437,-0.0796,0,0.0447,0.999,0.0096,0,-0.0791,0.0131,-0.9968,0,0.0497,0.9963,0.0037,1]},
{"frame":176,"values":[0.9958,-0.0438,-0.0799,0,0.0447,0.999,0.0097,0,-0.0794,0.0132,-0.9968,0,0.0497,0.9963,0.0035,1]},
{"frame":177,"values":[0.9958,-0.0439,-0.0802,0,0.0449,0.9989,0.0098,0,-0.0797,0.0133,-0.9967,0,0.0497,0.9963,0.0035,1]},
{"frame":178,"values":[0.9958,-0.0441,-0.0806,0,0.045,0.9989,0.0099,0,-0.0801,0.0135,-0.9967,0,0.0497,0.9963,0.0034,1]},
{"frame":179,"values":[0.9957,-0.0442,-0.081,0,0.0451,0.9989,0.01,0,-0.0805,0.0136,-0.9967,0,0.0498,0.9963,0.0033,1]},
{"frame":180,"values":[0.9957,-0.0443,-0.0814,0,0.0453,0.9989,0.0101,0,-0.0808,0.0138,-0.9966,0,0.0498,0.9963,0.0032,1]},
{"frame":191,"values":[0.9951,0.0601,-0.0791,0,-0.0822,0.9454,-0.3153,0,-0.0558,-0.3202,-0.9457,0,0.0003,0.8681,-0.0009,1]},
{"frame":192,"values":[0.9956,0.0669,-0.0652,0,-0.0837,0.9489,-0.3041,0,-0.0416,-0.3083,-0.9504,0,-0.0015,0.8972,0.0106,1]},
{"frame":193,"values":[0.9932,0.1064,-0.0479,0,-0.1157,0.9507,-0.2879,0,-0.015,-0.2914,-0.9565,0,-0.0031,0.9172,0.0236,1]},
{"frame":194,"values":[0.9875,0.1566,-0.02,0,-0.1562,0.9501,-0.2701,0,0.0233,-0.2698,-0.9626,0,-0.0066,0.9323,0.0348,1]},
{"frame":195,"values":[0.9893,0.1451,-0.0138,0,-0.143,0.9474,-0.2863,0,0.0284,-0.2853,-0.958,0,-0.011,0.9453,0.0418,1]},
{"frame":196,"values":[0.9981,0.0608,-0.0135,0,-0.0621,0.9579,-0.2802,0,0.0041,-0.2804,-0.9599,0,-0.0158,0.9533,0.0355,1]},
{"frame":197,"values":[0.9999,-0.0071,-0.0088,0,0.0047,0.9689,-0.2476,0,-0.0103,-0.2475,-0.9688,0,-0.02,0.9512,0.0314,1]},
{"frame":198,"values":[1,-0.0049,0.0036,0,0.0055,0.9754,-0.2203,0,0.0025,-0.2203,-0.9754,0,-0.0239,0.9435,0.0379,1]},
{"frame":199,"values":[1,0.0037,0.0054,0,-0.0023,0.9714,-0.2375,0,0.0061,-0.2375,-0.9714,0,-0.0243,0.9194,0.0482,1]},
{"frame":200,"values":[0.9999,0.0122,0.0069,0,-0.0101,0.967,-0.2546,0,0.0098,-0.2545,-0.967,0,-0.0247,0.8954,0.0584,1]},
{"frame":201,"values":[0.9998,0.0176,-0.0009,0,-0.0172,0.9624,-0.271,0,0.0039,-0.271,-0.9626,0,-0.026,0.883,0.068,1]},
{"frame":202,"values":[0.9997,0.0228,-0.0089,0,-0.0244,0.9575,-0.2872,0,-0.0019,-0.2874,-0.9578,0,-0.0273,0.8706,0.0777,1]},
{"frame":203,"values":[0.9997,0.0021,-0.0232,0,-0.0087,0.9581,-0.2863,0,-0.0216,-0.2865,-0.9578,0,-0.0247,0.8789,0.0675,1]},
{"frame":204,"values":[0.998,-0.0602,-0.0207,0,0.0518,0.9573,-0.2844,0,-0.037,-0.2827,-0.9585,0,-0.0219,0.8868,0.0536,1]},
{"frame":205,"values":[0.9927,-0.1206,-0.0016,0,0.1146,0.9475,-0.2986,0,-0.0376,-0.2963,-0.9544,0,-0.0205,0.8924,0.0443,1]},
{"frame":206,"values":[0.9918,-0.1277,0.0035,0,0.1224,0.9413,-0.3147,0,-0.0369,-0.3126,-0.9492,0,-0.0197,0.9021,0.0326,1]},
{"frame":207,"values":[0.996,-0.0881,-0.0139,0,0.0795,0.9472,-0.3106,0,-0.0406,-0.3082,-0.9505,0,-0.0176,0.9124,0.0186,1]},
{"frame":208,"values":[0.9991,-0.0337,-0.0267,0,0.0246,0.9571,-0.2888,0,-0.0353,-0.2879,-0.957,0,-0.011,0.8997,0.0069,1]},
{"frame":209,"values":[0.9984,-0.0049,-0.0562,0,-0.011,0.9602,-0.2792,0,-0.0554,-0.2794,-0.9586,0,-0.0038,0.8787,-0.0027,1]},
{"frame":210,"values":[0.9968,0.018,-0.0779,0,-0.0405,0.954,-0.297,0,-0.0689,-0.2992,-0.9517,0,0.0008,0.8489,-0.0027,1]},
{"frame":211,"values":[0.9959,0.0258,-0.0867,0,-0.0521,0.9472,-0.3164,0,-0.0739,-0.3196,-0.9446,0,0.0043,0.8369,0.004,1]},
{"frame":212,"values":[0.9953,0.044,-0.0857,0,-0.0694,0.9446,-0.3208,0,-0.0668,-0.3252,-0.9433,0,0.0042,0.8428,0.0063,1]},
{"frame":213,"values":[0.9951,0.0601,-0.0791,0,-0.0822,0.9454,-0.3153,0,-0.0558,-0.3202,-0.9457,0,0.0003,0.8681,-0.0009,1]},
{"frame":221,"values":[0.9998,-0.0064,-0.0197,0,0.0074,0.9988,0.0493,0,-0.0194,0.0494,-0.9986,0,-0.0381,0.9932,-0.0003,1]},
{"frame":222,"values":[0.9998,-0.0117,-0.0136,0,0.0122,0.9992,0.0384,0,-0.0132,0.0385,-0.9992,0,-0.0355,0.9914,0.0009,1]},
{"frame":223,"values":[0.9997,-0.0208,-0.0123,0,0.0212,0.9993,0.0309,0,-0.0117,0.0312,-0.9994,0,-0.0314,0.9846,0.0006,1]},
{"frame":224,"values":[0.9991,-0.0397,-0.0166,0,0.0401,0.9989,0.0255,0,-0.0155,0.0262,-0.9995,0,-0.0267,0.971,-0.0043,1]},
{"frame":225,"values":[0.9977,-0.0628,-0.0244,0,0.0634,0.9977,0.0242,0,-0.0228,0.0257,-0.9994,0,-0.0217,0.9543,-0.013,1]},
{"frame":226,"values":[0.9973,-0.0655,-0.0324,0,0.0663,0.9975,0.0236,0,-0.0308,0.0256,-0.9992,0,-0.0177,0.9433,-0.0186,1]},
{"frame":227,"values":[0.9975,-0.0592,-0.0387,0,0.0602,0.9979,0.0244,0,-0.0372,0.0266,-0.999,0,-0.0132,0.9366,-0.0234,1]},
{"frame":228,"values":[0.9981,-0.0457,-0.0403,0,0.0468,0.9986,0.0263,0,-0.0391,0.0282,-0.9988,0,-0.0079,0.9336,-0.0295,1]},
{"frame":229,"values":[0.9991,-0.022,-0.0353,0,0.0229,0.9994,0.0259,0,-0.0348,0.0267,-0.999,0,-0.0031,0.9351,-0.0358,1]},
{"frame":230,"values":[0.9996,0.0133,-0.0234,0,-0.0126,0.9995,0.0287,0,-0.0238,0.0284,-0.9993,0,0.0004,0.9416,-0.0399,1]},
{"frame":231,"values":[0.999,0.0428,-0.0087,0,-0.0423,0.998,0.0473,0,-0.0107,0.0469,-0.9988,0,0.0042,0.9477,-0.0453,1]},
{"frame":232,"values":[0.9982,0.0593,-0.0013,0,-0.0591,0.9958,0.0702,0,-0.0055,0.07,-0.9975,0,0.0086,0.9544,-0.0505,1]},
{"frame":233,"values":[0.9977,0.0675,-0.0091,0,-0.0666,0.9949,0.0762,0,-0.0142,0.0755,-0.997,0,0.0125,0.9616,-0.0524,1]},
{"frame":234,"values":[0.9973,0.0691,-0.0256,0,-0.0673,0.9955,0.0673,0,-0.0302,0.0653,-0.9974,0,0.0145,0.9706,-0.0522,1]},
{"frame":235,"values":[0.9972,0.0642,-0.0378,0,-0.062,0.9964,0.0572,0,-0.0413,0.0547,-0.9976,0,0.0144,0.9792,-0.0492,1]},
{"frame":236,"values":[0.9978,0.0542,-0.0382,0,-0.0521,0.9972,0.0542,0,-0.041,0.0521,-0.9978,0,0.0134,0.9863,-0.0438,1]},
{"frame":237,"values":[0.9986,0.0449,-0.0293,0,-0.0433,0.9975,0.0555,0,-0.0317,0.0542,-0.998,0,0.012,0.9908,-0.0368,1]},
{"frame":238,"values":[0.999,0.0422,-0.0172,0,-0.0413,0.9978,0.0525,0,-0.0193,0.0517,-0.9985,0,0.0105,0.992,-0.0288,1]},
{"frame":239,"values":[0.9988,0.0492,-0.0052,0,-0.0489,0.9979,0.0429,0,-0.0073,0.0426,-0.9991,0,0.0088,0.9883,-0.0216,1]},
{"frame":240,"values":[0.9979,0.0644,0.0061,0,-0.0646,0.9973,0.034,0,0.0039,0.0343,-0.9994,0,0.0068,0.979,-0.0183,1]},
{"frame":241,"values":[0.9962,0.0849,0.0173,0,-0.0854,0.9958,0.0319,0,0.0146,0.0332,-0.9993,0,0.0044,0.9661,-0.0198,1]},
{"frame":242,"values":[0.9936,0.1094,0.0284,0,-0.1103,0.9933,0.0343,0,0.0245,0.0372,-0.999,0,0.0012,0.9507,-0.0248,1]},
{"frame":243,"values":[0.9921,0.1204,0.0365,0,-0.1216,0.992,0.0343,0,0.0321,0.0384,-0.9987,0,-0.0021,0.9393,-0.0269,1]},
{"frame":244,"values":[0.9919,0.1207,0.0388,0,-0.1221,0.9919,0.035,0,0.0342,0.0394,-0.9986,0,-0.0051,0.9315,-0.0265,1]},
{"frame":245,"values":[0.9936,0.1078,0.0345,0,-0.1092,0.9932,0.0398,0,0.03,0.0434,-0.9986,0,-0.0084,0.9291,-0.0267,1]},
{"frame":246,"values":[0.9959,0.0861,0.0269,0,-0.0871,0.9953,0.0423,0,0.0232,0.0445,-0.9987,0,-0.0134,0.9309,-0.031,1]},
{"frame":247,"values":[0.9983,0.0571,0.0125,0,-0.0576,0.9976,0.0397,0,0.0102,0.0404,-0.9991,0,-0.0188,0.9361,-0.0353,1]},
{"frame":248,"values":[0.9996,0.0263,-0.0123,0,-0.0257,0.9988,0.0417,0,-0.0133,0.0413,-0.9991,0,-0.0223,0.9415,-0.0375,1]},
{"frame":249,"values":[0.9991,0.0031,-0.0424,0,-0.0009,0.9987,0.0519,0,-0.0425,0.0518,-0.9978,0,-0.0251,0.947,-0.0406,1]},
{"frame":250,"values":[0.9978,-0.0111,-0.0651,0,0.0148,0.9982,0.0578,0,-0.0643,0.0586,-0.9962,0,-0.0289,0.9544,-0.0423,1]},
{"frame":251,"values":[0.9974,-0.0142,-0.0708,0,0.0179,0.9985,0.0521,0,-0.0699,0.0533,-0.9961,0,-0.0329,0.9635,-0.0399,1]},
{"frame":252,"values":[0.998,-0.0108,-0.0618,0,0.0135,0.9989,0.0439,0,-0.0613,0.0446,-0.9971,0,-0.0358,0.9733,-0.0345,1]},
{"frame":253,"values":[0.9988,-0.0075,-0.0487,0,0.0097,0.9989,0.0453,0,-0.0483,0.0457,-0.9978,0,-0.0378,0.9816,-0.0275,1]},
{"frame":254,"values":[0.9993,-0.0043,-0.0375,0,0.0064,0.9985,0.0546,0,-0.0373,0.0548,-0.9978,0,-0.0391,0.9881,-0.0195,1]},
{"frame":255,"values":[0.9996,-0.0024,-0.0281,0,0.0041,0.9983,0.0583,0,-0.0279,0.0584,-0.9979,0,-0.0395,0.9927,-0.0102,1]},
{"frame":256,"values":[0.9998,-0.0064,-0.0197,0,0.0074,0.9988,0.0493,0,-0.0194,0.0494,-0.9986,0,-0.0381,0.9932,-0.0003,1]}]}},
{"name":"mixamorig:Spine","index":1,"matrix":[0.9982,-0.0167,-0.0573,0,0.0112,0.9954,-0.0953,0,0.0586,0.0945,0.9938,0,0,0.0833,-0.0141,1],"rest":[1,0,0,0,0,0.9859,-0.1672,0,0,0.1672,0.9859,0,0,0.0833,-0.0141,1],"parentBoneIndex":0,"length":0.0986
,"animation":{"name":"anim","property":"_matrix","dataType":3,"framePerSecond":30,"loopBehavior":1,"keys":[
{"frame":1,"values":[0.9996,0.0245,-0.0117,0,-0.026,0.9889,-0.146,0,0.008,0.1462,0.9892,0,0,0.0833,-0.0141,1]},
{"frame":3,"values":[0.9996,0.0245,-0.0117,0,-0.026,0.9889,-0.146,0,0.008,0.1463,0.9892,0,0,0.0833,-0.0141,1]},
{"frame":5,"values":[0.9996,0.0245,-0.0117,0,-0.026,0.9889,-0.1461,0,0.008,0.1463,0.9892,0,0,0.0833,-0.0141,1]},
{"frame":6,"values":[0.9996,0.0245,-0.0117,0,-0.026,0.9889,-0.1461,0,0.008,0.1464,0.9892,0,0,0.0833,-0.0141,1]},
{"frame":7,"values":[0.9996,0.0245,-0.0117,0,-0.026,0.9889,-0.1462,0,0.008,0.1465,0.9892,0,0,0.0833,-0.0141,1]},
{"frame":8,"values":[0.9996,0.0245,-0.0117,0,-0.026,0.9889,-0.1463,0,0.008,0.1466,0.9892,0,0,0.0833,-0.0141,1]},
{"frame":9,"values":[0.9996,0.0245,-0.0117,0,-0.0259,0.9889,-0.1465,0,0.0079,0.1467,0.9891,0,0,0.0833,-0.0141,1]},
{"frame":10,"values":[0.9996,0.0245,-0.0116,0,-0.0259,0.9889,-0.1466,0,0.0079,0.1468,0.9891,0,0,0.0833,-0.0141,1]},
{"frame":11,"values":[0.9996,0.0245,-0.0116,0,-0.0259,0.9888,-0.1467,0,0.0079,0.1469,0.9891,0,0,0.0833,-0.0141,1]},
{"frame":12,"values":[0.9996,0.0245,-0.0115,0,-0.0259,0.9888,-0.1468,0,0.0078,0.1471,0.9891,0,0,0.0833,-0.0141,1]},
{"frame":13,"values":[0.9996,0.0244,-0.0114,0,-0.0259,0.9888,-0.147,0,0.0077,0.1472,0.9891,0,0,0.0833,-0.0141,1]},
{"frame":14,"values":[0.9996,0.0244,-0.0113,0,-0.0258,0.9888,-0.1471,0,0.0075,0.1474,0.9891,0,0,0.0833,-0.0141,1]},
{"frame":15,"values":[0.9996,0.0244,-0.0111,0,-0.0258,0.9888,-0.1473,0,0.0074,0.1475,0.989,0,0,0.0833,-0.0141,1]},
{"frame":16,"values":[0.9996,0.0244,-0.011,0,-0.0258,0.9887,-0.1475,0,0.0073,0.1477,0.989,0,0,0.0833,-0.0141,1]},
{"frame":17,"values":[0.9996,0.0244,-0.0108,0,-0.0257,0.9887,-0.1476,0,0.0071,0.1478,0.989,0,0,0.0833,-0.0141,1]},
{"frame":18,"values":[0.9996,0.0244,-0.0107,0,-0.0257,0.9887,-0.1478,0,0.007,0.148,0.989,0,0,0.0833,-0.0141,1]},
{"frame":19,"values":[0.9996,0.0244,-0.0105,0,-0.0257,0.9887,-0.148,0,0.0068,0.1482,0.9889,0,0,0.0833,-0.0141,1]},
{"frame":20,"values":[0.9996,0.0244,-0.0103,0,-0.0257,0.9886,-0.1482,0,0.0066,0.1484,0.9889,0,0,0.0833,-0.0141,1]},
{"frame":21,"values":[0.9997,0.0244,-0.0101,0,-0.0257,0.9886,-0.1483,0,0.0064,0.1486,0.9889,0,0,0.0833,-0.0141,1]},
{"frame":22,"values":[0.9997,0.0245,-0.01,0,-0.0257,0.9886,-0.1485,0,0.0062,0.1487,0.9889,0,0,0.0833,-0.0141,1]},
{"frame":23,"values":[0.9997,0.0245,-0.0099,0,-0.0257,0.9886,-0.1486,0,0.0061,0.1488,0.9889,0,0,0.0833,-0.0141,1]},
{"frame":24,"values":[0.9997,0.0245,-0.0097,0,-0.0257,0.9886,-0.1487,0,0.006,0.1489,0.9888,0,0,0.0833,-0.0141,1]},
{"frame":25,"values":[0.9997,0.0246,-0.0096,0,-0.0257,0.9885,-0.1488,0,0.0058,0.149,0.9888,0,0,0.0833,-0.0141,1]},
{"frame":26,"values":[0.9997,0.0246,-0.0093,0,-0.0258,0.9885,-0.1489,0,0.0056,0.1491,0.9888,0,0,0.0833,-0.0141,1]},
{"frame":27,"values":[0.9997,0.0247,-0.0091,0,-0.0258,0.9885,-0.149,0,0.0053,0.1492,0.9888,0,0,0.0833,-0.0141,1]},
{"frame":28,"values":[0.9997,0.0248,-0.0089,0,-0.0258,0.9885,-0.149,0,0.0051,0.1492,0.9888,0,0,0.0833,-0.0141,1]},
{"frame":29,"values":[0.9997,0.0249,-0.0086,0,-0.0259,0.9885,-0.149,0,0.0048,0.1492,0.9888,0,0,0.0833,-0.0141,1]},
{"frame":30,"values":[0.9997,0.025,-0.0083,0,-0.0259,0.9885,-0.1491,0,0.0045,0.1492,0.9888,0,0,0.0833,-0.0141,1]},
{"frame":31,"values":[0.9997,0.025,-0.0081,0,-0.026,0.9885,-0.1491,0,0.0043,0.1492,0.9888,0,0,0.0833,-0.0141,1]},
{"frame":32,"values":[0.9997,0.0251,-0.0079,0,-0.026,0.9885,-0.1491,0,0.0041,0.1492,0.9888,0,0,0.0833,-0.0141,1]},
{"frame":33,"values":[0.9997,0.0252,-0.0077,0,-0.0261,0.9885,-0.1491,0,0.0039,0.1492,0.9888,0,0,0.0833,-0.0141,1]},
{"frame":34,"values":[0.9997,0.0253,-0.0075,0,-0.0261,0.9885,-0.1491,0,0.0037,0.1493,0.9888,0,0,0.0833,-0.0141,1]},
{"frame":35,"values":[0.9997,0.0254,-0.0073,0,-0.0262,0.9885,-0.1491,0,0.0034,0.1492,0.9888,0,0,0.0833,-0.0141,1]},
{"frame":36,"values":[0.9997,0.0255,-0.0071,0,-0.0262,0.9885,-0.1491,0,0.0032,0.1492,0.9888,0,0,0.0833,-0.0141,1]},
{"frame":37,"values":[0.9997,0.0255,-0.0069,0,-0.0263,0.9885,-0.1491,0,0.003,0.1492,0.9888,0,0,0.0833,-0.0141,1]},
{"frame":38,"values":[0.9997,0.0256,-0.0067,0,-0.0263,0.9885,-0.1491,0,0.0028,0.1492,0.9888,0,0,0.0833,-0.0141,1]},
{"frame":39,"values":[0.9997,0.0256,-0.0066,0,-0.0263,0.9885,-0.1491,0,0.0027,0.1492,0.9888,0,0,0.0833,-0.0141,1]},
{"frame":40,"values":[0.9997,0.0256,-0.0065,0,-0.0263,0.9885,-0.1491,0,0.0026,0.1492,0.9888,0,0,0.0833,-0.0141,1]},
{"frame":41,"values":[0.9997,0.0256,-0.0064,0,-0.0263,0.9885,-0.1491,0,0.0025,0.1492,0.9888,0,0,0.0833,-0.0141,1]},
{"frame":42,"values":[0.9997,0.0256,-0.0063,0,-0.0263,0.9885,-0.1491,0,0.0024,0.1492,0.9888,0,0,0.0833,-0.0141,1]},
{"frame":43,"values":[0.9997,0.0257,-0.0061,0,-0.0263,0.9885,-0.1491,0,0.0022,0.1492,0.9888,0,0,0.0833,-0.0141,1]},
{"frame":44,"values":[0.9997,0.0257,-0.006,0,-0.0263,0.9885,-0.1491,0,0.0021,0.1492,0.9888,0,0,0.0833,-0.0141,1]},
{"frame":45,"values":[0.9997,0.0257,-0.0059,0,-0.0263,0.9885,-0.1491,0,0.002,0.1492,0.9888,0,0,0.0833,-0.0141,1]},
{"frame":46,"values":[0.9997,0.0257,-0.006,0,-0.0263,0.9885,-0.1491,0,0.0021,0.1492,0.9888,0,0,0.0833,-0.0141,1]},
{"frame":47,"values":[0.9997,0.0257,-0.006,0,-0.0263,0.9885,-0.149,0,0.0021,0.1491,0.9888,0,0,0.0833,-0.0141,1]},
{"frame":48,"values":[0.9997,0.0256,-0.0061,0,-0.0263,0.9885,-0.1489,0,0.0022,0.149,0.9888,0,0,0.0833,-0.0141,1]},
{"frame":49,"values":[0.9997,0.0256,-0.006,0,-0.0262,0.9885,-0.1488,0,0.0021,0.1489,0.9889,0,0,0.0833,-0.0141,1]},
{"frame":50,"values":[0.9997,0.0256,-0.006,0,-0.0262,0.9885,-0.1486,0,0.0021,0.1487,0.9889,0,0,0.0833,-0.0141,1]},
{"frame":51,"values":[0.9997,0.0256,-0.0059,0,-0.0262,0.9886,-0.1485,0,0.0021,0.1486,0.9889,0,0,0.0833,-0.0141,1]},
{"frame":52,"values":[0.9997,0.0256,-0.0059,0,-0.0262,0.9886,-0.1483,0,0.002,0.1484,0.9889,0,0,0.0833,-0.0141,1]},
{"frame":53,"values":[0.9997,0.0256,-0.0059,0,-0.0262,0.9886,-0.1482,0,0.002,0.1483,0.9889,0,0,0.0833,-0.0141,1]},
{"frame":54,"values":[0.9997,0.0255,-0.0059,0,-0.0261,0.9886,-0.148,0,0.002,0.1481,0.989,0,0,0.0833,-0.0141,1]},
{"frame":55,"values":[0.9997,0.0255,-0.0059,0,-0.0261,0.9887,-0.1479,0,0.002,0.148,0.989,0,0,0.0833,-0.0141,1]},
{"frame":56,"values":[0.9997,0.0255,-0.0059,0,-0.0261,0.9887,-0.1478,0,0.002,0.1479,0.989,0,0,0.0833,-0.0141,1]},
{"frame":57,"values":[0.9997,0.0254,-0.0059,0,-0.026,0.9887,-0.1476,0,0.0021,0.1477,0.989,0,0,0.0833,-0.0141,1]},
{"frame":58,"values":[0.9997,0.0254,-0.0059,0,-0.026,0.9887,-0.1475,0,0.0021,0.1476,0.989,0,0,0.0833,-0.0141,1]},
{"frame":59,"values":[0.9997,0.0254,-0.0059,0,-0.026,0.9887,-0.1474,0,0.0021,0.1475,0.9891,0,0,0.0833,-0.0141,1]},
{"frame":60,"values":[0.9997,0.0253,-0.0059,0,-0.0259,0.9888,-0.1472,0,0.0021,0.1473,0.9891,0,0,0.0833,-0.0141,1]},
{"frame":61,"values":[0.9997,0.0253,-0.0059,0,-0.0259,0.9888,-0.1471,0,0.0021,0.1472,0.9891,0,0,0.0833,-0.0141,1]},
{"frame":62,"values":[0.9997,0.0253,-0.0059,0,-0.0259,0.9888,-0.147,0,0.0021,0.1471,0.9891,0,0,0.0833,-0.0141,1]},
{"frame":63,"values":[0.9997,0.0253,-0.006,0,-0.0259,0.9888,-0.1469,0,0.0022,0.147,0.9891,0,0,0.0833,-0.0141,1]},
{"frame":64,"values":[0.9997,0.0253,-0.006,0,-0.0259,0.9888,-0.1467,0,0.0022,0.1469,0.9892,0,0,0.0833,-0.0141,1]},
{"frame":65,"values":[0.9997,0.0253,-0.006,0,-0.0259,0.9888,-0.1467,0,0.0022,0.1468,0.9892,0,0,0.0833,-0.0141,1]},
{"frame":66,"values":[0.9997,0.0254,-0.006,0,-0.026,0.9889,-0.1466,0,0.0023,0.1467,0.9892,0,0,0.0833,-0.0141,1]},
{"frame":67,"values":[0.9997,0.0254,-0.0061,0,-0.026,0.9889,-0.1465,0,0.0023,0.1466,0.9892,0,0,0.0833,-0.0141,1]},
{"frame":68,"values":[0.9997,0.0254,-0.0061,0,-0.026,0.9889,-0.1464,0,0.0023,0.1465,0.9892,0,0,0.0833,-0.0141,1]},
{"frame":69,"values":[0.9997,0.0254,-0.0061,0,-0.026,0.9889,-0.1463,0,0.0023,0.1464,0.9892,0,0,0.0833,-0.0141,1]},
{"frame":70,"values":[0.9997,0.0254,-0.0061,0,-0.026,0.9889,-0.1462,0,0.0023,0.1463,0.9892,0,0,0.0833,-0.0141,1]},
{"frame":71,"values":[0.9997,0.0254,-0.0062,0,-0.0261,0.9889,-0.1461,0,0.0024,0.1462,0.9892,0,0,0.0833,-0.0141,1]},
{"frame":72,"values":[0.9997,0.0254,-0.0062,0,-0.0261,0.9889,-0.146,0,0.0024,0.1462,0.9893,0,0,0.0833,-0.0141,1]},
{"frame":73,"values":[0.9997,0.0254,-0.0063,0,-0.0261,0.9889,-0.146,0,0.0025,0.1461,0.9893,0,0,0.0833,-0.0141,1]},
{"frame":74,"values":[0.9997,0.0255,-0.0063,0,-0.0261,0.989,-0.1459,0,0.0025,0.146,0.9893,0,0,0.0833,-0.0141,1]},
{"frame":75,"values":[0.9997,0.0255,-0.0064,0,-0.0261,0.989,-0.1458,0,0.0026,0.1459,0.9893,0,0,0.0833,-0.0141,1]},
{"frame":76,"values":[0.9997,0.0254,-0.0064,0,-0.0261,0.989,-0.1458,0,0.0027,0.1459,0.9893,0,0,0.0833,-0.0141,1]},
{"frame":77,"values":[0.9997,0.0254,-0.0065,0,-0.0261,0.989,-0.1458,0,0.0027,0.1459,0.9893,0,0,0.0833,-0.0141,1]},
{"frame":78,"values":[0.9997,0.0254,-0.0066,0,-0.0261,0.989,-0.1457,0,0.0028,0.1459,0.9893,0,0,0.0833,-0.0141,1]},
{"frame":79,"values":[0.9997,0.0254,-0.0066,0,-0.0261,0.989,-0.1457,0,0.0028,0.1458,0.9893,0,0,0.0833,-0.0141,1]},
{"frame":80,"values":[0.9997,0.0254,-0.0066,0,-0.0261,0.989,-0.1457,0,0.0029,0.1458,0.9893,0,0,0.0833,-0.0141,1]},
{"frame":81,"values":[0.9997,0.0254,-0.0067,0,-0.0261,0.989,-0.1457,0,0.0029,0.1458,0.9893,0,0,0.0833,-0.0141,1]},
{"frame":82,"values":[0.9997,0.0254,-0.0067,0,-0.0261,0.989,-0.1456,0,0.0029,0.1458,0.9893,0,0,0.0833,-0.0141,1]},
{"frame":83,"values":[0.9997,0.0254,-0.0068,0,-0.0261,0.989,-0.1457,0,0.003,0.1458,0.9893,0,0,0.0833,-0.0141,1]},
{"frame":84,"values":[0.9997,0.0253,-0.0069,0,-0.0261,0.989,-0.1457,0,0.0031,0.1458,0.9893,0,0,0.0833,-0.0141,1]},
{"frame":85,"values":[0.9997,0.0253,-0.007,0,-0.026,0.989,-0.1457,0,0.0033,0.1458,0.9893,0,0,0.0833,-0.0141,1]},
{"frame":86,"values":[0.9997,0.0252,-0.0072,0,-0.026,0.989,-0.1457,0,0.0034,0.1458,0.9893,0,0,0.0833,-0.0141,1]},
{"frame":87,"values":[0.9997,0.0252,-0.0073,0,-0.026,0.989,-0.1457,0,0.0035,0.1459,0.9893,0,0,0.0833,-0.0141,1]},
