{"producer":{"name":"Blender","version":"2.90.0","exporter_version":"6.4.4","file":"b_198405.babylon"},
"autoClear":true,"clearColor":[0.0509,0.0509,0.0509],"gravity":[0,-9.81,0],
"materials":[{"name":"signs","id":"signs","customType":"BABYLON.PBRMaterial","backFaceCulling":true,"checkReadyOnlyOnce":false,"maxSimultaneousLights":4,"environmentIntensity":1,"reflectivity":[0.5,0.5,0.5],"roughness":0.5,"alpha":1,"transparencyMode":0,"alphaCutOff":0.4,"metallic":0, 
"albedoTexture":{"name":"quotes02.png","level":1,"hasAlpha":true,"coordinatesMode":0,"uOffset":0,"vOffset":0,"uScale":1,"vScale":1,"uAng":0,"vAng":0,"wAng":0,"wrapU":1,"wrapV":1,"coordinatesIndex":0},"useAlphaFromAlbedoTexture":true},
{"name":"wall","id":"wall","customType":"BABYLON.PBRMaterial","backFaceCulling":true,"checkReadyOnlyOnce":false,"maxSimultaneousLights":4,"environmentIntensity":1,"reflectivity":[0,0,0],"roughness":1,"alpha":1,"transparencyMode":0,"alphaCutOff":0.4,"metallic":0, 
"albedoTexture":{"name":"finewood512.jpg","level":1,"hasAlpha":false,"coordinatesMode":0,"uOffset":0,"vOffset":0,"uScale":1,"vScale":1,"uAng":0,"vAng":0,"wAng":0,"wrapU":1,"wrapV":1,"coordinatesIndex":0},"useAlphaFromAlbedoTexture":false},
{"name":"floor","id":"floor","customType":"BABYLON.PBRMaterial","backFaceCulling":true,"checkReadyOnlyOnce":false,"maxSimultaneousLights":4,"environmentIntensity":1,"reflectivity":[0,0,0],"roughness":1,"alpha":1,"transparencyMode":0,"alphaCutOff":0.4,"metallic":0, 
"albedoTexture":{"name":"floor01tem.jpg","level":1,"hasAlpha":false,"coordinatesMode":0,"uOffset":0,"vOffset":0,"uScale":1,"vScale":1,"uAng":0,"vAng":0,"wAng":0,"wrapU":1,"wrapV":1,"coordinatesIndex":0},"useAlphaFromAlbedoTexture":false},
{"name":"ceiling","id":"ceiling","customType":"BABYLON.PBRMaterial","backFaceCulling":true,"checkReadyOnlyOnce":false,"maxSimultaneousLights":4,"environmentIntensity":1,"albedo":[0.0491,0.0491,0.0491],"reflectivity":[0,0,0],"roughness":1,"alpha":1,"transparencyMode":0,"alphaCutOff":0.4,"metallic":0},
{"name":"stone","id":"stone","customType":"BABYLON.PBRMaterial","backFaceCulling":true,"checkReadyOnlyOnce":false,"maxSimultaneousLights":4,"environmentIntensity":1,"reflectivity":[0.5,0.5,0.5],"roughness":0.5,"alpha":1,"transparencyMode":0,"alphaCutOff":0.4,"metallic":0, 
"albedoTexture":{"name":"baked1.jpg","level":1,"hasAlpha":false,"coordinatesMode":0,"uOffset":0,"vOffset":0,"uScale":1,"vScale":1,"uAng":0,"vAng":0,"wAng":0,"wrapU":1,"wrapV":1,"coordinatesIndex":0},"useAlphaFromAlbedoTexture":false},
{"name":"white","id":"white","customType":"BABYLON.PBRMaterial","backFaceCulling":true,"checkReadyOnlyOnce":false,"maxSimultaneousLights":4,"environmentIntensity":1,"albedo":[0.8,0.8,0.8],"reflectivity":[0,0,0],"roughness":1,"alpha":1,"transparencyMode":0,"alphaCutOff":0.4,"metallic":0},
{"name":"bench","id":"bench","customType":"BABYLON.PBRMaterial","backFaceCulling":true,"checkReadyOnlyOnce":false,"maxSimultaneousLights":4,"environmentIntensity":1,"albedo":[0.0553,0.018,0.0001],"reflectivity":[0,0,0],"roughness":1,"alpha":1,"transparencyMode":0,"alphaCutOff":0.4,"metallic":0},
{"name":"skin","id":"skin","customType":"BABYLON.PBRMaterial","backFaceCulling":true,"checkReadyOnlyOnce":false,"maxSimultaneousLights":4,"environmentIntensity":1,"reflectivity":[0.5,0.5,0.5],"roughness":0.5,"alpha":1,"transparencyMode":0,"alphaCutOff":0.4,"metallic":0, 
"albedoTexture":{"name":"uni1228_Euro_Male_diff.png","level":1,"hasAlpha":true,"coordinatesMode":0,"uOffset":0,"vOffset":0,"uScale":1,"vScale":1,"uAng":0,"vAng":0,"wAng":0,"wrapU":1,"wrapV":1,"coordinatesIndex":0},"useAlphaFromAlbedoTexture":true},
{"name":"hair","id":"hair","customType":"BABYLON.PBRMaterial","backFaceCulling":true,"checkReadyOnlyOnce":false,"maxSimultaneousLights":4,"environmentIntensity":1,"reflectivity":[0,0,0],"roughness":1,"alpha":1,"transparencyMode":2,"alphaCutOff":0.4,"metallic":0, 
"albedoTexture":{"name":"short02_diffuse.png","level":1,"hasAlpha":true,"coordinatesMode":0,"uOffset":0,"vOffset":0,"uScale":1,"vScale":1,"uAng":0,"vAng":0,"wAng":0,"wrapU":1,"wrapV":1,"coordinatesIndex":0},"useAlphaFromAlbedoTexture":true},
{"name":"eye_brown","id":"eye_brown","customType":"BABYLON.PBRMaterial","backFaceCulling":true,"checkReadyOnlyOnce":false,"maxSimultaneousLights":4,"environmentIntensity":1,"reflectivity":[0.5,0.5,0.5],"roughness":0.5,"alpha":1,"transparencyMode":0,"alphaCutOff":0.4,"metallic":0, 
"albedoTexture":{"name":"brown_eye.png","level":1,"hasAlpha":true,"coordinatesMode":0,"uOffset":0,"vOffset":0,"uScale":1,"vScale":1,"uAng":0,"vAng":0,"wAng":0,"wrapU":1,"wrapV":1,"coordinatesIndex":0},"useAlphaFromAlbedoTexture":true},
{"name":"clothes","id":"clothes","customType":"BABYLON.PBRMaterial","backFaceCulling":true,"checkReadyOnlyOnce":false,"maxSimultaneousLights":4,"environmentIntensity":1,"reflectivity":[0,0,0],"roughness":0,"alpha":1,"transparencyMode":0,"alphaCutOff":0.4,"metallic":0, 
"albedoTexture":{"name":"male_casualsuit02_diffuse_04.jpg","level":1,"hasAlpha":false,"coordinatesMode":0,"uOffset":0,"vOffset":0,"uScale":1,"vScale":1,"uAng":0,"vAng":0,"wAng":0,"wrapU":1,"wrapV":1,"coordinatesIndex":0},"useAlphaFromAlbedoTexture":false},
{"name":"shoes","id":"shoes","customType":"BABYLON.PBRMaterial","backFaceCulling":true,"checkReadyOnlyOnce":false,"maxSimultaneousLights":4,"environmentIntensity":1,"reflectivity":[0.5,0.5,0.5],"roughness":0.5,"alpha":1,"transparencyMode":0,"alphaCutOff":0.4,"metallic":0, 
"albedoTexture":{"name":"shoes01_diffuse.png","level":1,"hasAlpha":true,"coordinatesMode":0,"uOffset":0,"vOffset":0,"uScale":1,"vScale":1,"uAng":0,"vAng":0,"wAng":0,"wrapU":1,"wrapV":1,"coordinatesIndex":0},"useAlphaFromAlbedoTexture":true},
{"name":"screen","id":"screen","customType":"BABYLON.PBRMaterial","backFaceCulling":true,"checkReadyOnlyOnce":false,"maxSimultaneousLights":4,"environmentIntensity":1,"reflectivity":[0,0,0],"roughness":0.5,"alpha":1,"transparencyMode":0,"alphaCutOff":0.4,"metallic":0, 
"albedoTexture":{"name":"screen01.jpg","level":1,"hasAlpha":false,"coordinatesMode":0,"uOffset":0,"vOffset":0,"uScale":1,"vScale":1,"uAng":0,"vAng":0,"wAng":0,"wrapU":1,"wrapV":1,"coordinatesIndex":0},"useAlphaFromAlbedoTexture":false},
{"name":"door","id":"door","customType":"BABYLON.PBRMaterial","backFaceCulling":true,"checkReadyOnlyOnce":false,"maxSimultaneousLights":4,"environmentIntensity":1,"reflectivity":[0.5,0.5,0.5],"roughness":0.5,"alpha":1,"transparencyMode":0,"alphaCutOff":0.4,"metallic":0, 
"albedoTexture":{"name":"aDoor01.png","level":1,"hasAlpha":true,"coordinatesMode":0,"uOffset":0,"vOffset":0,"uScale":1,"vScale":1,"uAng":0,"vAng":0,"wAng":0,"wrapU":1,"wrapV":1,"coordinatesIndex":0},"useAlphaFromAlbedoTexture":true},
{"name":"start","id":"start","customType":"BABYLON.PBRMaterial","backFaceCulling":false,"checkReadyOnlyOnce":false,"maxSimultaneousLights":4,"environmentIntensity":1,"reflectivity":[0,0,0],"roughness":1,"alpha":1,"transparencyMode":0,"alphaCutOff":0.4,"metallic":0, 
"albedoTexture":{"name":"start01.jpg","level":1,"hasAlpha":false,"coordinatesMode":0,"uOffset":0,"vOffset":0,"uScale":1,"vScale":1,"uAng":0,"vAng":0,"wAng":0,"wrapU":1,"wrapV":1,"coordinatesIndex":0},"useAlphaFromAlbedoTexture":false}],
"multiMaterials":[{"name":"b_198405.Multimaterial#0","id":"b_198405.Multimaterial#0","materials":["wall","floor","ceiling","stone"]},{"name":"b_198405.Multimaterial#1","id":"b_198405.Multimaterial#1","materials":["wall","stone"]},{"name":"b_198405.Multimaterial#2","id":"b_198405.Multimaterial#2","materials":["skin","hair","eye_brown","clothes","shoes"]},{"name":"b_198405.Multimaterial#3","id":"b_198405.Multimaterial#3","materials":["screen","signs"]}],
"skeletons":[{"name":"1984_stand","id":0,"dimensionsAtRest":[1.0114,1.7178,0.3837],"bones":[
{"name":"Hips","index":0,"matrix":[0.965,0.0435,0.2585,0,-0.0984,0.9741,0.2035,0,0.2429,0.2218,-0.9443,0,0,0.6601,0.2293,1],"rest":[1,0,0,0,0,0.9424,0.3344,0,0,0.3344,-0.9424,0,0,0.914,-0.0042,1],"parentBoneIndex":-1,"length":0.0955
,"animation":{"dataType":3,"framePerSecond":24,"keys":[
{"frame":1,"values":[1,0,0,0,0,0.9424,0.3344,0,0,0.3344,-0.9424,0,0,0.6601,0.2293,1]},
{"frame":21,"values":[1,0,0,0,0,0.9424,0.3344,0,0,0.3344,-0.9424,0,0,0.6601,0.2293,1]},
{"frame":31,"values":[1,0,0,0,0,0.9424,0.3344,0,0,0.3344,-0.9424,0,0,0.914,-0.0042,1]},
{"frame":51,"values":[1,0,0,0,0,0.9424,0.3344,0,0,0.3344,-0.9424,0,0,0.914,-0.0042,1]},
{"frame":61,"values":[1,0,0,0,0,0.9424,0.3344,0,0,0.3344,-0.9424,0,0,0.6601,0.2293,1]},
{"frame":62,"values":[0.9989,0.0054,0.0461,0,-0.0196,0.9493,0.3137,0,0.0421,0.3143,-0.9484,0,0,0.6679,0.2293,1]},
{"frame":63,"values":[0.9875,0.0222,0.1557,0,-0.0627,0.9636,0.26,0,0.1443,0.2665,-0.953,0,0,0.6864,0.2293,1]},
{"frame":64,"values":[0.9578,0.0494,0.2832,0,-0.1062,0.9762,0.189,0,0.2671,0.2111,-0.9403,0,0,0.7085,0.2293,1]},
{"frame":65,"values":[0.92,0.0776,0.3842,0,-0.1352,0.9829,0.1253,0,0.3679,0.1672,-0.9147,0,0,0.727,0.2293,1]},
{"frame":66,"values":[0.9009,0.0906,0.4245,0,-0.1451,0.9846,0.0978,0,0.409,0.1497,-0.9002,0,0,0.7347,0.2293,1]},
{"frame":72,"values":[0.9009,0.0906,0.4245,0,-0.1451,0.9846,0.0978,0,0.409,0.1497,-0.9002,0,0,0.727,0.2293,1]},
{"frame":73,"values":[0.9009,0.0906,0.4245,0,-0.1451,0.9846,0.0978,0,0.409,0.1497,-0.9002,0,0,0.7085,0.2293,1]},
{"frame":74,"values":[0.9009,0.0906,0.4245,0,-0.1451,0.9846,0.0978,0,0.409,0.1497,-0.9002,0,0,0.6864,0.2293,1]},
{"frame":75,"values":[0.9009,0.0906,0.4245,0,-0.1451,0.9846,0.0978,0,0.409,0.1497,-0.9002,0,0,0.6679,0.2293,1]},
{"frame":76,"values":[0.9009,0.0906,0.4245,0,-0.1451,0.9846,0.0978,0,0.409,0.1497,-0.9002,0,0,0.6601,0.2293,1]},
{"frame":77,"values":[0.9018,0.09,0.4227,0,-0.1447,0.9845,0.099,0,0.4072,0.1505,-0.9009,0,0,0.6601,0.2293,1]},
{"frame":78,"values":[0.9044,0.0883,0.4175,0,-0.1435,0.9843,0.1026,0,0.4019,0.1527,-0.9029,0,0,0.6601,0.2293,1]},
{"frame":79,"values":[0.9084,0.0856,0.4092,0,-0.1415,0.984,0.1083,0,0.3934,0.1563,-0.906,0,0,0.6601,0.2293,1]},
{"frame":80,"values":[0.9137,0.0819,0.3981,0,-0.1387,0.9835,0.1159,0,0.382,0.1612,-0.91,0,0,0.6601,0.2293,1]},
{"frame":81,"values":[0.92,0.0776,0.3842,0,-0.1352,0.9829,0.1253,0,0.3679,0.1672,-0.9147,0,0,0.6601,0.2293,1]},
{"frame":82,"values":[0.927,0.0726,0.3679,0,-0.1309,0.982,0.136,0,0.3514,0.1743,-0.9199,0,0,0.6601,0.2293,1]},
{"frame":83,"values":[0.9346,0.0672,0.3494,0,-0.1258,0.9809,0.148,0,0.3328,0.1823,-0.9252,0,0,0.6601,0.2293,1]},
{"frame":84,"values":[0.9424,0.0614,0.3289,0,-0.12,0.9796,0.161,0,0.3123,0.1912,-0.9305,0,0,0.6601,0.2293,1]},
{"frame":85,"values":[0.9502,0.0554,0.3067,0,-0.1135,0.9781,0.1747,0,0.2903,0.2008,-0.9356,0,0,0.6601,0.2293,1]},
{"frame":86,"values":[0.9578,0.0494,0.2832,0,-0.1062,0.9762,0.189,0,0.2671,0.2111,-0.9403,0,0,0.6601,0.2293,1]},
{"frame":87,"values":[0.965,0.0435,0.2585,0,-0.0984,0.9741,0.2035,0,0.2429,0.2218,-0.9443,0,0,0.6601,0.2293,1]},
{"frame":88,"values":[0.9717,0.0377,0.2331,0,-0.09,0.9718,0.2181,0,0.2183,0.2329,-0.9477,0,0,0.6601,0.2293,1]},
{"frame":89,"values":[0.9778,0.0322,0.2072,0,-0.0811,0.9692,0.2325,0,0.1933,0.2441,-0.9503,0,0,0.6601,0.2293,1]},
{"frame":90,"values":[0.9831,0.027,0.1813,0,-0.072,0.9665,0.2465,0,0.1686,0.2554,-0.952,0,0,0.6601,0.2293,1]},
{"frame":91,"values":[0.9875,0.0222,0.1557,0,-0.0627,0.9636,0.26,0,0.1443,0.2665,-0.953,0,0,0.6601,0.2293,1]},
{"frame":92,"values":[0.9912,0.0179,0.1309,0,-0.0533,0.9606,0.2728,0,0.1209,0.2774,-0.9531,0,0,0.6601,0.2293,1]},
{"frame":93,"values":[0.9941,0.014,0.1071,0,-0.0442,0.9576,0.2846,0,0.0986,0.2877,-0.9526,0,0,0.6601,0.2293,1]},
{"frame":94,"values":[0.9963,0.0106,0.0848,0,-0.0354,0.9547,0.2955,0,0.0778,0.2974,-0.9516,0,0,0.6601,0.2293,1]},
{"frame":95,"values":[0.9979,0.0078,0.0644,0,-0.0271,0.9519,0.3052,0,0.0589,0.3063,-0.9501,0,0,0.6601,0.2293,1]},
{"frame":96,"values":[0.9989,0.0054,0.0461,0,-0.0196,0.9493,0.3137,0,0.0421,0.3143,-0.9484,0,0,0.6601,0.2293,1]},
{"frame":97,"values":[0.9995,0.0034,0.0304,0,-0.013,0.947,0.3209,0,0.0277,0.3211,-0.9466,0,0,0.6601,0.2293,1]},
{"frame":98,"values":[0.9998,0.0019,0.0176,0,-0.0076,0.9451,0.3266,0,0.016,0.3267,-0.945,0,0,0.6601,0.2293,1]},
{"frame":99,"values":[1,0.0009,0.008,0,-0.0035,0.9437,0.3309,0,0.0073,0.3309,-0.9436,0,0,0.6601,0.2293,1]},
{"frame":100,"values":[1,0.0002,0.0021,0,-0.0009,0.9428,0.3335,0,0.0019,0.3335,-0.9428,0,0,0.6601,0.2293,1]},
{"frame":101,"values":[1,0,0,0,0,0.9424,0.3344,0,0,0.3344,-0.9424,0,0,0.6601,0.2293,1]}],"loopBehavior":1,"name":"anim","property":"_matrix"}},
{"name":"LeftUpLeg","index":1,"matrix":[0.9526,-0.1136,0.2823,0,-0.2935,-0.5887,0.7532,0,0.0806,-0.8003,-0.5941,0,0.1176,0.0008,-0.011,1],"rest":[0.9953,0.0642,0.0719,0,0.0806,-0.9635,-0.2552,0,0.0529,0.2598,-0.9642,0,0.1176,0.0008,-0.011,1],"parentBoneIndex":0,"length":0.4229
,"animation":{"dataType":3,"framePerSecond":24,"keys":[
{"frame":1,"values":[0.9982,-0.0364,0.0467,0,-0.0589,-0.6832,0.7279,0,0.0054,-0.7293,-0.6841,0,0.1176,0.0008,-0.011,1]},
{"frame":21,"values":[0.9982,-0.0364,0.0467,0,-0.0589,-0.6832,0.7279,0,0.0054,-0.7293,-0.6841,0,0.1176,0.0008,-0.011,1]},
{"frame":31,"values":[0.9964,0.0751,0.0387,0,0.0825,-0.9635,-0.2547,0,0.0182,0.257,-0.9662,0,0.1176,0.0008,-0.011,1]},
{"frame":51,"values":[0.9964,0.0751,0.0387,0,0.0825,-0.9635,-0.2547,0,0.0182,0.257,-0.9662,0,0.1176,0.0008,-0.011,1]},
{"frame":61,"values":[0.9982,-0.0364,0.0467,0,-0.0589,-0.6832,0.7279,0,0.0054,-0.7293,-0.6841,0,0.1176,0.0008,-0.011,1]},
{"frame":62,"values":[0.9949,-0.052,0.0862,0,-0.0984,-0.6824,0.7243,0,0.0212,-0.7291,-0.6841,0,0.1176,0.0008,-0.011,1]},
{"frame":63,"values":[0.98,-0.0839,0.1803,0,-0.1884,-0.6815,0.7071,0,0.0635,-0.727,-0.6837,0,0.1176,0.0008,-0.011,1]},
{"frame":64,"values":[0.9505,-0.1113,0.2899,0,-0.2847,-0.6853,0.6703,0,0.1241,-0.7197,-0.6831,0,0.1176,0.0008,-0.011,1]},
{"frame":65,"values":[0.9178,-0.1245,0.3771,0,-0.3513,-0.6971,0.625,0,0.185,-0.7061,-0.6835,0,0.1176,0.0008,-0.011,1]},
{"frame":66,"values":[0.9024,-0.1271,0.4117,0,-0.3738,-0.7061,0.6014,0,0.2143,-0.6966,-0.6847,0,0.1176,0.0008,-0.011,1]},
{"frame":72,"values":[0.9007,-0.1297,0.4146,0,-0.3837,-0.6849,0.6194,0,0.2036,-0.717,-0.6667,0,0.1176,0.0008,-0.011,1]},
{"frame":73,"values":[0.897,-0.1348,0.421,0,-0.404,-0.6366,0.6569,0,0.1794,-0.7593,-0.6255,0,0.1176,0.0008,-0.011,1]},
{"frame":74,"values":[0.893,-0.139,0.4281,0,-0.4235,-0.5816,0.6945,0,0.1524,-0.8015,-0.5783,0,0.1176,0.0008,-0.011,1]},
{"frame":75,"values":[0.8899,-0.1414,0.4337,0,-0.437,-0.537,0.7216,0,0.1309,-0.8317,-0.5396,0,0.1176,0.0008,-0.011,1]},
{"frame":76,"values":[0.8887,-0.1421,0.436,0,-0.442,-0.5185,0.732,0,0.1221,-0.8432,-0.5236,0,0.1176,0.0008,-0.011,1]},
{"frame":77,"values":[0.8895,-0.1419,0.4344,0,-0.4404,-0.5193,0.7324,0,0.1217,-0.8427,-0.5244,0,0.1176,0.0008,-0.011,1]},
{"frame":78,"values":[0.8919,-0.1413,0.4295,0,-0.4358,-0.5216,0.7335,0,0.1204,-0.8414,-0.5268,0,0.1176,0.0008,-0.011,1]},
{"frame":79,"values":[0.8958,-0.1402,0.4218,0,-0.4284,-0.5253,0.7352,0,0.1185,-0.8393,-0.5306,0,0.1176,0.0008,-0.011,1]},
{"frame":80,"values":[0.9009,-0.1388,0.4114,0,-0.4184,-0.5302,0.7374,0,0.1158,-0.8364,-0.5357,0,0.1176,0.0008,-0.011,1]},
{"frame":81,"values":[0.9069,-0.1368,0.3985,0,-0.406,-0.5363,0.74,0,0.1124,-0.8329,-0.5419,0,0.1176,0.0008,-0.011,1]},
{"frame":82,"values":[0.9138,-0.1344,0.3833,0,-0.3914,-0.5433,0.7427,0,0.1085,-0.8287,-0.5491,0,0.1176,0.0008,-0.011,1]},
{"frame":83,"values":[0.9212,-0.1314,0.3661,0,-0.3749,-0.5512,0.7454,0,0.1039,-0.8239,-0.5571,0,0.1176,0.0008,-0.011,1]},
{"frame":84,"values":[0.929,-0.1278,0.3472,0,-0.3566,-0.5599,0.7479,0,0.0988,-0.8186,-0.5658,0,0.1176,0.0008,-0.011,1]},
{"frame":85,"values":[0.937,-0.1237,0.3267,0,-0.3367,-0.5691,0.7502,0,0.0931,-0.8129,-0.5748,0,0.1176,0.0008,-0.011,1]},
{"frame":86,"values":[0.9449,-0.119,0.305,0,-0.3156,-0.5787,0.752,0,0.0871,-0.8068,-0.5844,0,0.1176,0.0008,-0.011,1]},
{"frame":87,"values":[0.9526,-0.1136,0.2823,0,-0.2935,-0.5887,0.7532,0,0.0806,-0.8003,-0.5941,0,0.1176,0.0008,-0.011,1]},
{"frame":88,"values":[0.9598,-0.1077,0.259,0,-0.2706,-0.5988,0.7538,0,0.0739,-0.7936,-0.6039,0,0.1176,0.0008,-0.011,1]},
{"frame":89,"values":[0.9666,-0.1014,0.2353,0,-0.2474,-0.6089,0.7537,0,0.0669,-0.7868,-0.6136,0,0.1176,0.0008,-0.011,1]},
{"frame":90,"values":[0.9728,-0.0946,0.2117,0,-0.224,-0.6188,0.7529,0,0.0597,-0.7798,-0.6231,0,0.1176,0.0008,-0.011,1]},
{"frame":91,"values":[0.9782,-0.0875,0.1883,0,-0.2009,-0.6284,0.7515,0,0.0526,-0.7729,-0.6323,0,0.1176,0.0008,-0.011,1]},
{"frame":92,"values":[0.9829,-0.0803,0.1656,0,-0.1784,-0.6376,0.7494,0,0.0454,-0.7662,-0.641,0,0.1176,0.0008,-0.011,1]},
{"frame":93,"values":[0.9869,-0.0731,0.144,0,-0.1568,-0.6462,0.7468,0,0.0385,-0.7596,-0.6492,0,0.1176,0.0008,-0.011,1]},
{"frame":94,"values":[0.9901,-0.066,0.1237,0,-0.1365,-0.6542,0.7439,0,0.0318,-0.7534,-0.6567,0,0.1176,0.0008,-0.011,1]},
{"frame":95,"values":[0.9927,-0.0592,0.1051,0,-0.1179,-0.6614,0.7407,0,0.0256,-0.7477,-0.6635,0,0.1176,0.0008,-0.011,1]},
{"frame":96,"values":[0.9947,-0.053,0.0885,0,-0.1012,-0.6677,0.7375,0,0.02,-0.7425,-0.6695,0,0.1176,0.0008,-0.011,1]},
{"frame":97,"values":[0.9961,-0.0475,0.0743,0,-0.0868,-0.673,0.7345,0,0.0151,-0.7381,-0.6745,0,0.1176,0.0008,-0.011,1]},
{"frame":98,"values":[0.9971,-0.0429,0.0626,0,-0.0751,-0.6773,0.7318,0,0.0111,-0.7344,-0.6786,0,0.1176,0.0008,-0.011,1]},
{"frame":99,"values":[0.9978,-0.0394,0.054,0,-0.0663,-0.6805,0.7297,0,0.008,-0.7317,-0.6816,0,0.1176,0.0008,-0.011,1]},
{"frame":100,"values":[0.9981,-0.0372,0.0486,0,-0.0608,-0.6825,0.7283,0,0.0061,-0.7299,-0.6835,0,0.1176,0.0008,-0.011,1]},
{"frame":101,"values":[0.9982,-0.0364,0.0467,0,-0.0589,-0.6832,0.7279,0,0.0054,-0.7293,-0.6841,0,0.1176,0.0008,-0.011,1]}],"loopBehavior":1,"name":"anim","property":"_matrix"}},
{"name":"LeftLeg","index":2,"matrix":[0.9775,-0.191,-0.09,0,0.1733,0.4823,0.8587,0,-0.1206,-0.8549,0.5046,0,0,0.4229,0,1],"rest":[0.9995,-0.0246,0.0192,0,0.0223,0.9936,0.1104,0,-0.0218,-0.11,0.9937,0,0,0.4229,0,1],"parentBoneIndex":1,"length":0.422
,"animation":{"dataType":3,"framePerSecond":24,"keys":[
{"frame":1,"values":[0.9735,-0.2007,-0.1096,0,0.1821,0.3909,0.9023,0,-0.1382,-0.8983,0.417,0,0,0.4229,0,1]},
{"frame":21,"values":[0.9735,-0.2007,-0.1096,0,0.1821,0.3909,0.9023,0,-0.1382,-0.8983,0.417,0,0,0.4229,0,1]},
{"frame":31,"values":[0.9995,-0.0246,0.0192,0,0.0223,0.9936,0.1104,0,-0.0218,-0.11,0.9937,0,0,0.4229,0,1]},
{"frame":51,"values":[0.9995,-0.0246,0.0192,0,0.0223,0.9936,0.1104,0,-0.0218,-0.11,0.9937,0,0,0.4229,0,1]},
{"frame":61,"values":[0.9735,-0.2007,-0.1096,0,0.1821,0.3909,0.9023,0,-0.1382,-0.8983,0.417,0,0,0.4229,0,1]},
{"frame":62,"values":[0.9753,-0.1967,-0.1009,0,0.1785,0.4315,0.8843,0,-0.1304,-0.8804,0.4559,0,0,0.4229,0,1]},
{"frame":63,"values":[0.9796,-0.1845,-0.0793,0,0.1675,0.5323,0.8298,0,-0.1109,-0.8262,0.5524,0,0,0.4229,0,1]},
{"frame":64,"values":[0.9851,-0.1639,-0.0522,0,0.1488,0.6593,0.7371,0,-0.0864,-0.7338,0.6738,0,0,0.4229,0,1]},
{"frame":65,"values":[0.9899,-0.139,-0.0285,0,0.1262,0.7702,0.6252,0,-0.065,-0.6224,0.78,0,0,0.4229,0,1]},
{"frame":66,"values":[0.9919,-0.1255,-0.0183,0,0.1139,0.8178,0.5641,0,-0.0558,-0.5617,0.8255,0,0,0.4229,0,1]},
{"frame":72,"values":[0.9907,-0.134,-0.0245,0,0.1216,0.7887,0.6027,0,-0.0614,-0.6,0.7976,0,0,0.4229,0,1]},
{"frame":73,"values":[0.9877,-0.1511,-0.0391,0,0.1372,0.7207,0.6796,0,-0.0745,-0.6766,0.7326,0,0,0.4229,0,1]},
{"frame":74,"values":[0.9843,-0.1671,-0.0559,0,0.1517,0.642,0.7515,0,-0.0897,-0.7482,0.6573,0,0,0.4229,0,1]},
{"frame":75,"values":[0.9816,-0.1779,-0.0695,0,0.1614,0.5782,0.7998,0,-0.102,-0.7963,0.5963,0,0,0.4229,0,1]},
{"frame":76,"values":[0.9805,-0.1818,-0.0751,0,0.165,0.552,0.8173,0,-0.1071,-0.8138,0.5712,0,0,0.4229,0,1]},
{"frame":77,"values":[0.9804,-0.1819,-0.0753,0,0.1651,0.5512,0.8179,0,-0.1073,-0.8143,0.5705,0,0,0.4229,0,1]},
{"frame":78,"values":[0.9803,-0.1822,-0.0758,0,0.1654,0.5489,0.8194,0,-0.1077,-0.8158,0.5683,0,0,0.4229,0,1]},
{"frame":79,"values":[0.9802,-0.1827,-0.0766,0,0.1658,0.5452,0.8217,0,-0.1084,-0.8181,0.5647,0,0,0.4229,0,1]},
{"frame":80,"values":[0.98,-0.1834,-0.0776,0,0.1665,0.5403,0.8249,0,-0.1094,-0.8212,0.56,0,0,0.4229,0,1]},
{"frame":81,"values":[0.9797,-0.1843,-0.0789,0,0.1672,0.5342,0.8286,0,-0.1105,-0.825,0.5542,0,0,0.4229,0,1]},
{"frame":82,"values":[0.9794,-0.1852,-0.0804,0,0.1681,0.5272,0.833,0,-0.1119,-0.8293,0.5475,0,0,0.4229,0,1]},
{"frame":83,"values":[0.9791,-0.1863,-0.0821,0,0.1691,0.5193,0.8377,0,-0.1134,-0.834,0.54,0,0,0.4229,0,1]},
{"frame":84,"values":[0.9787,-0.1874,-0.0839,0,0.1701,0.5108,0.8427,0,-0.1151,-0.839,0.5318,0,0,0.4229,0,1]},
{"frame":85,"values":[0.9783,-0.1886,-0.0859,0,0.1711,0.5016,0.848,0,-0.1168,-0.8443,0.523,0,0,0.4229,0,1]},
{"frame":86,"values":[0.9779,-0.1898,-0.0879,0,0.1722,0.4921,0.8534,0,-0.1187,-0.8496,0.5139,0,0,0.4229,0,1]},
{"frame":87,"values":[0.9775,-0.191,-0.09,0,0.1733,0.4823,0.8587,0,-0.1206,-0.8549,0.5046,0,0,0.4229,0,1]},
{"frame":88,"values":[0.977,-0.1921,-0.0921,0,0.1744,0.4725,0.8639,0,-0.1225,-0.8601,0.4951,0,0,0.4229,0,1]},
{"frame":89,"values":[0.9766,-0.1933,-0.0942,0,0.1754,0.4627,0.869,0,-0.1244,-0.8652,0.4857,0,0,0.4229,0,1]},
{"frame":90,"values":[0.9762,-0.1943,-0.0963,0,0.1764,0.453,0.8739,0,-0.1262,-0.87,0.4765,0,0,0.4229,0,1]},
{"frame":91,"values":[0.9758,-0.1954,-0.0983,0,0.1773,0.4437,0.8785,0,-0.128,-0.8746,0.4676,0,0,0.4229,0,1]},
{"frame":92,"values":[0.9754,-0.1963,-0.1002,0,0.1781,0.4348,0.8827,0,-0.1297,-0.8788,0.4591,0,0,0.4229,0,1]},
{"frame":93,"values":[0.9751,-0.1972,-0.1019,0,0.1789,0.4265,0.8866,0,-0.1313,-0.8827,0.4512,0,0,0.4229,0,1]},
{"frame":94,"values":[0.9747,-0.198,-0.1036,0,0.1796,0.4188,0.8901,0,-0.1328,-0.8862,0.4438,0,0,0.4229,0,1]},
{"frame":95,"values":[0.9744,-0.1986,-0.1051,0,0.1803,0.4119,0.8932,0,-0.1342,-0.8893,0.4372,0,0,0.4229,0,1]},
{"frame":96,"values":[0.9742,-0.1992,-0.1064,0,0.1808,0.4058,0.8959,0,-0.1353,-0.892,0.4314,0,0,0.4229,0,1]},
{"frame":97,"values":[0.9739,-0.1997,-0.1075,0,0.1813,0.4007,0.8981,0,-0.1363,-0.8942,0.4264,0,0,0.4229,0,1]},
{"frame":98,"values":[0.9738,-0.2001,-0.1083,0,0.1816,0.3965,0.8999,0,-0.1371,-0.896,0.4224,0,0,0.4229,0,1]},
{"frame":99,"values":[0.9736,-0.2004,-0.109,0,0.1819,0.3934,0.9012,0,-0.1377,-0.8972,0.4195,0,0,0.4229,0,1]},
{"frame":100,"values":[0.9735,-0.2006,-0.1094,0,0.182,0.3915,0.902,0,-0.1381,-0.898,0.4177,0,0,0.4229,0,1]},
{"frame":101,"values":[0.9735,-0.2007,-0.1096,0,0.1821,0.3909,0.9023,0,-0.1382,-0.8983,0.417,0,0,0.4229,0,1]}],"loopBehavior":1,"name":"anim","property":"_matrix"}},
{"name":"LeftFoot","index":3,"matrix":[0.9962,-0.0247,0.0831,0,0.0867,0.2839,-0.9549,0,0,0.9585,0.285,0,0,0.422,0,1],"rest":[0.9962,-0.0247,0.0831,0,0.0867,0.2839,-0.9549,0,0,0.9585,0.285,0,0,0.422,0,1],"parentBoneIndex":2,"length":0.1486
,"animation":{"dataType":3,"framePerSecond":24,"keys":[
{"frame":1,"values":[0.9962,-0.0247,0.0831,0,0.0867,0.2839,-0.9549,0,0,0.9585,0.285,0,0,0.422,0,1]},
{"frame":21,"values":[0.9962,-0.0247,0.0831,0,0.0867,0.2839,-0.9549,0,0,0.9585,0.285,0,0,0.422,0,1]},
{"frame":31,"values":[0.9962,-0.0247,0.0831,0,0.0867,0.2839,-0.9549,0,0,0.9585,0.285,0,0,0.422,0,1]},
{"frame":51,"values":[0.9962,-0.0247,0.0831,0,0.0867,0.2839,-0.9549,0,0,0.9585,0.285,0,0,0.422,0,1]},
{"frame":61,"values":[0.9962,-0.0247,0.0831,0,0.0867,0.2839,-0.9549,0,0,0.9585,0.285,0,0,0.422,0,1]},
{"frame":101,"values":[0.9962,-0.0247,0.0831,0,0.0867,0.2839,-0.9549,0,0,0.9585,0.285,0,0,0.422,0,1]}],"loopBehavior":1,"name":"anim","property":"_matrix"}},
{"name":"LeftToeBase","index":4,"matrix":[0.9987,0.0511,-0.0055,0,-0.0512,0.9797,-0.194,0,-0.0045,0.1941,0.981,0,0,0.1486,0,1],"rest":[0.9987,0.0511,-0.0055,0,-0.0512,0.9797,-0.194,0,-0.0045,0.1941,0.981,0,0,0.1486,0,1],"parentBoneIndex":3,"length":0.0207
,"animation":{"dataType":3,"framePerSecond":24,"keys":[
{"frame":1,"values":[0.9987,0.0511,-0.0055,0,-0.0512,0.9797,-0.194,0,-0.0045,0.1941,0.981,0,0,0.1486,0,1]},
{"frame":21,"values":[0.9987,0.0511,-0.0055,0,-0.0512,0.9797,-0.194,0,-0.0045,0.1941,0.981,0,0,0.1486,0,1]},
{"frame":31,"values":[0.9987,0.0511,-0.0055,0,-0.0512,0.9797,-0.194,0,-0.0045,0.1941,0.981,0,0,0.1486,0,1]},
{"frame":51,"values":[0.9987,0.0511,-0.0055,0,-0.0512,0.9797,-0.194,0,-0.0045,0.1941,0.981,0,0,0.1486,0,1]},
{"frame":61,"values":[0.9987,0.0511,-0.0055,0,-0.0512,0.9797,-0.194,0,-0.0045,0.1941,0.981,0,0,0.1486,0,1]},
{"frame":101,"values":[0.9987,0.0511,-0.0055,0,-0.0512,0.9797,-0.194,0,-0.0045,0.1941,0.981,0,0,0.1486,0,1]}],"loopBehavior":1,"name":"anim","property":"_matrix"}},
{"name":"LowerBack","index":5,"matrix":[0.9991,0.0386,0.0156,0,-0.0416,0.9076,0.4178,0,0.002,-0.4181,0.9084,0,0,0.0955,0,1],"rest":[1,0,0,0,0,0.9411,0.3381,0,0,-0.3381,0.9411,0,0,0.0955,0,1],"parentBoneIndex":0,"length":0.1425
,"animation":{"dataType":3,"framePerSecond":24,"keys":[
{"frame":1,"values":[1,0,0,0,0,0.9411,0.3381,0,0,-0.3381,0.9411,0,0,0.0955,0,1]},
{"frame":21,"values":[1,0,0,0,0,0.9411,0.3381,0,0,-0.3381,0.9411,0,0,0.0955,0,1]},
{"frame":31,"values":[1,0,0,0,0,0.9411,0.3381,0,0,-0.3381,0.9411,0,0,0.0955,0,1]},
{"frame":51,"values":[1,0,0,0,0,0.9411,0.3381,0,0,-0.3381,0.9411,0,0,0.0955,0,1]},
{"frame":61,"values":[1,0,0,0,0,0.9411,0.3381,0,0,-0.3381,0.9411,0,0,0.0955,0,1]},
{"frame":62,"values":[1,0.0069,0.0025,0,-0.0073,0.9358,0.3524,0,0.0001,-0.3524,0.9358,0,0,0.0955,0,1]},
{"frame":63,"values":[0.9997,0.0232,0.0089,0,-0.0249,0.9221,0.3861,0,0.0007,-0.3862,0.9224,0,0,0.0955,0,1]},
{"frame":64,"values":[0.999,0.0424,0.0173,0,-0.0457,0.9038,0.4255,0,0.0024,-0.4259,0.9048,0,0,0.0955,0,1]},
{"frame":65,"values":[0.998,0.0581,0.025,0,-0.0631,0.8868,0.4578,0,0.0044,-0.4585,0.8887,0,0,0.0955,0,1]},
{"frame":66,"values":[0.9975,0.0646,0.0284,0,-0.0704,0.8793,0.4711,0,0.0055,-0.4719,0.8816,0,0,0.0955,0,1]},
{"frame":77,"values":[0.9975,0.0643,0.0283,0,-0.07,0.8796,0.4705,0,0.0054,-0.4713,0.8819,0,0,0.0955,0,1]},
{"frame":78,"values":[0.9976,0.0635,0.0278,0,-0.0691,0.8806,0.4688,0,0.0053,-0.4696,0.8829,0,0,0.0955,0,1]},
{"frame":79,"values":[0.9977,0.0621,0.0271,0,-0.0676,0.8822,0.466,0,0.005,-0.4668,0.8843,0,0,0.0955,0,1]},
{"frame":80,"values":[0.9978,0.0603,0.0262,0,-0.0656,0.8843,0.4624,0,0.0047,-0.4631,0.8863,0,0,0.0955,0,1]},
{"frame":81,"values":[0.998,0.0581,0.025,0,-0.0631,0.8868,0.4578,0,0.0044,-0.4585,0.8887,0,0,0.0955,0,1]},
{"frame":82,"values":[0.9982,0.0555,0.0237,0,-0.0602,0.8897,0.4525,0,0.004,-0.4531,0.8914,0,0,0.0955,0,1]},
{"frame":83,"values":[0.9984,0.0526,0.0223,0,-0.057,0.8929,0.4465,0,0.0036,-0.4471,0.8945,0,0,0.0955,0,1]},
{"frame":84,"values":[0.9986,0.0494,0.0207,0,-0.0535,0.8964,0.44,0,0.0032,-0.4405,0.8978,0,0,0.0955,0,1]},
{"frame":85,"values":[0.9988,0.046,0.019,0,-0.0497,0.9,0.433,0,0.0028,-0.4334,0.9012,0,0,0.0955,0,1]},
{"frame":86,"values":[0.999,0.0424,0.0173,0,-0.0457,0.9038,0.4255,0,0.0024,-0.4259,0.9048,0,0,0.0955,0,1]},
{"frame":87,"values":[0.9991,0.0386,0.0156,0,-0.0416,0.9076,0.4178,0,0.002,-0.4181,0.9084,0,0,0.0955,0,1]},
{"frame":88,"values":[0.9993,0.0348,0.0139,0,-0.0374,0.9113,0.4099,0,0.0016,-0.4102,0.912,0,0,0.0955,0,1]},
{"frame":89,"values":[0.9994,0.0309,0.0122,0,-0.0332,0.9151,0.402,0,0.0013,-0.4021,0.9156,0,0,0.0955,0,1]},
{"frame":90,"values":[0.9996,0.027,0.0105,0,-0.029,0.9187,0.394,0,0.001,-0.3941,0.9191,0,0,0.0955,0,1]},
{"frame":91,"values":[0.9997,0.0232,0.0089,0,-0.0249,0.9221,0.3861,0,0.0007,-0.3862,0.9224,0,0,0.0955,0,1]},
{"frame":92,"values":[0.9998,0.0195,0.0074,0,-0.0209,0.9254,0.3785,0,0.0005,-0.3786,0.9256,0,0,0.0955,0,1]},
{"frame":93,"values":[0.9999,0.016,0.006,0,-0.0171,0.9284,0.3712,0,0.0004,-0.3712,0.9285,0,0,0.0955,0,1]},
{"frame":94,"values":[0.9999,0.0127,0.0047,0,-0.0135,0.9312,0.3643,0,0.0002,-0.3644,0.9313,0,0,0.0955,0,1]},
{"frame":95,"values":[0.9999,0.0096,0.0035,0,-0.0103,0.9337,0.358,0,0.0001,-0.3581,0.9337,0,0,0.0955,0,1]},
{"frame":96,"values":[1,0.0069,0.0025,0,-0.0073,0.9358,0.3524,0,0.0001,-0.3524,0.9358,0,0,0.0955,0,1]},
{"frame":97,"values":[1,0.0046,0.0016,0,-0.0048,0.9376,0.3475,0,0,-0.3476,0.9377,0,0,0.0955,0,1]},
{"frame":98,"values":[1,0.0026,0.0009,0,-0.0028,0.9391,0.3436,0,0,-0.3436,0.9391,0,0,0.0955,0,1]},
{"frame":99,"values":[1,0.0012,0.0004,0,-0.0013,0.9402,0.3406,0,0,-0.3406,0.9402,0,0,0.0955,0,1]},
{"frame":100,"values":[1,0.0003,0.0001,0,-0.0003,0.9409,0.3387,0,0,-0.3387,0.9409,0,0,0.0955,0,1]},
{"frame":101,"values":[1,0,0,0,0,0.9411,0.3381,0,0,-0.3381,0.9411,0,0,0.0955,0,1]}],"loopBehavior":1,"name":"anim","property":"_matrix"}},
{"name":"Spine","index":6,"matrix":[0.9982,0.0592,0.0034,0,-0.059,0.9975,-0.0394,0,-0.0057,0.0391,0.9992,0,0,0.1425,0,1],"rest":[1,0,0,0,0,0.9868,-0.1618,0,0,0.1618,0.9868,0,0,0.1425,0,1],"parentBoneIndex":5,"length":0.1379
,"animation":{"dataType":3,"framePerSecond":24,"keys":[
{"frame":1,"values":[1,0,0,0,0,0.9868,-0.1618,0,0,0.1618,0.9868,0,0,0.1425,0,1]},
{"frame":21,"values":[1,0,0,0,0,0.9868,-0.1618,0,0,0.1618,0.9868,0,0,0.1425,0,1]},
{"frame":31,"values":[1,0,0,0,0,0.9868,-0.1618,0,0,0.1618,0.9868,0,0,0.1425,0,1]},
{"frame":51,"values":[1,0,0,0,0,0.9868,-0.1618,0,0,0.1618,0.9868,0,0,0.1425,0,1]},
{"frame":61,"values":[1,0,0,0,0,0.9868,-0.1618,0,0,0.1618,0.9868,0,0,0.1425,0,1]},
{"frame":62,"values":[0.9999,0.0104,0.0001,0,-0.0103,0.99,-0.1403,0,-0.0015,0.1403,0.9901,0,0,0.1425,0,1]},
{"frame":63,"values":[0.9994,0.0354,0.0012,0,-0.0351,0.9954,-0.0889,0,-0.0043,0.0888,0.996,0,0,0.1425,0,1]},
{"frame":64,"values":[0.9979,0.065,0.0041,0,-0.0648,0.9975,-0.0272,0,-0.0059,0.0269,0.9996,0,0,0.1425,0,1]},
{"frame":65,"values":[0.9959,0.0895,0.0081,0,-0.0897,0.9957,0.0244,0,-0.0058,-0.025,0.9997,0,0,0.1425,0,1]},
{"frame":66,"values":[0.995,0.0998,0.0101,0,-0.1001,0.9939,0.046,0,-0.0054,-0.0468,0.9989,0,0,0.1425,0,1]},
{"frame":77,"values":[0.995,0.0993,0.01,0,-0.0996,0.994,0.045,0,-0.0054,-0.0458,0.9989,0,0,0.1425,0,1]},
{"frame":78,"values":[0.9951,0.098,0.0097,0,-0.0983,0.9943,0.0422,0,-0.0055,-0.043,0.9991,0,0,0.1425,0,1]},
{"frame":79,"values":[0.9954,0.0959,0.0093,0,-0.0961,0.9947,0.0378,0,-0.0056,-0.0385,0.9992,0,0,0.1425,0,1]},
{"frame":80,"values":[0.9956,0.093,0.0087,0,-0.0933,0.9951,0.0318,0,-0.0057,-0.0324,0.9995,0,0,0.1425,0,1]},
{"frame":81,"values":[0.9959,0.0895,0.0081,0,-0.0897,0.9957,0.0244,0,-0.0058,-0.025,0.9997,0,0,0.1425,0,1]},
{"frame":82,"values":[0.9963,0.0855,0.0073,0,-0.0856,0.9962,0.0159,0,-0.0059,-0.0164,0.9998,0,0,0.1425,0,1]},
{"frame":83,"values":[0.9967,0.0809,0.0065,0,-0.081,0.9967,0.0063,0,-0.006,-0.0068,1,0,0,0.1425,0,1]},
{"frame":84,"values":[0.9971,0.0759,0.0057,0,-0.0759,0.9971,-0.0042,0,-0.006,0.0038,1,0,0,0.1425,0,1]},
{"frame":85,"values":[0.9975,0.0706,0.0049,0,-0.0705,0.9974,-0.0154,0,-0.006,0.0151,0.9999,0,0,0.1425,0,1]},
{"frame":86,"values":[0.9979,0.065,0.0041,0,-0.0648,0.9975,-0.0272,0,-0.0059,0.0269,0.9996,0,0,0.1425,0,1]},
{"frame":87,"values":[0.9982,0.0592,0.0034,0,-0.059,0.9975,-0.0394,0,-0.0057,0.0391,0.9992,0,0,0.1425,0,1]},
{"frame":88,"values":[0.9986,0.0532,0.0027,0,-0.053,0.9972,-0.0518,0,-0.0055,0.0516,0.9987,0,0,0.1425,0,1]},
{"frame":89,"values":[0.9989,0.0472,0.0021,0,-0.047,0.9968,-0.0643,0,-0.0052,0.0642,0.9979,0,0,0.1425,0,1]},
{"frame":90,"values":[0.9991,0.0412,0.0016,0,-0.041,0.9962,-0.0767,0,-0.0048,0.0766,0.997,0,0,0.1425,0,1]},
{"frame":91,"values":[0.9994,0.0354,0.0012,0,-0.0351,0.9954,-0.0889,0,-0.0043,0.0888,0.996,0,0,0.1425,0,1]},
{"frame":92,"values":[0.9996,0.0297,0.0008,0,-0.0295,0.9945,-0.1007,0,-0.0038,0.1006,0.9949,0,0,0.1425,0,1]},
{"frame":93,"values":[0.9997,0.0243,0.0005,0,-0.0241,0.9934,-0.1118,0,-0.0032,0.1118,0.9937,0,0,0.1425,0,1]},
{"frame":94,"values":[0.9998,0.0192,0.0003,0,-0.019,0.9923,-0.1223,0,-0.0027,0.1223,0.9925,0,0,0.1425,0,1]},
{"frame":95,"values":[0.9999,0.0146,0.0002,0,-0.0144,0.9912,-0.1318,0,-0.0021,0.1318,0.9913,0,0,0.1425,0,1]},
{"frame":96,"values":[0.9999,0.0104,0.0001,0,-0.0103,0.99,-0.1403,0,-0.0015,0.1403,0.9901,0,0,0.1425,0,1]},
{"frame":97,"values":[1,0.0069,0,0,-0.0068,0.989,-0.1476,0,-0.001,0.1476,0.989,0,0,0.1425,0,1]},
{"frame":98,"values":[1,0.004,0,0,-0.0039,0.9881,-0.1536,0,-0.0006,0.1536,0.9881,0,0,0.1425,0,1]},
{"frame":99,"values":[1,0.0018,0,0,-0.0018,0.9874,-0.158,0,-0.0003,0.158,0.9874,0,0,0.1425,0,1]},
{"frame":100,"values":[1,0.0005,0,0,-0.0005,0.987,-0.1608,0,-0.0001,0.1608,0.987,0,0,0.1425,0,1]},
{"frame":101,"values":[1,0,0,0,0,0.9868,-0.1618,0,0,0.1618,0.9868,0,0,0.1425,0,1]}],"loopBehavior":1,"name":"anim","property":"_matrix"}},
{"name":"Spine1","index":7,"matrix":[1,0,0,0,0,0.9018,0.4321,0,0,-0.4321,0.9018,0,0,0.1379,0,1],"rest":[1,0,0,0,0,0.9018,0.4321,0,0,-0.4321,0.9018,0,0,0.1379,0,1],"parentBoneIndex":6,"length":0.2166
,"animation":{"dataType":3,"framePerSecond":24,"keys":[
{"frame":1,"values":[1,0,0,0,0,0.9018,0.4321,0,0,-0.4321,0.9018,0,0,0.1379,0,1]},
{"frame":21,"values":[1,0,0,0,0,0.9018,0.4321,0,0,-0.4321,0.9018,0,0,0.1379,0,1]},
{"frame":31,"values":[1,0,0,0,0,0.9018,0.4321,0,0,-0.4321,0.9018,0,0,0.1379,0,1]},
{"frame":51,"values":[1,0,0,0,0,0.9018,0.4321,0,0,-0.4321,0.9018,0,0,0.1379,0,1]},
{"frame":61,"values":[1,0,0,0,0,0.9018,0.4321,0,0,-0.4321,0.9018,0,0,0.1379,0,1]},
{"frame":101,"values":[1,0,0,0,0,0.9018,0.4321,0,0,-0.4321,0.9018,0,0,0.1379,0,1]}],"loopBehavior":1,"name":"anim","property":"_matrix"}},
{"name":"LeftShoulder","index":8,"matrix":[-0.1864,-0.9209,0.3422,0,0.9815,-0.1902,0.0228,0,0.0441,0.3401,0.9393,0,0.0228,0.1482,0.0319,1],"rest":[-0.1864,-0.9209,0.3422,0,0.9815,-0.1902,0.0228,0,0.0441,0.3401,0.9393,0,0.0228,0.1482,0.0319,1],"parentBoneIndex":7,"length":0.1473
,"animation":{"dataType":3,"framePerSecond":24,"keys":[
{"frame":1,"values":[-0.1864,-0.9209,0.3422,0,0.9815,-0.1902,0.0228,0,0.0441,0.3401,0.9393,0,0.0228,0.1482,0.0319,1]},
{"frame":21,"values":[-0.1864,-0.9209,0.3422,0,0.9815,-0.1902,0.0228,0,0.0441,0.3401,0.9393,0,0.0228,0.1482,0.0319,1]},
{"frame":31,"values":[-0.1864,-0.9209,0.3422,0,0.9815,-0.1902,0.0228,0,0.0441,0.3401,0.9393,0,0.0228,0.1482,0.0319,1]},
{"frame":51,"values":[-0.1864,-0.9209,0.3422,0,0.9815,-0.1902,0.0228,0,0.0441,0.3401,0.9393,0,0.0228,0.1482,0.0319,1]},
{"frame":61,"values":[-0.1864,-0.9209,0.3422,0,0.9815,-0.1902,0.0228,0,0.0441,0.3401,0.9393,0,0.0228,0.1482,0.0319,1]},
{"frame":101,"values":[-0.1864,-0.9209,0.3422,0,0.9815,-0.1902,0.0228,0,0.0441,0.3401,0.9393,0,0.0228,0.1482,0.0319,1]}],"loopBehavior":1,"name":"anim","property":"_matrix"}},
{"name":"LeftArm","index":9,"matrix":[0.4702,-0.7146,-0.518,0,0.8298,0.5578,-0.0163,0,0.3006,-0.4221,0.8552,0,0,0.1473,0,1],"rest":[0.7919,-0.6103,-0.0214,0,0.6099,0.7921,-0.0237,0,0.0315,0.0057,0.9995,0,0,0.1473,0,1],"parentBoneIndex":8,"length":0.2562
,"animation":{"dataType":3,"framePerSecond":24,"keys":[
{"frame":1,"values":[0.3058,-0.8391,-0.4499,0,0.8893,0.4205,-0.1798,0,0.34,-0.3451,0.8748,0,0,0.1473,0,1]},
{"frame":21,"values":[0.3058,-0.8391,-0.4499,0,0.8893,0.4205,-0.1798,0,0.34,-0.3451,0.8748,0,0,0.1473,0,1]},
{"frame":31,"values":[0.8005,-0.5962,-0.0608,0,0.596,0.8026,-0.0234,0,0.0628,-0.0175,0.9979,0,0,0.1473,0,1]},
{"frame":51,"values":[0.8005,-0.5962,-0.0608,0,0.596,0.8026,-0.0234,0,0.0628,-0.0175,0.9979,0,0,0.1473,0,1]},
{"frame":61,"values":[0.3058,-0.8391,-0.4499,0,0.8893,0.4205,-0.1798,0,0.34,-0.3451,0.8748,0,0,0.1473,0,1]},
{"frame":62,"values":[0.3304,-0.8169,-0.4728,0,0.8877,0.4392,-0.1385,0,0.3208,-0.3739,0.8702,0,0,0.1473,0,1]},
{"frame":63,"values":[0.3872,-0.7713,-0.5052,0,0.8853,0.4641,-0.03,0,0.2576,-0.4356,0.8625,0,0,0.1473,0,1]},
{"frame":64,"values":[0.4527,-0.729,-0.5135,0,0.8777,0.4659,0.1125,0,0.1572,-0.5016,0.8507,0,0,0.1473,0,1]},
{"frame":65,"values":[0.5055,-0.7024,-0.5011,0,0.8607,0.4512,0.2359,0,0.0604,-0.5505,0.8326,0,0,0.1473,0,1]},
{"frame":66,"values":[0.5268,-0.6935,-0.4915,0,0.8498,0.4422,0.287,0,0.0183,-0.5689,0.8222,0,0,0.1473,0,1]},
{"frame":72,"values":[0.5319,-0.6902,-0.4905,0,0.8456,0.4639,0.2641,0,0.0453,-0.5553,0.8304,0,0,0.1473,0,1]},
{"frame":73,"values":[0.5447,-0.682,-0.488,0,0.8322,0.5115,0.2141,0,0.1036,-0.5227,0.8462,0,0,0.1473,0,1]},
{"frame":74,"values":[0.5615,-0.6709,-0.4843,0,0.811,0.5624,0.1612,0,0.1643,-0.4833,0.8599,0,0,0.1473,0,1]},
{"frame":75,"values":[0.5768,-0.6605,-0.4807,0,0.7896,0.6015,0.1211,0,0.2092,-0.4494,0.8685,0,0,0.1473,0,1]},
{"frame":76,"values":[0.5836,-0.6557,-0.479,0,0.7798,0.6171,0.1052,0,0.2266,-0.4349,0.8715,0,0,0.1473,0,1]},
{"frame":77,"values":[0.5823,-0.6563,-0.4798,0,0.7804,0.6166,0.1039,0,0.2276,-0.4349,0.8712,0,0,0.1473,0,1]},
{"frame":78,"values":[0.5787,-0.6579,-0.482,0,0.7822,0.6149,0.0999,0,0.2306,-0.4348,0.8705,0,0,0.1473,0,1]},
{"frame":79,"values":[0.5729,-0.6605,-0.4854,0,0.7851,0.6122,0.0935,0,0.2354,-0.4346,0.8693,0,0,0.1473,0,1]},
{"frame":80,"values":[0.565,-0.6641,-0.4896,0,0.7889,0.6086,0.085,0,0.2415,-0.4343,0.8678,0,0,0.1473,0,1]},
{"frame":81,"values":[0.5554,-0.6686,-0.4945,0,0.7935,0.604,0.0746,0,0.2488,-0.4338,0.866,0,0,0.1473,0,1]},
{"frame":82,"values":[0.5441,-0.674,-0.4996,0,0.7987,0.5985,0.0624,0,0.257,-0.433,0.864,0,0,0.1473,0,1]},
{"frame":83,"values":[0.5314,-0.6804,-0.5047,0,0.8044,0.5921,0.0487,0,0.2657,-0.4318,0.8619,0,0,0.1473,0,1]},
{"frame":84,"values":[0.5174,-0.6877,-0.5093,0,0.8105,0.5848,0.0337,0,0.2746,-0.4302,0.8599,0,0,0.1473,0,1]},
{"frame":85,"values":[0.5024,-0.6959,-0.5132,0,0.8168,0.5766,0.0177,0,0.2836,-0.4281,0.8581,0,0,0.1473,0,1]},
{"frame":86,"values":[0.4866,-0.7049,-0.5162,0,0.8233,0.5676,0.001,0,0.2923,-0.4254,0.8565,0,0,0.1473,0,1]},
{"frame":87,"values":[0.4702,-0.7146,-0.518,0,0.8298,0.5578,-0.0163,0,0.3006,-0.4221,0.8552,0,0,0.1473,0,1]},
{"frame":88,"values":[0.4534,-0.725,-0.5184,0,0.8363,0.5472,-0.0339,0,0.3083,-0.4182,0.8545,0,0,0.1473,0,1]},
{"frame":89,"values":[0.4366,-0.736,-0.5174,0,0.8426,0.536,-0.0515,0,0.3152,-0.4135,0.8542,0,0,0.1473,0,1]},
{"frame":90,"values":[0.4198,-0.7474,-0.5149,0,0.8488,0.5242,-0.0687,0,0.3213,-0.4082,0.8545,0,0,0.1473,0,1]},
{"frame":91,"values":[0.4034,-0.7591,-0.5109,0,0.8548,0.5119,-0.0855,0,0.3265,-0.4023,0.8553,0,0,0.1473,0,1]},
{"frame":92,"values":[0.3876,-0.7708,-0.5056,0,0.8605,0.4993,-0.1015,0,0.3307,-0.3957,0.8568,0,0,0.1473,0,1]},
{"frame":93,"values":[0.3726,-0.7824,-0.4991,0,0.8658,0.4866,-0.1165,0,0.334,-0.3887,0.8587,0,0,0.1473,0,1]},
{"frame":94,"values":[0.3586,-0.7936,-0.4916,0,0.8708,0.4741,-0.1303,0,0.3365,-0.3813,0.861,0,0,0.1473,0,1]},
{"frame":95,"values":[0.3458,-0.8041,-0.4835,0,0.8753,0.4621,-0.1427,0,0.3382,-0.3739,0.8636,0,0,0.1473,0,1]},
{"frame":96,"values":[0.3344,-0.8138,-0.4753,0,0.8793,0.4509,-0.1535,0,0.3393,-0.3666,0.8663,0,0,0.1473,0,1]},
{"frame":97,"values":[0.3246,-0.8223,-0.4675,0,0.8827,0.4409,-0.1626,0,0.3398,-0.3598,0.8689,0,0,0.1473,0,1]},
{"frame":98,"values":[0.3167,-0.8293,-0.4605,0,0.8855,0.4325,-0.1699,0,0.3401,-0.3539,0.8713,0,0,0.1473,0,1]},
{"frame":99,"values":[0.3107,-0.8346,-0.4549,0,0.8876,0.426,-0.1753,0,0.3401,-0.3492,0.8731,0,0,0.1473,0,1]},
{"frame":100,"values":[0.307,-0.8379,-0.4512,0,0.8889,0.4219,-0.1786,0,0.3401,-0.3462,0.8744,0,0,0.1473,0,1]},
{"frame":101,"values":[0.3058,-0.8391,-0.4499,0,0.8893,0.4205,-0.1798,0,0.34,-0.3451,0.8748,0,0,0.1473,0,1]}],"loopBehavior":1,"name":"anim","property":"_matrix"}},
{"name":"LeftForeArm","index":10,"matrix":[0.9994,0.0322,0.0128,0,-0.0208,0.2636,0.9644,0,0.0277,-0.9641,0.2641,0,0,0.2562,0,1],"rest":[0.9997,0.0242,-0.0014,0,-0.0157,0.6881,0.7255,0,0.0185,-0.7252,0.6883,0,0,0.2562,0,1],"parentBoneIndex":9,"length":0.2716
,"animation":{"dataType":3,"framePerSecond":24,"keys":[
{"frame":1,"values":[0.9995,0.0307,0.0084,0,-0.0198,0.3932,0.9192,0,0.0249,-0.9189,0.3936,0,0,0.2562,0,1]},
{"frame":21,"values":[0.9995,0.0307,0.0084,0,-0.0198,0.3932,0.9192,0,0.0249,-0.9189,0.3936,0,0,0.2562,0,1]},
{"frame":31,"values":[0.9997,0.0242,-0.0014,0,-0.0157,0.6881,0.7255,0,0.0185,-0.7252,0.6883,0,0,0.2562,0,1]},
