{"producer":{"name":"Blender","version":"2.76 (sub 0)","exporter_version":"5.3-beta","file":"anims_2.babylon"},
"autoClear":true,"clearColor":[0.0509,0.0509,0.0509],"ambientColor":[0,0,0],"gravity":[0,-9.81,0],
"materials":[{"name":"anims_2.Casual_Male_Lod_1","id":"anims_2.Casual_Male_Lod_1","ambient":[0.8,0.8,0.8],"diffuse":[0.64,0.64,0.64],"specular":[0.05,0.05,0.05],"emissive":[0,0,0],"specularPower":2,"alpha":1,"backFaceCulling":true,"checkReadyOnlyOnce":false,"maxSimultaneousLights":4, 
"diffuseTexture":{"name":"Zed_new.jpg","level":1,"hasAlpha":1,"coordinatesMode":0,"uOffset":0,"vOffset":0,"uScale":1,"vScale":1,"uAng":0,"vAng":0,"wAng":0,"wrapU":1,"wrapV":1,"coordinatesIndex":0}}],
"multiMaterials":[],
"skeletons":[{"name":"Armature","id":0,"dimensionsAtRest":[197.6192,177.5619,29.0647],"bones":[
{"name":"Zed_Hips","index":0,"matrix":[0.9985,0.009,0.0532,0,-0.002,0.9916,-0.1295,0,0.0539,-0.1292,-0.9902,0,-0.3092,94.0029,-2.6959,1],"rest":[1,0,0,0,0,0.9857,-0.1685,0,0,-0.1685,-0.9857,0,0,96.3794,-3.9855,1],"parentBoneIndex":-1,"length":9.3601
,"animation":{"dataType":3,"framePerSecond":30,"keys":[
{"frame":0,"values":[0.997,-0.0768,-0.0065,0,0.0694,0.9308,-0.3589,0,-0.0336,-0.3574,-0.9334,0,0,86.2212,0,1]},
{"frame":1,"values":[0.9996,-0.0092,-0.0278,0,-0.0005,0.9444,-0.3288,0,-0.0293,-0.3287,-0.944,0,0.2473,86.8809,-13.7915,1]},
{"frame":2,"values":[0.996,0.0798,-0.0398,0,-0.0886,0.9379,-0.3355,0,-0.0106,-0.3377,-0.9412,0,0.292,88.8147,-27.7089,1]},
{"frame":3,"values":[0.9818,0.1872,-0.0332,0,-0.1873,0.9215,-0.3403,0,0.0331,-0.3403,-0.9397,0,0.3386,90.4004,-41.6199,1]},
{"frame":4,"values":[0.9784,0.2067,-0.0023,0,-0.1943,0.9159,-0.3511,0,0.0704,-0.344,-0.9363,0,0.3291,92.1003,-55.551,1]},
{"frame":5,"values":[0.9887,0.1489,0.0167,0,-0.1331,0.9244,-0.3574,0,0.0686,-0.3511,-0.9338,0,0.1976,92.5338,-69.467,1]},
{"frame":6,"values":[0.9951,0.0956,0.0239,0,-0.0829,0.9436,-0.3204,0,0.0531,-0.3169,-0.947,0,0.0818,92.071,-83.2348,1]},
{"frame":7,"values":[0.9967,0.0415,0.0705,0,-0.0184,0.9536,-0.3004,0,0.0796,-0.2981,-0.9512,0,0.0432,90.9375,-97.0624,1]},
{"frame":8,"values":[0.995,0.028,0.0961,0,0.0028,0.9519,-0.3064,0,0.1001,-0.3051,-0.947,0,-0.0363,88.9077,-110.9784,1]},
{"frame":9,"values":[0.9956,0.0364,0.0867,0,-0.0049,0.941,-0.3383,0,0.0939,-0.3364,-0.937,0,-0.2065,87.4651,-124.9814,1]},
{"frame":10,"values":[0.997,0.0388,0.0668,0,-0.0132,0.9374,-0.3481,0,0.0761,-0.3461,-0.9351,0,-0.8972,85.8964,-138.9083,1]},
{"frame":11,"values":[0.9971,-0.0134,0.0754,0,0.0386,0.9385,-0.3431,0,0.0661,-0.345,-0.9363,0,-1.7579,85.9451,-152.7862,1]},
{"frame":12,"values":[0.9931,-0.0689,0.0945,0,0.0974,0.9345,-0.3424,0,0.0647,-0.3492,-0.9348,0,-1.8354,87.5123,-166.679,1]},
{"frame":13,"values":[0.9929,-0.1056,0.0549,0,0.1181,0.932,-0.3428,0,0.0149,-0.3468,-0.9378,0,-1.6476,89.8345,-180.573,1]},
{"frame":14,"values":[0.9919,-0.1239,0.0264,0,0.1254,0.9316,-0.341,0,-0.0177,-0.3416,-0.9397,0,-1.1725,91.384,-194.4607,1]},
{"frame":15,"values":[0.9981,-0.0553,0.0258,0,0.0607,0.9425,-0.3287,0,0.0061,-0.3297,-0.9441,0,-1.0354,92.3643,-208.313,1]},
{"frame":16,"values":[0.9983,0.0578,0.0087,0,-0.0524,0.9505,-0.3062,0,0.026,-0.3052,-0.9519,0,-1.0867,92.6769,-222.1305,1]},
{"frame":17,"values":[0.998,0.0624,-0.0076,0,-0.062,0.9567,-0.2844,0,0.0105,-0.2843,-0.9587,0,-1.0485,92.0857,-235.9509,1]},
{"frame":18,"values":[0.9989,0.0241,-0.039,0,-0.034,0.9596,-0.2794,0,-0.0307,-0.2804,-0.9594,0,-0.8215,90.6967,-249.8286,1]},
{"frame":19,"values":[0.9984,-0.0421,-0.038,0,0.0292,0.9556,-0.2931,0,-0.0486,-0.2916,-0.9553,0,-0.3479,88.8123,-263.7697,1]},
{"frame":20,"values":[0.9967,-0.0799,-0.0108,0,0.0717,0.9397,-0.3343,0,-0.0369,-0.3324,-0.9424,0,-0.1998,87.115,-277.8041,1]},
{"frame":21,"values":[0.997,-0.0768,-0.0065,0,0.0694,0.9308,-0.3589,0,-0.0336,-0.3574,-0.9334,0,0,86.2212,-291.7829,1]},
{"frame":30,"values":[0.9985,0.009,0.0532,0,-0.002,0.9916,-0.1295,0,0.0539,-0.1292,-0.9902,0,-0.3092,94.0029,-2.6959,1]},
{"frame":32,"values":[0.999,0.012,0.0434,0,-0.0059,0.9905,-0.1372,0,0.0446,-0.1368,-0.9896,0,-0.1935,94.1905,-5.23,1]},
{"frame":33,"values":[0.9995,0.0147,0.0291,0,-0.0103,0.9892,-0.146,0,0.0309,-0.1456,-0.9889,0,-0.0808,94.1162,-7.73,1]},
{"frame":34,"values":[0.9998,0.0118,0.0167,0,-0.0091,0.9874,-0.1579,0,0.0183,-0.1578,-0.9873,0,0.0054,93.8528,-10.207,1]},
{"frame":35,"values":[1,0.0053,0.0058,0,-0.0042,0.9852,-0.1711,0,0.0066,-0.171,-0.9852,0,0.0662,93.3887,-12.6872,1]},
{"frame":36,"values":[1,-0.0014,-0.0042,0,0.0006,0.9831,-0.1832,0,-0.0044,-0.1832,-0.9831,0,0.1587,92.8925,-15.3098,1]},
{"frame":37,"values":[0.9999,-0.0076,-0.0152,0,0.0044,0.9808,-0.1951,0,-0.0164,-0.195,-0.9807,0,0.3358,92.2031,-18.1449,1]},
{"frame":38,"values":[0.9995,-0.0113,-0.029,0,0.0051,0.9784,-0.2067,0,-0.0307,-0.2065,-0.978,0,0.6264,91.563,-21.1773,1]},
{"frame":39,"values":[0.9989,-0.0112,-0.0448,0,0.0013,0.9766,-0.2153,0,-0.0461,-0.215,-0.9755,0,1.0428,91.0839,-24.5178,1]},
{"frame":40,"values":[0.9982,-0.004,-0.0595,0,-0.0092,0.9756,-0.2192,0,-0.059,-0.2194,-0.9739,0,1.5837,90.8335,-28.3414,1]},
{"frame":41,"values":[0.9973,0.0102,-0.0724,0,-0.0259,0.9754,-0.2191,0,-0.0684,-0.2204,-0.973,0,2.1372,90.7687,-32.5645,1]},
{"frame":42,"values":[0.996,0.0272,-0.0845,0,-0.0449,0.9755,-0.2154,0,-0.0766,-0.2183,-0.9729,0,2.6483,91.0083,-36.7706,1]},
{"frame":43,"values":[0.9945,0.0437,-0.0948,0,-0.0628,0.9757,-0.2098,0,-0.0833,-0.2146,-0.9731,0,3.1548,91.3099,-40.6973,1]},
{"frame":44,"values":[0.9934,0.057,-0.0993,0,-0.0763,0.976,-0.2039,0,-0.0853,-0.2101,-0.9739,0,3.6823,91.6391,-44.2286,1]},
{"frame":45,"values":[0.993,0.0656,-0.0982,0,-0.084,0.9769,-0.1965,0,-0.083,-0.2034,-0.9756,0,4.2042,91.9696,-47.376,1]},
{"frame":46,"values":[0.993,0.0692,-0.0956,0,-0.0863,0.9784,-0.1878,0,-0.0806,-0.1948,-0.9775,0,4.6804,92.2918,-50.3032,1]},
{"frame":47,"values":[0.9933,0.0696,-0.0917,0,-0.0852,0.9801,-0.1795,0,-0.0774,-0.1861,-0.9795,0,5.0805,92.6019,-53.2029,1]},
{"frame":48,"values":[0.9943,0.0667,-0.0836,0,-0.0803,0.9818,-0.172,0,-0.0706,-0.1777,-0.9815,0,5.3543,92.8778,-56.1238,1]},
{"frame":49,"values":[0.9956,0.0589,-0.0728,0,-0.0704,0.9835,-0.1664,0,-0.0618,-0.1708,-0.9834,0,5.4833,93.266,-58.9653,1]},
{"frame":50,"values":[0.9971,0.0473,-0.0597,0,-0.0566,0.9848,-0.1643,0,-0.051,-0.1672,-0.9846,0,5.5173,93.5256,-61.726,1]},
{"frame":51,"values":[0.9985,0.035,-0.0426,0,-0.0416,0.9853,-0.1658,0,-0.0362,-0.1673,-0.9852,0,5.5298,93.7426,-64.4207,1]},
{"frame":52,"values":[0.9994,0.025,-0.0253,0,-0.0289,0.9851,-0.1697,0,-0.0206,-0.1703,-0.9852,0,5.5417,93.9165,-67.0458,1]},
{"frame":53,"values":[0.9997,0.02,-0.0102,0,-0.0215,0.9842,-0.1758,0,-0.0066,-0.176,-0.9844,0,5.5287,93.8671,-69.6448,1]},
{"frame":54,"values":[0.9998,0.0207,0.0019,0,-0.02,0.9827,-0.1844,0,0.0057,-0.1843,-0.9829,0,5.4779,93.7023,-72.2645,1]},
{"frame":55,"values":[0.9996,0.0262,0.0118,0,-0.0233,0.9805,-0.1949,0,0.0167,-0.1945,-0.9808,0,5.4007,93.3505,-74.9339,1]},
{"frame":56,"values":[0.9992,0.0339,0.0207,0,-0.0289,0.9781,-0.2059,0,0.0273,-0.2052,-0.9783,0,5.3138,92.8684,-77.6944,1]},
{"frame":57,"values":[0.9988,0.0399,0.029,0,-0.0327,0.976,-0.2155,0,0.0369,-0.2143,-0.9761,0,5.1925,92.2975,-80.6204,1]},
{"frame":58,"values":[0.9984,0.0424,0.0375,0,-0.033,0.9744,-0.2225,0,0.046,-0.2209,-0.9742,0,4.9658,91.6349,-83.783,1]},
{"frame":59,"values":[0.9982,0.0391,0.0465,0,-0.0276,0.9736,-0.2267,0,0.0541,-0.225,-0.9729,0,4.568,90.9739,-87.2833,1]},
{"frame":60,"values":[0.9981,0.0279,0.0548,0,-0.0148,0.9737,-0.2274,0,0.0598,-0.2262,-0.9723,0,3.9642,90.4897,-91.1482,1]},
{"frame":61,"values":[0.9981,0.0102,0.0615,0,0.0038,0.9745,-0.2244,0,0.0623,-0.2242,-0.9725,0,3.2456,90.333,-95.2203,1]},
{"frame":62,"values":[0.9977,-0.0095,0.0667,0,0.024,0.9754,-0.2192,0,0.063,-0.2203,-0.9734,0,2.5085,90.4923,-99.2274,1]},
{"frame":63,"values":[0.9971,-0.0288,0.071,0,0.0434,0.9761,-0.2129,0,0.0631,-0.2154,-0.9745,0,1.7774,90.9342,-102.998,1]},
{"frame":64,"values":[0.9962,-0.0446,0.0746,0,0.0591,0.977,-0.205,0,0.0638,-0.2086,-0.9759,0,1.0466,91.3243,-106.4497,1]},
{"frame":65,"values":[0.9956,-0.053,0.0775,0,0.0672,0.9786,-0.1943,0,0.0656,-0.1986,-0.9779,0,0.3363,91.6778,-109.6094,1]},
{"frame":66,"values":[0.9952,-0.0547,0.0806,0,0.0686,0.9811,-0.1811,0,0.0692,-0.1858,-0.9802,0,-0.3179,92.0297,-112.6487,1]},
{"frame":67,"values":[0.995,-0.0549,0.0839,0,0.0683,0.9836,-0.1666,0,0.0734,-0.1715,-0.9824,0,-0.8768,92.3933,-115.6743,1]},
{"frame":68,"values":[0.9949,-0.0549,0.0846,0,0.0673,0.9862,-0.1515,0,0.0751,-0.1564,-0.9848,0,-1.31,92.7831,-118.6229,1]},
{"frame":69,"values":[0.9955,-0.051,0.0802,0,0.0617,0.9886,-0.137,0,0.0723,-0.1414,-0.9873,0,-1.6084,93.1241,-121.4244,1]},
{"frame":70,"values":[0.9966,-0.0414,0.071,0,0.0502,0.9907,-0.1264,0,0.0651,-0.1295,-0.9894,0,-1.792,93.4008,-124.1191,1]},
{"frame":71,"values":[0.9978,-0.0296,0.0588,0,0.0365,0.9919,-0.1216,0,0.0547,-0.1235,-0.9908,0,-1.8898,93.6622,-126.7424,1]},
{"frame":72,"values":[0.9988,-0.0188,0.0451,0,0.0242,0.9923,-0.1217,0,0.0424,-0.1227,-0.9915,0,-1.9202,93.8818,-129.2779,1]},
{"frame":73,"values":[0.9994,-0.0108,0.0318,0,0.0147,0.992,-0.1254,0,0.0301,-0.1258,-0.9916,0,-1.8891,93.9649,-131.7426,1]},
{"frame":74,"values":[0.9998,-0.0068,0.0205,0,0.0095,0.9913,-0.1315,0,0.0194,-0.1316,-0.9911,0,-1.8222,93.8934,-134.1927,1]},
{"frame":75,"values":[0.9999,-0.009,0.0107,0,0.0103,0.9903,-0.1387,0,0.0093,-0.1388,-0.9903,0,-1.7517,93.7554,-136.6371,1]},
{"frame":76,"values":[0.9999,-0.0159,0.0008,0,0.0158,0.9889,-0.1476,0,-0.0016,-0.1476,-0.989,0,-1.6869,93.5781,-139.1688,1]},
{"frame":77,"values":[0.9997,-0.024,-0.01,0,0.0222,0.9874,-0.1569,0,-0.0137,-0.1566,-0.9876,0,-1.6163,93.1764,-141.8277,1]},
{"frame":78,"values":[0.9992,-0.0322,-0.0225,0,0.028,0.9859,-0.165,0,-0.0275,-0.1643,-0.986,0,-1.5036,92.5925,-144.6007,1]},
{"frame":79,"values":[0.9987,-0.0355,-0.0357,0,0.0288,0.9844,-0.1735,0,-0.0413,-0.1722,-0.9842,0,-1.3086,91.9674,-147.3787,1]},
{"frame":80,"values":[0.9981,-0.0351,-0.0501,0,0.0254,0.983,-0.1819,0,-0.0557,-0.1803,-0.982,0,-0.9585,91.3586,-150.4073,1]},
{"frame":81,"values":[0.9976,-0.0283,-0.063,0,0.016,0.982,-0.1881,0,-0.0672,-0.1867,-0.9801,0,-0.4514,90.9247,-153.885,1]},
{"frame":82,"values":[0.9972,-0.0147,-0.0728,0,0.0005,0.9816,-0.1908,0,-0.0743,-0.1902,-0.9789,0,0.1576,90.7452,-157.7687,1]},
{"frame":83,"values":[0.9967,0.0022,-0.0814,0,-0.0178,0.9815,-0.1907,0,-0.0795,-0.1915,-0.9783,0,0.8051,90.8896,-161.7569,1]},
{"frame":84,"values":[0.996,0.019,-0.0877,0,-0.0354,0.9813,-0.1892,0,-0.0824,-0.1916,-0.978,0,1.4713,91.3615,-165.5108,1]},
{"frame":85,"values":[0.9954,0.0336,-0.0895,0,-0.0499,0.981,-0.1873,0,-0.0815,-0.1909,-0.9782,0,2.1336,92.0049,-168.8774,1]},
{"frame":86,"values":[0.9951,0.0443,-0.0884,0,-0.06,0.981,-0.1846,0,-0.0785,-0.189,-0.9788,0,2.7719,92.4781,-171.8548,1]},
{"frame":87,"values":[0.995,0.05,-0.0859,0,-0.0649,0.9814,-0.1805,0,-0.0753,-0.1852,-0.9798,0,3.3915,92.7969,-174.5863,1]},
{"frame":88,"values":[0.9953,0.0526,-0.0814,0,-0.0663,0.9822,-0.1758,0,-0.0707,-0.1804,-0.9811,0,3.9894,93.1839,-177.219,1]},
{"frame":89,"values":[0.9959,0.053,-0.0733,0,-0.0649,0.9831,-0.1712,0,-0.063,-0.1752,-0.9825,0,4.5136,93.7188,-179.8335,1]},
{"frame":90,"values":[0.9969,0.0493,-0.061,0,-0.0588,0.9842,-0.1671,0,-0.0518,-0.1701,-0.9841,0,4.9069,94.2125,-182.4054,1]},
{"frame":91,"values":[0.9982,0.0408,-0.0438,0,-0.0475,0.9852,-0.1648,0,-0.0364,-0.1666,-0.9854,0,5.174,94.5483,-184.8818,1]},
{"frame":92,"values":[0.9993,0.0295,-0.0229,0,-0.0328,0.9857,-0.165,0,-0.0178,-0.1657,-0.986,0,5.3757,94.8014,-187.257,1]},
{"frame":93,"values":[0.9998,0.0179,-0.0016,0,-0.0179,0.9857,-0.1675,0,0.0014,-0.1675,-0.9859,0,5.5352,95.0227,-189.5628,1]},
{"frame":94,"values":[0.9998,0.0091,0.0177,0,-0.0059,0.9851,-0.1721,0,0.019,-0.1719,-0.9849,0,5.6276,95.1852,-191.8371,1]},
{"frame":95,"values":[0.9994,0.0055,0.0336,0,0.0007,0.9837,-0.1798,0,0.034,-0.1797,-0.9831,0,5.6573,95.2019,-194.0981,1]},
{"frame":96,"values":[0.9989,0.0068,0.0456,0,0.002,0.9818,-0.19,0,0.0461,-0.1899,-0.9807,0,5.6729,95.0264,-196.3507,1]},
{"frame":97,"values":[0.9985,0.0116,0.0544,0,-0.0005,0.9798,-0.1998,0,0.0556,-0.1995,-0.9783,0,5.6204,94.6719,-198.5753,1]},
{"frame":98,"values":[0.998,0.0182,0.0611,0,-0.0049,0.9776,-0.2105,0,0.0636,-0.2098,-0.9757,0,5.4567,94.1913,-201.1755,1]},
{"frame":99,"values":[0.9974,0.0252,0.0672,0,-0.0096,0.9749,-0.2224,0,0.0711,-0.2211,-0.9727,0,5.223,93.6614,-204.0728,1]},
{"frame":100,"values":[0.9969,0.0309,0.0727,0,-0.0133,0.9728,-0.2315,0,0.0779,-0.2298,-0.9701,0,4.9389,93.1229,-207.0301,1]},
{"frame":101,"values":[0.9964,0.0335,0.0777,0,-0.0141,0.971,-0.2388,0,0.0834,-0.2368,-0.968,0,4.5884,92.6,-210.0779,1]},
{"frame":102,"values":[0.9961,0.0318,0.0827,0,-0.0106,0.9695,-0.2448,0,0.088,-0.2429,-0.966,0,4.164,92.1052,-213.1932,1]},
{"frame":103,"values":[0.9958,0.0256,0.0881,0,-0.0032,0.9693,-0.2459,0,0.0917,-0.2446,-0.9653,0,3.6579,91.6097,-216.2985,1]},
{"frame":104,"values":[0.9956,0.0157,0.0927,0,0.0072,0.9705,-0.2411,0,0.0938,-0.2407,-0.9661,0,3.1559,91.4065,-219.838,1]},
{"frame":105,"values":[0.9951,0.0028,0.0985,0,0.0204,0.9722,-0.2334,0,0.0964,-0.2343,-0.9674,0,2.6381,91.5361,-223.6599,1]},
{"frame":106,"values":[0.9941,-0.0113,0.108,0,0.0352,0.9743,-0.2225,0,0.1027,-0.225,-0.9689,0,1.9984,91.7498,-227.2236,1]},
{"frame":107,"values":[0.9928,-0.0232,0.1177,0,0.0475,0.977,-0.208,0,0.1102,-0.2121,-0.971,0,1.2848,91.9283,-230.4291,1]},
{"frame":108,"values":[0.9918,-0.03,0.1239,0,0.0537,0.9798,-0.1925,0,0.1156,-0.1975,-0.9734,0,0.6434,92.0547,-233.3165,1]},
{"frame":109,"values":[0.9913,-0.0322,0.1278,0,0.0549,0.9824,-0.1784,0,0.1198,-0.1839,-0.9756,0,0.1671,92.2676,-236.0916,1]},
{"frame":110,"values":[0.9911,-0.0326,0.1291,0,0.0539,0.9848,-0.1651,0,0.1217,-0.1706,-0.9778,0,-0.1555,92.6389,-238.8523,1]},
{"frame":111,"values":[0.9918,-0.0305,0.1244,0,0.0494,0.9872,-0.1519,0,0.1182,-0.1568,-0.9805,0,-0.347,93.0183,-241.4739,1]},
{"frame":112,"values":[0.9937,-0.0224,0.1094,0,0.0377,0.9895,-0.1398,0,0.1051,-0.143,-0.9841,0,-0.4312,93.2829,-243.884,1]},
{"frame":113,"values":[0.9964,-0.0092,0.084,0,0.0202,0.9912,-0.1309,0,0.0821,-0.1321,-0.9878,0,-0.4134,93.4779,-246.1508,1]},
{"frame":114,"values":[0.9976,-0.0021,0.0693,0,0.0109,0.9918,-0.1275,0,0.0684,-0.1279,-0.9894,0,-0.3763,93.5682,-247.2537,1]}],"loopBehavior":1,"name":"anim","property":"_matrix"}},
{"name":"Zed_Spine","index":1,"matrix":[0.9998,0.0012,-0.0198,0,-0.004,0.99,-0.1407,0,0.0194,0.1408,0.9899,0,0,9.3601,0,1],"rest":[1,0,0,0,0,0.9839,-0.1785,0,0,0.1785,0.9839,0,0,9.3602,0,1],"parentBoneIndex":0,"length":16.2549
,"animation":{"dataType":3,"framePerSecond":30,"keys":[
{"frame":0,"values":[0.9935,0.1111,-0.0257,0,-0.1112,0.9938,-0.0016,0,0.0253,0.0044,0.9997,0,0,9.3601,0,1]},
{"frame":1,"values":[0.9937,0.0259,-0.1094,0,-0.0249,0.9996,0.0106,0,0.1097,-0.0078,0.9939,0,0,9.3602,0,1]},
{"frame":2,"values":[0.9837,-0.0861,-0.158,0,0.0845,0.9963,-0.017,0,0.1588,0.0034,0.9873,0,0,9.3601,0,1]},
{"frame":3,"values":[0.9579,-0.2206,-0.1837,0,0.217,0.9754,-0.0395,0,0.1879,-0.002,0.9822,0,0,9.3601,0,1]},
{"frame":4,"values":[0.9422,-0.2501,-0.223,0,0.2403,0.9681,-0.0705,0,0.2335,0.0128,0.9723,0,0,9.3601,0,1]},
{"frame":5,"values":[0.9453,-0.2014,-0.2566,0,0.1826,0.9785,-0.0954,0,0.2703,0.0433,0.9618,0,0,9.3601,0,1]},
{"frame":6,"values":[0.9596,-0.1418,-0.243,0,0.1257,0.9888,-0.0804,0,0.2517,0.0466,0.9667,0,0,9.3601,0,1]},
{"frame":7,"values":[0.9854,-0.0577,-0.16,0,0.0473,0.9965,-0.0683,0,0.1634,0.0597,0.9847,0,0,9.3601,0,1]},
{"frame":8,"values":[0.9971,-0.0243,-0.0715,0,0.0195,0.9976,-0.0668,0,0.073,0.0652,0.9952,0,0,9.3601,0,1]},
{"frame":9,"values":[0.9997,-0.0242,0.0028,0,0.0243,0.9984,-0.0517,0,-0.0015,0.0518,0.9987,0,0,9.3601,0,1]},
{"frame":10,"values":[0.9968,-0.0405,0.069,0,0.0425,0.9987,-0.0279,0,-0.0678,0.0307,0.9972,0,0,9.3601,0,1]},
{"frame":11,"values":[0.9911,0.0138,0.1321,0,-0.0117,0.9998,-0.0162,0,-0.1323,0.0145,0.9911,0,0,9.3601,0,1]},
{"frame":12,"values":[0.976,0.0789,0.2028,0,-0.0777,0.9969,-0.0141,0,-0.2033,-0.002,0.9791,0,0,9.3601,0,1]},
{"frame":13,"values":[0.961,0.1174,0.2505,0,-0.1144,0.9931,-0.0265,0,-0.2518,-0.0032,0.9678,0,0,9.3601,0,1]},
{"frame":14,"values":[0.9348,0.1581,0.318,0,-0.1527,0.9874,-0.0422,0,-0.3206,-0.0091,0.9472,0,0,9.3602,0,1]},
{"frame":15,"values":[0.9153,0.0954,0.3913,0,-0.0807,0.9953,-0.0539,0,-0.3946,0.0177,0.9187,0,0,9.3601,0,1]},
{"frame":16,"values":[0.906,-0.0298,0.4222,0,0.0577,0.9969,-0.0534,0,-0.4193,0.0728,0.9049,0,0,9.3601,0,1]},
{"frame":17,"values":[0.9212,-0.0456,0.3863,0,0.0618,0.9976,-0.0296,0,-0.3841,0.0511,0.9219,0,0,9.3601,0,1]},
{"frame":18,"values":[0.9511,-0.0172,0.3083,0,0.0222,0.9997,-0.0126,0,-0.308,0.0188,0.9512,0,0,9.3601,0,1]},
{"frame":19,"values":[0.9784,0.069,0.195,0,-0.0688,0.9976,-0.0079,0,-0.195,-0.0057,0.9808,0,0,9.3601,0,1]},
{"frame":20,"values":[0.9883,0.1236,0.0895,0,-0.1233,0.9923,-0.009,0,-0.0899,-0.0022,0.9959,0,0,9.3601,0,1]},
{"frame":21,"values":[0.9935,0.1111,-0.0257,0,-0.1112,0.9938,-0.0016,0,0.0253,0.0044,0.9997,0,0,9.3601,0,1]},
{"frame":30,"values":[0.9998,0.0012,-0.0198,0,-0.004,0.99,-0.1407,0,0.0194,0.1408,0.9899,0,0,9.3601,0,1]},
{"frame":32,"values":[0.9998,0.0002,-0.0221,0,-0.0033,0.9899,-0.1415,0,0.0218,0.1416,0.9897,0,0,9.3602,0,1]},
{"frame":33,"values":[0.9997,-0.0008,-0.0254,0,-0.0028,0.9898,-0.1427,0,0.0253,0.1427,0.9894,0,0,9.3601,0,1]},
{"frame":34,"values":[0.9996,-0.0006,-0.0283,0,-0.0035,0.9895,-0.1442,0,0.0281,0.1442,0.9891,0,0,9.3602,0,1]},
{"frame":35,"values":[0.9995,0.0002,-0.0307,0,-0.0047,0.9893,-0.1458,0,0.0303,0.1459,0.9888,0,0,9.3601,0,1]},
{"frame":36,"values":[0.9995,0.0003,-0.0323,0,-0.005,0.989,-0.1476,0,0.0319,0.1477,0.9885,0,0,9.3601,0,1]},
{"frame":37,"values":[0.9994,-0.0005,-0.0336,0,-0.0045,0.9887,-0.1501,0,0.0332,0.1502,0.9881,0,0,9.3601,0,1]},
{"frame":38,"values":[0.9994,-0.0026,-0.0347,0,-0.0028,0.9882,-0.1531,0,0.0347,0.1531,0.9876,0,0,9.3601,0,1]},
{"frame":39,"values":[0.9994,-0.0058,-0.0355,0,0.0002,0.9878,-0.1559,0,0.036,0.1557,0.9871,0,0,9.3601,0,1]},
{"frame":40,"values":[0.9993,-0.0108,-0.0351,0,0.0051,0.9874,-0.1584,0,0.0364,0.1581,0.9867,0,0,9.3601,0,1]},
{"frame":41,"values":[0.9993,-0.0168,-0.0338,0,0.0112,0.987,-0.1603,0,0.0361,0.1598,0.9865,0,0,9.3601,0,1]},
{"frame":42,"values":[0.9992,-0.0232,-0.0315,0,0.0178,0.9867,-0.1613,0,0.0348,0.1606,0.9864,0,0,9.3601,0,1]},
{"frame":43,"values":[0.9992,-0.0284,-0.0284,0,0.0234,0.9866,-0.1612,0,0.0326,0.1604,0.9865,0,0,9.3602,0,1]},
{"frame":44,"values":[0.9992,-0.0318,-0.0246,0,0.0274,0.9867,-0.1601,0,0.0294,0.1593,0.9868,0,0,9.3601,0,1]},
{"frame":45,"values":[0.9992,-0.0333,-0.02,0,0.0297,0.9869,-0.1584,0,0.025,0.1576,0.9872,0,0,9.3602,0,1]},
{"frame":46,"values":[0.9993,-0.0329,-0.0153,0,0.0301,0.9873,-0.1559,0,0.0202,0.1553,0.9877,0,0,9.3601,0,1]},
{"frame":47,"values":[0.9995,-0.0312,-0.0109,0,0.0292,0.9878,-0.1529,0,0.0155,0.1525,0.9882,0,0,9.3601,0,1]},
{"frame":48,"values":[0.9996,-0.0283,-0.0067,0,0.027,0.9883,-0.1501,0,0.0109,0.1499,0.9886,0,0,9.3601,0,1]},
{"frame":49,"values":[0.9997,-0.0239,-0.0025,0,0.0232,0.9887,-0.1478,0,0.006,0.1477,0.989,0,0,9.3601,0,1]},
{"frame":50,"values":[0.9998,-0.0183,0.0018,0,0.0183,0.9891,-0.1463,0,0.0008,0.1463,0.9892,0,0,9.3601,0,1]},
{"frame":51,"values":[0.9999,-0.0123,0.0062,0,0.0131,0.9893,-0.1453,0,-0.0043,0.1453,0.9894,0,0,9.3601,0,1]},
{"frame":52,"values":[0.9999,-0.007,0.0101,0,0.0084,0.9894,-0.1447,0,-0.009,0.1448,0.9894,0,0,9.3601,0,1]},
{"frame":53,"values":[0.9999,-0.0032,0.0135,0,0.0051,0.9895,-0.1446,0,-0.0129,0.1446,0.9894,0,0,9.3601,0,1]},
{"frame":54,"values":[0.9999,-0.0012,0.0161,0,0.0036,0.9894,-0.1451,0,-0.0158,0.1451,0.9893,0,0,9.3601,0,1]},
{"frame":55,"values":[0.9998,-0.0009,0.0182,0,0.0035,0.9893,-0.146,0,-0.0179,0.146,0.9891,0,0,9.3601,0,1]},
{"frame":56,"values":[0.9998,-0.0011,0.0197,0,0.004,0.9891,-0.1472,0,-0.0193,0.1473,0.9889,0,0,9.3601,0,1]},
{"frame":57,"values":[0.9998,-0.0008,0.0201,0,0.0037,0.9889,-0.1488,0,-0.0198,0.1488,0.9887,0,0,9.3601,0,1]},
{"frame":58,"values":[0.9998,0.0006,0.0198,0,0.0024,0.9886,-0.1504,0,-0.0196,0.1504,0.9884,0,0,9.3601,0,1]},
{"frame":59,"values":[0.9998,0.0036,0.0187,0,-0.0007,0.9884,-0.1518,0,-0.019,0.1518,0.9882,0,0,9.3601,0,1]},
{"frame":60,"values":[0.9998,0.0082,0.017,0,-0.0055,0.9882,-0.1531,0,-0.0181,0.153,0.9881,0,0,9.3601,0,1]},
{"frame":61,"values":[0.9998,0.0139,0.0151,0,-0.0114,0.988,-0.1539,0,-0.017,0.1537,0.988,0,0,9.3601,0,1]},
{"frame":62,"values":[0.9997,0.0197,0.0131,0,-0.0175,0.9879,-0.1543,0,-0.016,0.1541,0.9879,0,0,9.3601,0,1]},
{"frame":63,"values":[0.9996,0.0248,0.0111,0,-0.0228,0.9878,-0.154,0,-0.0148,0.1537,0.988,0,0,9.3601,0,1]},
{"frame":64,"values":[0.9995,0.0287,0.009,0,-0.027,0.9879,-0.1528,0,-0.0132,0.1525,0.9882,0,0,9.3601,0,1]},
{"frame":65,"values":[0.9995,0.0305,0.0067,0,-0.0291,0.9882,-0.1506,0,-0.0112,0.1504,0.9886,0,0,9.3601,0,1]},
{"frame":66,"values":[0.9995,0.0304,0.0043,0,-0.0294,0.9886,-0.1478,0,-0.0088,0.1476,0.989,0,0,9.3601,0,1]},
{"frame":67,"values":[0.9996,0.0296,0.0015,0,-0.029,0.9891,-0.1446,0,-0.0058,0.1445,0.9895,0,0,9.3601,0,1]},
{"frame":68,"values":[0.9996,0.028,-0.0021,0,-0.028,0.9896,-0.1413,0,-0.0018,0.1413,0.99,0,0,9.3602,0,1]},
{"frame":69,"values":[0.9997,0.0247,-0.0066,0,-0.0254,0.9901,-0.1384,0,0.0031,0.1385,0.9904,0,0,9.3601,0,1]},
{"frame":70,"values":[0.9997,0.0198,-0.0114,0,-0.0212,0.9904,-0.1364,0,0.0086,0.1366,0.9906,0,0,9.3602,0,1]},
{"frame":71,"values":[0.9998,0.0142,-0.0162,0,-0.0163,0.9906,-0.1355,0,0.0141,0.1358,0.9906,0,0,9.3601,0,1]},
{"frame":72,"values":[0.9997,0.009,-0.0208,0,-0.0117,0.9907,-0.1355,0,0.0194,0.1357,0.9906,0,0,9.3601,0,1]},
{"frame":73,"values":[0.9997,0.0045,-0.0251,0,-0.0079,0.9907,-0.1359,0,0.0242,0.136,0.9904,0,0,9.3601,0,1]},
{"frame":74,"values":[0.9996,0.0014,-0.0285,0,-0.0053,0.9906,-0.1366,0,0.0281,0.1367,0.9902,0,0,9.3601,0,1]},
{"frame":75,"values":[0.9995,-0.0001,-0.0315,0,-0.0042,0.9905,-0.1376,0,0.0312,0.1377,0.99,0,0,9.3601,0,1]},
{"frame":76,"values":[0.9994,-0.0003,-0.0341,0,-0.0045,0.9903,-0.139,0,0.0338,0.1391,0.9897,0,0,9.3601,0,1]},
{"frame":77,"values":[0.9993,-0.0001,-0.0365,0,-0.005,0.99,-0.1407,0,0.0361,0.1408,0.9894,0,0,9.3602,0,1]},
{"frame":78,"values":[0.9992,0.0008,-0.0392,0,-0.0063,0.9898,-0.1426,0,0.0387,0.1427,0.989,0,0,9.3601,0,1]},
{"frame":79,"values":[0.9992,-0.0016,-0.04,0,-0.0042,0.9894,-0.1449,0,0.0398,0.1449,0.9886,0,0,9.3601,0,1]},
{"frame":80,"values":[0.9992,-0.0048,-0.0405,0,-0.0012,0.9891,-0.1474,0,0.0408,0.1473,0.9882,0,0,9.3601,0,1]},
{"frame":81,"values":[0.9991,-0.0091,-0.0402,0,0.003,0.9887,-0.1497,0,0.0411,0.1494,0.9879,0,0,9.3602,0,1]},
{"frame":82,"values":[0.9991,-0.0144,-0.0388,0,0.0084,0.9884,-0.1513,0,0.0405,0.1509,0.9877,0,0,9.3601,0,1]},
{"frame":83,"values":[0.9991,-0.0199,-0.0365,0,0.0142,0.9882,-0.1525,0,0.0391,0.1519,0.9876,0,0,9.3602,0,1]},
{"frame":84,"values":[0.9991,-0.0247,-0.0337,0,0.0193,0.988,-0.1533,0,0.0371,0.1525,0.9876,0,0,9.3601,0,1]},
{"frame":85,"values":[0.9991,-0.0282,-0.0305,0,0.0232,0.9879,-0.1533,0,0.0345,0.1525,0.9877,0,0,9.3602,0,1]},
{"frame":86,"values":[0.9992,-0.0302,-0.0268,0,0.0258,0.9879,-0.1527,0,0.0311,0.1519,0.9879,0,0,9.3601,0,1]},
{"frame":87,"values":[0.9993,-0.0307,-0.0229,0,0.0269,0.9881,-0.1515,0,0.0273,0.1508,0.9882,0,0,9.3601,0,1]},
{"frame":88,"values":[0.9994,-0.0301,-0.0194,0,0.0269,0.9884,-0.1497,0,0.0236,0.1491,0.9885,0,0,9.3601,0,1]},
{"frame":89,"values":[0.9995,-0.0285,-0.0159,0,0.0258,0.9887,-0.1476,0,0.0199,0.1471,0.9889,0,0,9.3601,0,1]},
{"frame":90,"values":[0.9996,-0.0254,-0.0121,0,0.0234,0.989,-0.1458,0,0.0157,0.1455,0.9892,0,0,9.3601,0,1]},
{"frame":91,"values":[0.9997,-0.0209,-0.008,0,0.0195,0.9893,-0.1446,0,0.011,0.1444,0.9895,0,0,9.3601,0,1]},
{"frame":92,"values":[0.9999,-0.0157,-0.0039,0,0.015,0.9895,-0.144,0,0.0061,0.1439,0.9896,0,0,9.3601,0,1]},
{"frame":93,"values":[0.9999,-0.0104,-0.0001,0,0.0103,0.9895,-0.1439,0,0.0016,0.1439,0.9896,0,0,9.3601,0,1]},
{"frame":94,"values":[1,-0.0059,0.0032,0,0.0063,0.9895,-0.1442,0,-0.0023,0.1442,0.9895,0,0,9.3601,0,1]},
{"frame":95,"values":[1,-0.003,0.0061,0,0.0039,0.9894,-0.1451,0,-0.0056,0.1451,0.9894,0,0,9.3601,0,1]},
{"frame":96,"values":[1,-0.0021,0.0089,0,0.0034,0.9892,-0.1463,0,-0.0085,0.1463,0.9892,0,0,9.3601,0,1]},
{"frame":97,"values":[0.9999,-0.0027,0.0117,0,0.0044,0.989,-0.1478,0,-0.0111,0.1478,0.989,0,0,9.3602,0,1]},
{"frame":98,"values":[0.9999,-0.004,0.0139,0,0.006,0.9887,-0.1495,0,-0.0131,0.1496,0.9887,0,0,9.3601,0,1]},
{"frame":99,"values":[0.9999,-0.0054,0.0158,0,0.0077,0.9884,-0.1516,0,-0.0148,0.1517,0.9883,0,0,9.3601,0,1]},
{"frame":100,"values":[0.9998,-0.0058,0.0176,0,0.0084,0.9881,-0.1537,0,-0.0165,0.1538,0.988,0,0,9.3601,0,1]},
{"frame":101,"values":[0.9998,-0.0047,0.0186,0,0.0075,0.9878,-0.1555,0,-0.0177,0.1556,0.9877,0,0,9.3601,0,1]},
{"frame":102,"values":[0.9998,-0.0019,0.0188,0,0.0049,0.9876,-0.157,0,-0.0183,0.1571,0.9874,0,0,9.3602,0,1]},
{"frame":103,"values":[0.9998,0.0021,0.0185,0,0.0009,0.9874,-0.1584,0,-0.0186,0.1583,0.9872,0,0,9.3601,0,1]},
{"frame":104,"values":[0.9998,0.0069,0.018,0,-0.004,0.9873,-0.159,0,-0.0189,0.1589,0.9871,0,0,9.3601,0,1]},
{"frame":105,"values":[0.9998,0.0117,0.0177,0,-0.0088,0.9873,-0.1589,0,-0.0193,0.1587,0.9871,0,0,9.3601,0,1]},
{"frame":106,"values":[0.9997,0.0159,0.0173,0,-0.0129,0.9874,-0.158,0,-0.0196,0.1577,0.9873,0,0,9.3601,0,1]},
{"frame":107,"values":[0.9997,0.0189,0.0162,0,-0.0161,0.9876,-0.1564,0,-0.019,0.156,0.9876,0,0,9.3601,0,1]},
{"frame":108,"values":[0.9997,0.0202,0.0142,0,-0.0178,0.9879,-0.1539,0,-0.0171,0.1536,0.988,0,0,9.3601,0,1]},
{"frame":109,"values":[0.9997,0.0198,0.0113,0,-0.0179,0.9883,-0.1512,0,-0.0142,0.1509,0.9884,0,0,9.3601,0,1]},
{"frame":110,"values":[0.9998,0.0188,0.0074,0,-0.0175,0.9888,-0.1483,0,-0.0101,0.1481,0.9889,0,0,9.3601,0,1]},
{"frame":111,"values":[0.9999,0.0168,0.0024,0,-0.0163,0.9892,-0.1455,0,-0.0048,0.1454,0.9894,0,0,9.3601,0,1]},
{"frame":112,"values":[0.9999,0.0128,-0.0043,0,-0.0133,0.9896,-0.143,0,0.0025,0.1431,0.9897,0,0,9.3601,0,1]},
{"frame":113,"values":[0.9999,0.0072,-0.0121,0,-0.0089,0.99,-0.1411,0,0.011,0.1412,0.9899,0,0,9.3601,0,1]},
{"frame":114,"values":[0.9999,0.0043,-0.0159,0,-0.0065,0.9901,-0.1403,0,0.0152,0.1404,0.99,0,0,9.3601,0,1]}],"loopBehavior":1,"name":"anim","property":"_matrix"}},
{"name":"Zed_Spine1","index":2,"matrix":[0.9992,0.0144,-0.0384,0,-0.0147,0.9999,-0.0075,0,0.0383,0.0081,0.9992,0,0,16.2549,0,1],"rest":[1,0,0,0,0,0.9965,-0.0842,0,0,0.0842,0.9965,0,0,16.2549,0,1],"parentBoneIndex":1,"length":13.7007
,"animation":{"dataType":3,"framePerSecond":30,"keys":[
{"frame":0,"values":[1,0.0088,0.0012,0,-0.0088,0.9988,-0.0489,0,-0.0017,0.0488,0.9988,0,0,16.2549,0,1]},
{"frame":1,"values":[0.9989,0.0057,-0.0467,0,-0.0076,0.9991,-0.0413,0,0.0464,0.0416,0.9981,0,0,16.2549,0,1]},
{"frame":2,"values":[0.9973,0.0008,-0.0736,0,-0.0047,0.9986,-0.0526,0,0.0735,0.0528,0.9959,0,0,16.2549,0,1]},
{"frame":3,"values":[0.9963,-0.0059,-0.0855,0,0.0005,0.998,-0.0633,0,0.0857,0.063,0.9943,0,0,16.2549,0,1]},
{"frame":4,"values":[0.9951,-0.0117,-0.0981,0,0.0042,0.9971,-0.0764,0,0.0987,0.0756,0.9922,0,0,16.2549,0,1]},
{"frame":5,"values":[0.9945,-0.0068,-0.1045,0,-0.0023,0.9962,-0.0872,0,0.1047,0.087,0.9907,0,0,16.2549,0,1]},
{"frame":6,"values":[0.9954,-0.0049,-0.0955,0,-0.0029,0.9966,-0.0819,0,0.0956,0.0818,0.9921,0,0,16.2549,0,1]},
{"frame":7,"values":[0.9972,-0.0102,-0.0739,0,0.0043,0.9968,-0.0792,0,0.0745,0.0787,0.9941,0,0,16.2549,0,1]},
{"frame":8,"values":[0.9986,-0.0179,-0.0502,0,0.0138,0.9967,-0.0805,0,0.0514,0.0797,0.9955,0,0,16.2549,0,1]},
{"frame":9,"values":[0.9996,-0.024,-0.0176,0,0.0226,0.9967,-0.0786,0,0.0194,0.0781,0.9968,0,0,16.2549,0,1]},
{"frame":10,"values":[0.9995,-0.0243,0.0178,0,0.0256,0.9969,-0.0744,0,-0.0159,0.0748,0.9971,0,0,16.2549,0,1]},
{"frame":11,"values":[0.9984,-0.0167,0.0546,0,0.0205,0.9974,-0.0694,0,-0.0533,0.0704,0.9961,0,0,16.2549,0,1]},
{"frame":12,"values":[0.9951,-0.0075,0.0983,0,0.0141,0.9977,-0.0663,0,-0.0976,0.0673,0.9929,0,0,16.2549,0,1]},
{"frame":13,"values":[0.9919,0.0006,0.1268,0,0.0084,0.9974,-0.071,0,-0.1265,0.0715,0.9894,0,0,16.2549,0,1]},
{"frame":14,"values":[0.9894,0.0021,0.1455,0,0.009,0.9971,-0.0755,0,-0.1453,0.076,0.9865,0,0,16.2549,0,1]},
{"frame":15,"values":[0.9883,-0.0006,0.1523,0,0.0123,0.997,-0.076,0,-0.1518,0.077,0.9854,0,0,16.2549,0,1]},
{"frame":16,"values":[0.9875,-0.0071,0.1576,0,0.0192,0.997,-0.0749,0,-0.1566,0.077,0.9847,0,0,16.2549,0,1]},
{"frame":17,"values":[0.9883,-0.0167,0.1519,0,0.0269,0.9975,-0.065,0,-0.1504,0.0684,0.9863,0,0,16.2549,0,1]},
{"frame":18,"values":[0.9914,-0.008,0.1304,0,0.0154,0.9984,-0.0553,0,-0.1297,0.0568,0.9899,0,0,16.2549,0,1]},
{"frame":19,"values":[0.9952,0.0017,0.0983,0,0.0036,0.9986,-0.0536,0,-0.0983,0.0537,0.9937,0,0,16.2548,0,1]},
{"frame":20,"values":[0.9983,0.0043,0.0576,0,-0.0013,0.9986,-0.0533,0,-0.0578,0.0532,0.9969,0,0,16.2549,0,1]},
{"frame":21,"values":[1,0.0088,0.0012,0,-0.0088,0.9988,-0.0489,0,-0.0017,0.0488,0.9988,0,0,16.2549,0,1]},
{"frame":30,"values":[0.9992,0.0144,-0.0384,0,-0.0147,0.9999,-0.0075,0,0.0383,0.0081,0.9992,0,0,16.2549,0,1]},
{"frame":32,"values":[0.9989,0.0129,-0.0443,0,-0.0133,0.9999,-0.0091,0,0.0441,0.0097,0.999,0,0,16.2549,0,1]},
{"frame":33,"values":[0.9986,0.0107,-0.052,0,-0.0113,0.9999,-0.0114,0,0.0519,0.0119,0.9986,0,0,16.2549,0,1]},
{"frame":34,"values":[0.9983,0.0098,-0.0581,0,-0.0106,0.9998,-0.0145,0,0.0579,0.0151,0.9982,0,0,16.2549,0,1]},
{"frame":35,"values":[0.998,0.0095,-0.0626,0,-0.0106,0.9998,-0.0178,0,0.0624,0.0184,0.9979,0,0,16.2549,0,1]},
{"frame":36,"values":[0.9978,0.0085,-0.0661,0,-0.0099,0.9997,-0.0212,0,0.0659,0.0219,0.9976,0,0,16.2549,0,1]},
{"frame":37,"values":[0.9976,0.0064,-0.0694,0,-0.0082,0.9996,-0.0265,0,0.0692,0.027,0.9972,0,0,16.2549,0,1]},
{"frame":38,"values":[0.9973,0.0028,-0.0732,0,-0.0052,0.9995,-0.0325,0,0.0731,0.0328,0.9968,0,0,16.2549,0,1]},
{"frame":39,"values":[0.997,-0.0028,-0.0767,0,-0.0001,0.9993,-0.0381,0,0.0768,0.038,0.9963,0,0,16.2549,0,1]},
{"frame":40,"values":[0.9968,-0.0109,-0.0788,0,0.0075,0.999,-0.0435,0,0.0792,0.0428,0.9959,0,0,16.2549,0,1]},
{"frame":41,"values":[0.9967,-0.0218,-0.0788,0,0.0181,0.9987,-0.0476,0,0.0798,0.046,0.9958,0,0,16.2549,0,1]},
{"frame":42,"values":[0.9965,-0.0337,-0.0767,0,0.03,0.9983,-0.0499,0,0.0782,0.0474,0.9958,0,0,16.2549,0,1]},
{"frame":43,"values":[0.9964,-0.0444,-0.0725,0,0.0408,0.9979,-0.05,0,0.0746,0.0468,0.9961,0,0,16.2549,0,1]},
{"frame":44,"values":[0.9964,-0.0524,-0.0662,0,0.0492,0.9976,-0.048,0,0.0686,0.0445,0.9967,0,0,16.2549,0,1]},
{"frame":45,"values":[0.9967,-0.0573,-0.0574,0,0.0548,0.9975,-0.0444,0,0.0598,0.0411,0.9974,0,0,16.2549,0,1]},
{"frame":46,"values":[0.9972,-0.0583,-0.0474,0,0.0565,0.9976,-0.0392,0,0.0496,0.0365,0.9981,0,0,16.2549,0,1]},
{"frame":47,"values":[0.9977,-0.0568,-0.0374,0,0.0556,0.9979,-0.0331,0,0.0392,0.031,0.9988,0,0,16.2549,0,1]},
{"frame":48,"values":[0.9982,-0.053,-0.0274,0,0.0523,0.9983,-0.0272,0,0.0288,0.0257,0.9993,0,0,16.2549,0,1]},
{"frame":49,"values":[0.9988,-0.0465,-0.0167,0,0.0461,0.9987,-0.0224,0,0.0177,0.0216,0.9996,0,0,16.2549,0,1]},
{"frame":50,"values":[0.9993,-0.038,-0.0052,0,0.0379,0.9991,-0.019,0,0.0059,0.0188,0.9998,0,0,16.2549,0,1]},
{"frame":51,"values":[0.9996,-0.0289,0.0064,0,0.029,0.9994,-0.0168,0,-0.006,0.017,0.9998,0,0,16.2549,0,1]},
{"frame":52,"values":[0.9996,-0.0205,0.0172,0,0.0208,0.9997,-0.0156,0,-0.0169,0.0159,0.9997,0,0,16.2549,0,1]},
{"frame":53,"values":[0.9996,-0.0139,0.0262,0,0.0143,0.9998,-0.0154,0,-0.026,0.0157,0.9995,0,0,16.2549,0,1]},
{"frame":54,"values":[0.9994,-0.0093,0.033,0,0.0099,0.9998,-0.0163,0,-0.0328,0.0166,0.9993,0,0,16.2549,0,1]},
{"frame":55,"values":[0.9993,-0.0068,0.0378,0,0.0075,0.9998,-0.0182,0,-0.0376,0.0185,0.9991,0,0,16.2549,0,1]},
{"frame":56,"values":[0.9992,-0.0056,0.0408,0,0.0064,0.9998,-0.0207,0,-0.0407,0.021,0.999,0,0,16.2549,0,1]},
{"frame":57,"values":[0.9991,-0.0041,0.0423,0,0.0051,0.9997,-0.0239,0,-0.0422,0.0241,0.9988,0,0,16.2549,0,1]},
{"frame":58,"values":[0.9991,-0.0013,0.0428,0,0.0025,0.9996,-0.0271,0,-0.0427,0.0272,0.9987,0,0,16.2549,0,1]},
{"frame":59,"values":[0.9991,0.0038,0.0427,0,-0.0025,0.9995,-0.0302,0,-0.0428,0.03,0.9986,0,0,16.2549,0,1]},
{"frame":60,"values":[0.9991,0.0117,0.0419,0,-0.0103,0.9994,-0.0328,0,-0.0423,0.0323,0.9986,0,0,16.2549,0,1]},
{"frame":61,"values":[0.9989,0.022,0.0407,0,-0.0206,0.9992,-0.0346,0,-0.0414,0.0338,0.9986,0,0,16.2549,0,1]},
{"frame":62,"values":[0.9987,0.033,0.039,0,-0.0316,0.9989,-0.0356,0,-0.0401,0.0343,0.9986,0,0,16.2549,0,1]},
{"frame":63,"values":[0.9984,0.0431,0.0369,0,-0.0418,0.9985,-0.0352,0,-0.0383,0.0336,0.9987,0,0,16.2549,0,1]},
{"frame":64,"values":[0.9981,0.0515,0.0339,0,-0.0504,0.9982,-0.0327,0,-0.0355,0.0309,0.9989,0,0,16.2549,0,1]},
{"frame":65,"values":[0.998,0.056,0.0297,0,-0.0552,0.9981,-0.0284,0,-0.0312,0.0267,0.9992,0,0,16.2549,0,1]},
{"frame":66,"values":[0.9981,0.0568,0.0242,0,-0.0562,0.9982,-0.0226,0,-0.0255,0.0212,0.9994,0,0,16.2549,0,1]},
{"frame":67,"values":[0.9983,0.056,0.0176,0,-0.0558,0.9983,-0.0159,0,-0.0184,0.0149,0.9997,0,0,16.2549,0,1]},
{"frame":68,"values":[0.9985,0.0545,0.0091,0,-0.0544,0.9985,-0.0091,0,-0.0096,0.0086,0.9999,0,0,16.2549,0,1]},
{"frame":69,"values":[0.9987,0.0507,-0.0015,0,-0.0507,0.9987,-0.0031,0,0.0013,0.0032,1,0,0,16.2549,0,1]},
{"frame":70,"values":[0.9989,0.0441,-0.0134,0,-0.0441,0.999,0.0011,0,0.0135,-0.0005,0.9999,0,0,16.2549,0,1]},
{"frame":71,"values":[0.999,0.0362,-0.0258,0,-0.0361,0.9993,0.003,0,0.0259,-0.0021,0.9997,0,0,16.2549,0,1]},
{"frame":72,"values":[0.9989,0.0284,-0.0379,0,-0.0283,0.9996,0.0032,0,0.0379,-0.0021,0.9993,0,0,16.2549,0,1]},
{"frame":73,"values":[0.9986,0.0214,-0.0488,0,-0.0213,0.9998,0.0024,0,0.0488,-0.0013,0.9988,0,0,16.2549,0,1]},
{"frame":74,"values":[0.9982,0.0155,-0.0577,0,-0.0155,0.9999,0.001,0,0.0577,-0.0001,0.9983,0,0,16.2549,0,1]},
{"frame":75,"values":[0.9978,0.012,-0.0647,0,-0.0121,0.9999,-0.0012,0,0.0647,0.0019,0.9979,0,0,16.2549,0,1]},
{"frame":76,"values":[0.9975,0.0103,-0.0702,0,-0.0106,0.9999,-0.0039,0,0.0702,0.0047,0.9975,0,0,16.2549,0,1]},
{"frame":77,"values":[0.9972,0.0092,-0.0748,0,-0.0098,0.9999,-0.0072,0,0.0747,0.008,0.9972,0,0,16.2549,0,1]},
{"frame":78,"values":[0.9969,0.0075,-0.0788,0,-0.0084,0.9999,-0.0111,0,0.0787,0.0118,0.9968,0,0,16.2549,0,1]},
{"frame":79,"values":[0.9966,0.0048,-0.0826,0,-0.0061,0.9999,-0.0158,0,0.0825,0.0162,0.9965,0,0,16.2549,0,1]},
{"frame":80,"values":[0.9963,0.0003,-0.0859,0,-0.0021,0.9998,-0.021,0,0.0859,0.0211,0.9961,0,0,16.2549,0,1]},
{"frame":81,"values":[0.9961,-0.0068,-0.0878,0,0.0045,0.9997,-0.0257,0,0.0879,0.0252,0.9958,0,0,16.2549,0,1]},
{"frame":82,"values":[0.996,-0.0163,-0.0875,0,0.0138,0.9995,-0.0294,0,0.088,0.028,0.9957,0,0,16.2549,0,1]},
{"frame":83,"values":[0.996,-0.0267,-0.0854,0,0.024,0.9992,-0.0321,0,0.0862,0.0299,0.9958,0,0,16.2549,0,1]},
{"frame":84,"values":[0.996,-0.0365,-0.0818,0,0.0338,0.9989,-0.0338,0,0.0829,0.0309,0.9961,0,0,16.2549,0,1]},
{"frame":85,"values":[0.996,-0.0447,-0.0768,0,0.0422,0.9985,-0.0341,0,0.0782,0.0307,0.9965,0,0,16.2549,0,1]},
{"frame":86,"values":[0.9963,-0.0505,-0.0702,0,0.0483,0.9983,-0.0329,0,0.0717,0.0294,0.997,0,0,16.2549,0,1]},
{"frame":87,"values":[0.9966,-0.0531,-0.0624,0,0.0513,0.9982,-0.0305,0,0.0639,0.0272,0.9976,0,0,16.2549,0,1]},
{"frame":88,"values":[0.9971,-0.0536,-0.0547,0,0.0522,0.9983,-0.0267,0,0.056,0.0238,0.9981,0,0,16.2549,0,1]},
{"frame":89,"values":[0.9975,-0.0523,-0.0466,0,0.0513,0.9984,-0.0224,0,0.0477,0.0199,0.9987,0,0,16.2549,0,1]},
{"frame":90,"values":[0.9981,-0.0483,-0.0373,0,0.0476,0.9987,-0.0185,0,0.0381,0.0167,0.9991,0,0,16.2549,0,1]},
{"frame":91,"values":[0.9988,-0.0417,-0.0267,0,0.0413,0.999,-0.0159,0,0.0273,0.0148,0.9995,0,0,16.2549,0,1]},
{"frame":92,"values":[0.9993,-0.0336,-0.0158,0,0.0334,0.9993,-0.0145,0,0.0163,0.0139,0.9998,0,0,16.2549,0,1]},
{"frame":93,"values":[0.9997,-0.0254,-0.0055,0,0.0253,0.9996,-0.0141,0,0.0059,0.014,0.9999,0,0,16.2549,0,1]},
{"frame":94,"values":[0.9998,-0.0183,0.0036,0,0.0183,0.9997,-0.0148,0,-0.0033,0.0148,0.9999,0,0,16.2549,0,1]},
{"frame":95,"values":[0.9998,-0.0132,0.0113,0,0.0134,0.9998,-0.0164,0,-0.0111,0.0165,0.9998,0,0,16.2549,0,1]},
{"frame":96,"values":[0.9998,-0.0108,0.018,0,0.0111,0.9998,-0.0189,0,-0.0178,0.0191,0.9997,0,0,16.2549,0,1]},
{"frame":97,"values":[0.9997,-0.0106,0.0237,0,0.0111,0.9997,-0.0218,0,-0.0235,0.0221,0.9995,0,0,16.2549,0,1]},
{"frame":98,"values":[0.9995,-0.0116,0.0279,0,0.0123,0.9996,-0.0253,0,-0.0276,0.0257,0.9993,0,0,16.2549,0,1]},
{"frame":99,"values":[0.9994,-0.013,0.0313,0,0.0139,0.9995,-0.0296,0,-0.0309,0.03,0.9991,0,0,16.2549,0,1]},
{"frame":100,"values":[0.9993,-0.0139,0.0349,0,0.015,0.9993,-0.0337,0,-0.0344,0.0342,0.9988,0,0,16.2549,0,1]},
{"frame":101,"values":[0.9992,-0.0127,0.038,0,0.0141,0.9992,-0.0373,0,-0.0375,0.0378,0.9986,0,0,16.2549,0,1]},
{"frame":102,"values":[0.9992,-0.0087,0.0402,0,0.0104,0.9991,-0.0405,0,-0.0398,0.0409,0.9984,0,0,16.2549,0,1]},
{"frame":103,"values":[0.9991,-0.0016,0.0419,0,0.0034,0.9991,-0.0433,0,-0.0417,0.0434,0.9982,0,0,16.2549,0,1]},
{"frame":104,"values":[0.999,0.0075,0.0431,0,-0.0055,0.999,-0.0447,0,-0.0434,0.0444,0.9981,0,0,16.2549,0,1]},
{"frame":105,"values":[0.9989,0.0168,0.0445,0,-0.0148,0.9989,-0.0446,0,-0.0452,0.0439,0.998,0,0,16.2549,0,1]},
{"frame":106,"values":[0.9986,0.0254,0.0454,0,-0.0234,0.9988,-0.0429,0,-0.0464,0.0418,0.998,0,0,16.2549,0,1]},
{"frame":107,"values":[0.9985,0.0322,0.0442,0,-0.0304,0.9987,-0.0397,0,-0.0454,0.0383,0.9982,0,0,16.2549,0,1]},
{"frame":108,"values":[0.9986,0.0355,0.0403,0,-0.0341,0.9988,-0.0348,0,-0.0415,0.0334,0.9986,0,0,16.2549,0,1]},
{"frame":109,"values":[0.9988,0.0356,0.0338,0,-0.0347,0.999,-0.0292,0,-0.0348,0.028,0.999,0,0,16.2549,0,1]},
{"frame":110,"values":[0.9991,0.035,0.0249,0,-0.0344,0.9991,-0.0233,0,-0.0257,0.0224,0.9994,0,0,16.2549,0,1]},
{"frame":111,"values":[0.9993,0.0335,0.0136,0,-0.0332,0.9993,-0.0175,0,-0.0142,0.017,0.9998,0,0,16.2549,0,1]},
{"frame":112,"values":[0.9996,0.0292,-0.0017,0,-0.0292,0.9995,-0.0124,0,0.0013,0.0124,0.9999,0,0,16.2549,0,1]},
{"frame":113,"values":[0.9996,0.0222,-0.0198,0,-0.0224,0.9997,-0.0084,0,0.0197,0.0088,0.9998,0,0,16.2549,0,1]},
{"frame":114,"values":[0.9994,0.0183,-0.0288,0,-0.0185,0.9998,-0.0067,0,0.0287,0.0073,0.9996,0,0,16.2549,0,1]}],"loopBehavior":1,"name":"anim","property":"_matrix"}},
{"name":"Zed_Spine2","index":3,"matrix":[0.9992,0.0175,-0.0371,0,-0.0223,0.991,-0.1323,0,0.0344,0.133,0.9905,0,0,13.7007,0,1],"rest":[1,0,0,0,0,0.9781,-0.208,0,0,0.208,0.9781,0,0,13.7007,0,1],"parentBoneIndex":2,"length":14.5445
,"animation":{"dataType":3,"framePerSecond":30,"keys":[
{"frame":0,"values":[1,0.003,0.0015,0,-0.0028,0.9925,-0.1222,0,-0.0018,0.1222,0.9925,0,0,13.7007,0,1]},
{"frame":1,"values":[0.9989,0.0061,-0.0471,0,-0.0115,0.9933,-0.1149,0,0.0461,0.1153,0.9923,0,0,13.7007,0,1]},
{"frame":2,"values":[0.9972,0.0047,-0.0748,0,-0.0142,0.9918,-0.1271,0,0.0736,0.1278,0.9891,0,0,13.7007,0,1]},
{"frame":3,"values":[0.9962,-0.0009,-0.0876,0,-0.0113,0.9902,-0.139,0,0.0868,0.1395,0.9864,0,0,13.7007,0,1]},
{"frame":4,"values":[0.9949,-0.0058,-0.1004,0,-0.0096,0.9882,-0.1528,0,0.1001,0.153,0.9831,0,0,13.7007,0,1]},
{"frame":5,"values":[0.9944,-0.0002,-0.1058,0,-0.0171,0.9864,-0.1632,0,0.1044,0.1641,0.9809,0,0,13.7007,0,1]},
{"frame":6,"values":[0.9953,0.0003,-0.0968,0,-0.0155,0.9875,-0.1569,0,0.0955,0.1577,0.9829,0,0,13.7007,0,1]},
{"frame":7,"values":[0.9971,-0.0076,-0.0759,0,-0.0041,0.9882,-0.1532,0,0.0761,0.1531,0.9853,0,0,13.7007,0,1]},
{"frame":8,"values":[0.9984,-0.0179,-0.0531,0,0.0095,0.988,-0.1542,0,0.0552,0.1534,0.9866,0,0,13.7007,0,1]},
{"frame":9,"values":[0.9994,-0.0275,-0.0213,0,0.0239,0.9881,-0.1522,0,0.0252,0.1516,0.9881,0,0,13.7007,0,1]},
