{"producer":{"name":"Blender","version":"2.76 (sub 0)","exporter_version":"5.3-beta","file":"zed_idle2.babylon"},
"autoClear":true,"clearColor":[0.0509,0.0509,0.0509],"ambientColor":[0,0,0],"gravity":[0,-9.81,0],
"materials":[{"name":"zed_idle2.Casual_Male_Lod_1","id":"zed_idle2.Casual_Male_Lod_1","ambient":[0.8,0.8,0.8],"diffuse":[0.64,0.64,0.64],"specular":[0.05,0.05,0.05],"emissive":[0,0,0],"specularPower":2,"alpha":1,"backFaceCulling":true,"checkReadyOnlyOnce":false,"maxSimultaneousLights":4, 
"diffuseTexture":{"name":"Zed_new.jpg","level":1,"hasAlpha":1,"coordinatesMode":0,"uOffset":0,"vOffset":0,"uScale":1,"vScale":1,"uAng":0,"vAng":0,"wAng":0,"wrapU":1,"wrapV":1,"coordinatesIndex":0}}],
"multiMaterials":[],
"skeletons":[{"name":"Armature","id":0,"dimensionsAtRest":[197.6192,177.5619,29.0647],"bones":[
{"name":"Zed_Hips","index":0,"matrix":[0.9908,-0.0777,-0.1109,0,0.0646,0.991,-0.117,0,-0.119,-0.1088,-0.9869,0,-1.4332,93.3702,-0.129,1],"rest":[1,0,0,0,0,0.9857,-0.1685,0,0,-0.1685,-0.9857,0,0,96.3794,-3.9855,1],"parentBoneIndex":-1,"length":9.3601
,"animation":{"dataType":3,"framePerSecond":30,"keys":[
{"frame":0,"values":[0.9907,-0.0778,-0.1114,0,0.0647,0.9911,-0.1167,0,-0.1195,-0.1084,-0.9869,0,-1.4346,93.3665,-0.1105,1]},
{"frame":1,"values":[0.9908,-0.0777,-0.1109,0,0.0646,0.991,-0.117,0,-0.119,-0.1088,-0.9869,0,-1.4332,93.3702,-0.129,1]},
{"frame":2,"values":[0.9909,-0.0776,-0.1104,0,0.0645,0.991,-0.1173,0,-0.1185,-0.1091,-0.9869,0,-1.4315,93.3744,-0.15,1]},
{"frame":3,"values":[0.9909,-0.0773,-0.11,0,0.0643,0.991,-0.1175,0,-0.1181,-0.1094,-0.987,0,-1.4292,93.3795,-0.1737,1]},
{"frame":4,"values":[0.991,-0.077,-0.1097,0,0.064,0.991,-0.1176,0,-0.1178,-0.1096,-0.987,0,-1.4259,93.3854,-0.2004,1]},
{"frame":5,"values":[0.991,-0.0766,-0.1096,0,0.0635,0.991,-0.1177,0,-0.1176,-0.1097,-0.987,0,-1.4216,93.392,-0.2297,1]},
{"frame":6,"values":[0.9911,-0.0761,-0.1096,0,0.063,0.9911,-0.1176,0,-0.1176,-0.1097,-0.987,0,-1.4166,93.3991,-0.2605,1]},
{"frame":7,"values":[0.9911,-0.0755,-0.1098,0,0.0625,0.9911,-0.1175,0,-0.1176,-0.1096,-0.987,0,-1.4107,93.4069,-0.2936,1]},
{"frame":8,"values":[0.9911,-0.0747,-0.1102,0,0.0617,0.9912,-0.1172,0,-0.118,-0.1093,-0.987,0,-1.4027,93.4165,-0.3334,1]},
{"frame":9,"values":[0.9911,-0.0735,-0.1113,0,0.0605,0.9914,-0.1164,0,-0.1189,-0.1086,-0.9869,0,-1.3897,93.4287,-0.384,1]},
{"frame":10,"values":[0.991,-0.0718,-0.113,0,0.0587,0.9916,-0.1152,0,-0.1203,-0.1075,-0.9869,0,-1.3701,93.443,-0.4417,1]},
{"frame":11,"values":[0.9909,-0.0699,-0.1152,0,0.0567,0.9919,-0.1136,0,-0.1222,-0.106,-0.9868,0,-1.3453,93.4575,-0.4969,1]},
{"frame":12,"values":[0.9908,-0.0679,-0.1174,0,0.0548,0.9922,-0.112,0,-0.1241,-0.1045,-0.9867,0,-1.3185,93.4694,-0.5441,1]},
{"frame":13,"values":[0.9906,-0.0662,-0.1194,0,0.053,0.9925,-0.1104,0,-0.1258,-0.1031,-0.9867,0,-1.2926,93.4776,-0.5848,1]},
{"frame":14,"values":[0.9906,-0.0646,-0.1207,0,0.0515,0.9927,-0.1091,0,-0.1269,-0.1018,-0.9867,0,-1.2692,93.4828,-0.6223,1]},
{"frame":15,"values":[0.9906,-0.0631,-0.1215,0,0.05,0.9929,-0.1079,0,-0.1274,-0.1008,-0.9867,0,-1.2483,93.4883,-0.6589,1]},
{"frame":16,"values":[0.9906,-0.0613,-0.1219,0,0.0483,0.9931,-0.1069,0,-0.1276,-0.1,-0.9868,0,-1.2283,93.4974,-0.6969,1]},
{"frame":17,"values":[0.9907,-0.0593,-0.1223,0,0.0463,0.9933,-0.1062,0,-0.1278,-0.0995,-0.9868,0,-1.2082,93.5103,-0.7392,1]},
{"frame":18,"values":[0.9908,-0.0571,-0.1227,0,0.0442,0.9934,-0.1056,0,-0.1279,-0.0992,-0.9868,0,-1.189,93.524,-0.787,1]},
{"frame":19,"values":[0.9909,-0.055,-0.1227,0,0.0421,0.9936,-0.1051,0,-0.1277,-0.099,-0.9869,0,-1.174,93.5357,-0.8376,1]},
{"frame":20,"values":[0.9911,-0.0529,-0.1223,0,0.0401,0.9937,-0.1046,0,-0.1271,-0.0988,-0.987,0,-1.1664,93.546,-0.8878,1]},
{"frame":21,"values":[0.9913,-0.0509,-0.1217,0,0.0383,0.9938,-0.1042,0,-0.1263,-0.0987,-0.9871,0,-1.1667,93.5577,-0.9381,1]},
{"frame":22,"values":[0.9914,-0.049,-0.1213,0,0.0364,0.9939,-0.1039,0,-0.1256,-0.0985,-0.9872,0,-1.1731,93.5726,-0.9929,1]},
{"frame":23,"values":[0.9915,-0.0471,-0.1214,0,0.0346,0.994,-0.1033,0,-0.1255,-0.0982,-0.9872,0,-1.1826,93.5905,-1.0561,1]},
{"frame":24,"values":[0.9915,-0.0452,-0.1221,0,0.0327,0.9942,-0.1026,0,-0.1261,-0.0977,-0.9872,0,-1.1939,93.6111,-1.1277,1]},
{"frame":25,"values":[0.9914,-0.0433,-0.1234,0,0.0307,0.9943,-0.1019,0,-0.1271,-0.0973,-0.9871,0,-1.2072,93.6334,-1.2055,1]},
{"frame":26,"values":[0.9913,-0.0413,-0.1248,0,0.0286,0.9944,-0.1016,0,-0.1283,-0.0972,-0.987,0,-1.2242,93.656,-1.2863,1]},
{"frame":27,"values":[0.9912,-0.0394,-0.1262,0,0.0266,0.9945,-0.1018,0,-0.1295,-0.0975,-0.9868,0,-1.2467,93.6763,-1.3671,1]},
{"frame":28,"values":[0.9911,-0.0377,-0.1273,0,0.0247,0.9945,-0.1022,0,-0.1305,-0.0982,-0.9866,0,-1.276,93.6912,-1.4442,1]},
{"frame":29,"values":[0.9911,-0.0366,-0.1281,0,0.0234,0.9944,-0.1027,0,-0.1311,-0.0988,-0.9864,0,-1.3129,93.6994,-1.5148,1]},
{"frame":30,"values":[0.9911,-0.0359,-0.1285,0,0.0227,0.9944,-0.1029,0,-0.1315,-0.099,-0.9864,0,-1.3574,93.7021,-1.5776,1]},
{"frame":31,"values":[0.991,-0.0358,-0.129,0,0.0225,0.9945,-0.1027,0,-0.1319,-0.0988,-0.9863,0,-1.407,93.7024,-1.6329,1]},
{"frame":32,"values":[0.9909,-0.0358,-0.1298,0,0.0225,0.9945,-0.1022,0,-0.1327,-0.0983,-0.9863,0,-1.4564,93.7032,-1.6817,1]},
{"frame":33,"values":[0.9907,-0.0355,-0.1311,0,0.0222,0.9946,-0.1016,0,-0.134,-0.0978,-0.9862,0,-1.5009,93.7064,-1.7272,1]},
{"frame":34,"values":[0.9905,-0.035,-0.1328,0,0.0216,0.9946,-0.1011,0,-0.1356,-0.0973,-0.986,0,-1.5388,93.7127,-1.7738,1]},
{"frame":35,"values":[0.9903,-0.0342,-0.1349,0,0.0206,0.9947,-0.1008,0,-0.1376,-0.097,-0.9857,0,-1.5717,93.7222,-1.8249,1]},
{"frame":36,"values":[0.99,-0.0333,-0.1372,0,0.0195,0.9948,-0.1004,0,-0.1398,-0.0968,-0.9854,0,-1.6007,93.7333,-1.8796,1]},
{"frame":37,"values":[0.9897,-0.0325,-0.1396,0,0.0186,0.9948,-0.1,0,-0.1421,-0.0964,-0.9852,0,-1.6261,93.7442,-1.9336,1]},
{"frame":38,"values":[0.9894,-0.0318,-0.1417,0,0.0177,0.9949,-0.0993,0,-0.1441,-0.0957,-0.9849,0,-1.6481,93.7538,-1.9808,1]},
{"frame":39,"values":[0.9891,-0.0312,-0.1436,0,0.0171,0.995,-0.0984,0,-0.1459,-0.0948,-0.9847,0,-1.6674,93.7624,-2.0167,1]},
{"frame":40,"values":[0.9889,-0.0309,-0.1453,0,0.0168,0.9951,-0.0974,0,-0.1476,-0.0939,-0.9846,0,-1.6842,93.7708,-2.0391,1]},
{"frame":41,"values":[0.9887,-0.031,-0.147,0,0.0168,0.9952,-0.0967,0,-0.1493,-0.0931,-0.9844,0,-1.697,93.7769,-2.0487,1]},
{"frame":42,"values":[0.9884,-0.0315,-0.1485,0,0.0173,0.9952,-0.0962,0,-0.1509,-0.0925,-0.9842,0,-1.7037,93.7774,-2.0463,1]},
{"frame":43,"values":[0.9882,-0.0327,-0.1497,0,0.0184,0.9952,-0.096,0,-0.1521,-0.0921,-0.9841,0,-1.7038,93.7719,-2.0303,1]},
{"frame":44,"values":[0.988,-0.0346,-0.1504,0,0.0202,0.9952,-0.096,0,-0.153,-0.0918,-0.984,0,-1.6995,93.7641,-1.9962,1]},
{"frame":45,"values":[0.9878,-0.037,-0.1511,0,0.0226,0.9951,-0.0964,0,-0.1539,-0.0918,-0.9838,0,-1.6925,93.7566,-1.9409,1]},
{"frame":46,"values":[0.9875,-0.0399,-0.1522,0,0.0252,0.9949,-0.0974,0,-0.1553,-0.0923,-0.9835,0,-1.6808,93.7466,-1.8663,1]},
{"frame":47,"values":[0.9872,-0.0432,-0.1535,0,0.0281,0.9947,-0.0987,0,-0.1569,-0.0932,-0.9832,0,-1.6604,93.7272,-1.7769,1]},
{"frame":48,"values":[0.987,-0.0465,-0.1539,0,0.0312,0.9945,-0.1004,0,-0.1577,-0.0943,-0.983,0,-1.6315,93.6963,-1.677,1]},
{"frame":49,"values":[0.987,-0.0496,-0.1526,0,0.0341,0.9942,-0.1022,0,-0.1568,-0.0957,-0.983,0,-1.6001,93.6635,-1.5703,1]},
{"frame":50,"values":[0.9873,-0.052,-0.15,0,0.0366,0.9939,-0.1041,0,-0.1545,-0.0973,-0.9832,0,-1.5705,93.6412,-1.4624,1]},
{"frame":51,"values":[0.9876,-0.0537,-0.1475,0,0.0382,0.9936,-0.1059,0,-0.1523,-0.0989,-0.9834,0,-1.5387,93.6351,-1.3607,1]},
{"frame":52,"values":[0.9877,-0.0549,-0.1464,0,0.0393,0.9934,-0.1074,0,-0.1513,-0.1003,-0.9834,0,-1.4967,93.6416,-1.2725,1]},
{"frame":53,"values":[0.9876,-0.0558,-0.1465,0,0.0401,0.9933,-0.1086,0,-0.1516,-0.1014,-0.9832,0,-1.4416,93.6523,-1.2036,1]},
{"frame":54,"values":[0.9875,-0.0568,-0.1467,0,0.0408,0.9931,-0.1097,0,-0.1519,-0.1023,-0.9831,0,-1.3793,93.6603,-1.1546,1]},
{"frame":55,"values":[0.9876,-0.0577,-0.1459,0,0.0417,0.993,-0.1104,0,-0.1513,-0.103,-0.9831,0,-1.3183,93.6624,-1.1172,1]},
{"frame":56,"values":[0.9879,-0.0587,-0.1438,0,0.0429,0.9929,-0.1107,0,-0.1493,-0.1032,-0.9834,0,-1.265,93.6588,-1.0783,1]},
{"frame":57,"values":[0.9882,-0.0598,-0.1409,0,0.0443,0.9929,-0.1105,0,-0.1465,-0.103,-0.9838,0,-1.2215,93.6509,-1.0286,1]},
{"frame":58,"values":[0.9886,-0.061,-0.1378,0,0.0459,0.9929,-0.1101,0,-0.1435,-0.1025,-0.9843,0,-1.1867,93.6402,-0.9689,1]},
{"frame":59,"values":[0.9889,-0.0624,-0.1352,0,0.0477,0.9928,-0.1096,0,-0.141,-0.1019,-0.9847,0,-1.1565,93.6282,-0.9058,1]},
{"frame":60,"values":[0.989,-0.0636,-0.1335,0,0.0491,0.9928,-0.109,0,-0.1395,-0.1012,-0.985,0,-1.1263,93.6165,-0.8447,1]},
{"frame":61,"values":[0.989,-0.0644,-0.1331,0,0.0501,0.9928,-0.1084,0,-0.1392,-0.1005,-0.9852,0,-1.095,93.6071,-0.7868,1]},
{"frame":62,"values":[0.9889,-0.065,-0.1338,0,0.0506,0.9928,-0.1081,0,-0.1398,-0.1002,-0.9851,0,-1.0648,93.6017,-0.7324,1]},
{"frame":63,"values":[0.9887,-0.0655,-0.135,0,0.051,0.9928,-0.1083,0,-0.1411,-0.1002,-0.9849,0,-1.0374,93.5993,-0.6828,1]},
{"frame":64,"values":[0.9885,-0.0661,-0.1361,0,0.0514,0.9927,-0.1087,0,-0.1423,-0.1005,-0.9847,0,-1.0114,93.5984,-0.6384,1]},
{"frame":65,"values":[0.9883,-0.0669,-0.1368,0,0.0521,0.9927,-0.1091,0,-0.1431,-0.1007,-0.9846,0,-0.9848,93.5978,-0.5961,1]},
{"frame":66,"values":[0.9882,-0.0676,-0.1371,0,0.0527,0.9926,-0.1092,0,-0.1435,-0.1007,-0.9845,0,-0.9571,93.5964,-0.5501,1]},
{"frame":67,"values":[0.9882,-0.0681,-0.1373,0,0.0532,0.9926,-0.109,0,-0.1437,-0.1004,-0.9845,0,-0.9302,93.5931,-0.4969,1]},
{"frame":68,"values":[0.9881,-0.0686,-0.1374,0,0.0538,0.9926,-0.1087,0,-0.1438,-0.1,-0.9845,0,-0.906,93.5875,-0.4383,1]},
{"frame":69,"values":[0.9881,-0.0692,-0.1373,0,0.0544,0.9926,-0.1086,0,-0.1438,-0.0998,-0.9846,0,-0.8838,93.5812,-0.38,1]},
{"frame":70,"values":[0.9881,-0.0699,-0.1373,0,0.0551,0.9926,-0.1086,0,-0.1439,-0.0997,-0.9846,0,-0.861,93.5772,-0.3274,1]},
{"frame":71,"values":[0.988,-0.0704,-0.1374,0,0.0556,0.9925,-0.1085,0,-0.144,-0.0995,-0.9846,0,-0.835,93.5776,-0.2844,1]},
{"frame":72,"values":[0.9879,-0.0705,-0.1378,0,0.0557,0.9926,-0.1081,0,-0.1444,-0.0991,-0.9845,0,-0.8061,93.5818,-0.2523,1]},
{"frame":73,"values":[0.9879,-0.0703,-0.1384,0,0.0556,0.9926,-0.1077,0,-0.1449,-0.0987,-0.9845,0,-0.7772,93.5877,-0.23,1]},
{"frame":74,"values":[0.9878,-0.0701,-0.1388,0,0.0554,0.9927,-0.1075,0,-0.1453,-0.0985,-0.9845,0,-0.7517,93.5931,-0.2159,1]},
{"frame":75,"values":[0.9878,-0.0702,-0.1387,0,0.0554,0.9927,-0.1075,0,-0.1452,-0.0985,-0.9845,0,-0.7307,93.5968,-0.2087,1]},
{"frame":76,"values":[0.9879,-0.0704,-0.1381,0,0.0557,0.9926,-0.1075,0,-0.1447,-0.0985,-0.9846,0,-0.7133,93.5984,-0.2074,1]},
{"frame":77,"values":[0.988,-0.0706,-0.1375,0,0.056,0.9927,-0.1071,0,-0.144,-0.0981,-0.9847,0,-0.6975,93.5976,-0.2085,1]},
{"frame":78,"values":[0.988,-0.0707,-0.1371,0,0.0563,0.9927,-0.1063,0,-0.1436,-0.0973,-0.9848,0,-0.683,93.5946,-0.2066,1]},
{"frame":79,"values":[0.988,-0.0708,-0.1371,0,0.0566,0.9928,-0.1053,0,-0.1436,-0.0962,-0.9849,0,-0.6712,93.5903,-0.1976,1]},
{"frame":80,"values":[0.988,-0.071,-0.1375,0,0.0568,0.9929,-0.1043,0,-0.1439,-0.0953,-0.985,0,-0.6637,93.586,-0.1815,1]},
{"frame":81,"values":[0.9879,-0.0712,-0.1377,0,0.0571,0.9929,-0.1039,0,-0.1442,-0.0948,-0.985,0,-0.6605,93.5818,-0.1619,1]},
{"frame":82,"values":[0.9879,-0.0714,-0.1378,0,0.0573,0.9929,-0.1041,0,-0.1442,-0.0949,-0.985,0,-0.6607,93.5779,-0.1426,1]},
{"frame":83,"values":[0.9879,-0.0716,-0.1377,0,0.0574,0.9929,-0.1047,0,-0.1442,-0.0955,-0.9849,0,-0.6634,93.5745,-0.1262,1]},
{"frame":84,"values":[0.9879,-0.0716,-0.1378,0,0.0572,0.9928,-0.1053,0,-0.1444,-0.0961,-0.9848,0,-0.6679,93.5727,-0.1136,1]},
{"frame":85,"values":[0.9878,-0.0714,-0.1383,0,0.057,0.9928,-0.1058,0,-0.1448,-0.0966,-0.9847,0,-0.673,93.5735,-0.1041,1]},
{"frame":86,"values":[0.9878,-0.0714,-0.1385,0,0.0569,0.9927,-0.106,0,-0.1451,-0.0968,-0.9847,0,-0.678,93.5756,-0.0949,1]},
{"frame":87,"values":[0.9878,-0.0716,-0.1383,0,0.0571,0.9927,-0.1063,0,-0.1449,-0.0971,-0.9847,0,-0.6823,93.5761,-0.0835,1]},
{"frame":88,"values":[0.9879,-0.0721,-0.1376,0,0.0576,0.9926,-0.1067,0,-0.1443,-0.0975,-0.9847,0,-0.686,93.572,-0.0693,1]},
{"frame":89,"values":[0.9879,-0.0726,-0.1368,0,0.0581,0.9925,-0.1072,0,-0.1436,-0.0979,-0.9848,0,-0.6898,93.5636,-0.055,1]},
{"frame":90,"values":[0.988,-0.073,-0.1362,0,0.0585,0.9925,-0.1075,0,-0.1431,-0.0983,-0.9848,0,-0.6938,93.5533,-0.0438,1]},
{"frame":91,"values":[0.988,-0.0731,-0.136,0,0.0586,0.9925,-0.1077,0,-0.1428,-0.0984,-0.9848,0,-0.6983,93.5446,-0.0369,1]},
{"frame":92,"values":[0.988,-0.073,-0.136,0,0.0585,0.9925,-0.1077,0,-0.1428,-0.0984,-0.9848,0,-0.7033,93.5392,-0.0332,1]},
{"frame":93,"values":[0.988,-0.0729,-0.1361,0,0.0583,0.9925,-0.1077,0,-0.143,-0.0984,-0.9848,0,-0.7087,93.537,-0.0319,1]},
{"frame":94,"values":[0.988,-0.0726,-0.1364,0,0.058,0.9925,-0.1078,0,-0.1432,-0.0986,-0.9848,0,-0.7139,93.5377,-0.0342,1]},
{"frame":95,"values":[0.988,-0.072,-0.1366,0,0.0573,0.9925,-0.1083,0,-0.1434,-0.0991,-0.9847,0,-0.7188,93.5417,-0.0425,1]},
{"frame":96,"values":[0.988,-0.0712,-0.1369,0,0.0564,0.9924,-0.1091,0,-0.1436,-0.1001,-0.9846,0,-0.7238,93.5492,-0.0569,1]},
{"frame":97,"values":[0.988,-0.0702,-0.1373,0,0.0552,0.9924,-0.1103,0,-0.144,-0.1014,-0.9844,0,-0.7295,93.5589,-0.0744,1]},
{"frame":98,"values":[0.988,-0.0695,-0.1379,0,0.0543,0.9923,-0.1114,0,-0.1446,-0.1026,-0.9842,0,-0.7356,93.5685,-0.0921,1]},
{"frame":99,"values":[0.988,-0.069,-0.1384,0,0.0536,0.9923,-0.112,0,-0.145,-0.1032,-0.984,0,-0.7414,93.5758,-0.1093,1]},
{"frame":100,"values":[0.988,-0.0686,-0.1384,0,0.0532,0.9923,-0.1118,0,-0.145,-0.1031,-0.984,0,-0.7469,93.5793,-0.1269,1]},
{"frame":101,"values":[0.9881,-0.0681,-0.1379,0,0.0529,0.9924,-0.1113,0,-0.1444,-0.1026,-0.9842,0,-0.7532,93.5787,-0.1438,1]},
{"frame":102,"values":[0.9883,-0.0676,-0.1369,0,0.0526,0.9925,-0.1107,0,-0.1433,-0.1022,-0.9844,0,-0.7611,93.5747,-0.1582,1]},
{"frame":103,"values":[0.9884,-0.0672,-0.136,0,0.0523,0.9925,-0.1103,0,-0.1424,-0.102,-0.9846,0,-0.7697,93.5696,-0.1716,1]},
{"frame":104,"values":[0.9885,-0.0666,-0.1356,0,0.0518,0.9926,-0.1102,0,-0.1419,-0.1019,-0.9846,0,-0.7754,93.5668,-0.1879,1]},
{"frame":105,"values":[0.9885,-0.0658,-0.1359,0,0.051,0.9926,-0.11,0,-0.1421,-0.1018,-0.9846,0,-0.775,93.5678,-0.2092,1]},
{"frame":106,"values":[0.9885,-0.0647,-0.1366,0,0.0498,0.9927,-0.1098,0,-0.1427,-0.1017,-0.9845,0,-0.7687,93.572,-0.2329,1]},
{"frame":107,"values":[0.9885,-0.0633,-0.1373,0,0.0484,0.9928,-0.1094,0,-0.1433,-0.1015,-0.9845,0,-0.7612,93.577,-0.2546,1]},
{"frame":108,"values":[0.9885,-0.062,-0.1379,0,0.0471,0.9929,-0.109,0,-0.1437,-0.1012,-0.9844,0,-0.7582,93.5811,-0.274,1]},
{"frame":109,"values":[0.9885,-0.0609,-0.1383,0,0.046,0.993,-0.1086,0,-0.1439,-0.101,-0.9844,0,-0.762,93.5838,-0.2952,1]},
{"frame":110,"values":[0.9885,-0.0599,-0.1387,0,0.045,0.9931,-0.1082,0,-0.1442,-0.1007,-0.9844,0,-0.7716,93.5867,-0.3221,1]},
{"frame":111,"values":[0.9885,-0.0589,-0.1391,0,0.044,0.9932,-0.1078,0,-0.1445,-0.1004,-0.9844,0,-0.7862,93.5904,-0.3551,1]},
{"frame":112,"values":[0.9885,-0.0579,-0.1396,0,0.043,0.9933,-0.1075,0,-0.1449,-0.1003,-0.9843,0,-0.8065,93.5947,-0.3921,1]},
{"frame":113,"values":[0.9885,-0.0569,-0.1403,0,0.0419,0.9933,-0.1073,0,-0.1455,-0.1001,-0.9843,0,-0.8321,93.5991,-0.4301,1]},
{"frame":114,"values":[0.9884,-0.0559,-0.1411,0,0.0409,0.9934,-0.1069,0,-0.1462,-0.0999,-0.9842,0,-0.8603,93.6025,-0.4662,1]},
{"frame":115,"values":[0.9884,-0.0548,-0.1418,0,0.0398,0.9935,-0.1062,0,-0.1467,-0.0994,-0.9842,0,-0.8888,93.6047,-0.4982,1]},
{"frame":116,"values":[0.9884,-0.0537,-0.1421,0,0.0388,0.9937,-0.1055,0,-0.1469,-0.0988,-0.9842,0,-0.9179,93.6066,-0.5255,1]},
{"frame":117,"values":[0.9885,-0.0527,-0.1418,0,0.0379,0.9938,-0.1049,0,-0.1465,-0.0984,-0.9843,0,-0.9497,93.6085,-0.5504,1]},
{"frame":118,"values":[0.9886,-0.0517,-0.1412,0,0.0371,0.9938,-0.1048,0,-0.1457,-0.0984,-0.9844,0,-0.9838,93.6115,-0.5758,1]},
{"frame":119,"values":[0.9888,-0.0509,-0.1406,0,0.0362,0.9938,-0.1049,0,-0.145,-0.0986,-0.9845,0,-1.0171,93.6149,-0.6023,1]},
{"frame":120,"values":[0.9889,-0.0499,-0.1403,0,0.0352,0.9938,-0.105,0,-0.1446,-0.0989,-0.9845,0,-1.0448,93.6179,-0.6278,1]},
{"frame":121,"values":[0.9889,-0.0486,-0.1405,0,0.034,0.9939,-0.105,0,-0.1447,-0.0991,-0.9845,0,-1.0653,93.6204,-0.65,1]},
{"frame":122,"values":[0.9889,-0.0473,-0.1411,0,0.0326,0.9939,-0.1049,0,-0.1452,-0.0991,-0.9844,0,-1.0813,93.6226,-0.6697,1]},
{"frame":123,"values":[0.9888,-0.0462,-0.1421,0,0.0314,0.994,-0.1048,0,-0.1461,-0.0991,-0.9843,0,-1.0976,93.625,-0.6898,1]},
{"frame":124,"values":[0.9886,-0.0455,-0.1434,0,0.0305,0.994,-0.1048,0,-0.1474,-0.0992,-0.9841,0,-1.1164,93.6279,-0.7135,1]},
{"frame":125,"values":[0.9884,-0.045,-0.145,0,0.0299,0.994,-0.1049,0,-0.1489,-0.0994,-0.9838,0,-1.136,93.6323,-0.7416,1]},
{"frame":126,"values":[0.9881,-0.0446,-0.1469,0,0.0292,0.994,-0.1052,0,-0.1507,-0.0997,-0.9835,0,-1.1535,93.6384,-0.7729,1]},
{"frame":127,"values":[0.9879,-0.0441,-0.1488,0,0.0284,0.994,-0.1055,0,-0.1526,-0.1,-0.9832,0,-1.1674,93.6456,-0.8054,1]},
{"frame":128,"values":[0.9876,-0.0434,-0.1506,0,0.0276,0.994,-0.1057,0,-0.1542,-0.1002,-0.9829,0,-1.1784,93.6522,-0.8376,1]},
{"frame":129,"values":[0.9875,-0.0428,-0.1518,0,0.0268,0.994,-0.1059,0,-0.1554,-0.1005,-0.9827,0,-1.1881,93.6571,-0.8682,1]},
{"frame":130,"values":[0.9874,-0.0424,-0.1525,0,0.0264,0.994,-0.106,0,-0.1561,-0.1006,-0.9826,0,-1.1987,93.6605,-0.8952,1]},
{"frame":131,"values":[0.9874,-0.0426,-0.1525,0,0.0265,0.994,-0.1061,0,-0.1561,-0.1007,-0.9826,0,-1.2115,93.662,-0.9159,1]},
{"frame":132,"values":[0.9874,-0.0435,-0.1521,0,0.0274,0.994,-0.106,0,-0.1558,-0.1005,-0.9827,0,-1.2267,93.6601,-0.9262,1]},
{"frame":133,"values":[0.9874,-0.045,-0.1515,0,0.0291,0.994,-0.1059,0,-0.1553,-0.1002,-0.9828,0,-1.244,93.6534,-0.9227,1]},
{"frame":134,"values":[0.9875,-0.0469,-0.1505,0,0.0311,0.9939,-0.1058,0,-0.1546,-0.0998,-0.9829,0,-1.2638,93.6423,-0.9057,1]},
{"frame":135,"values":[0.9876,-0.049,-0.1493,0,0.0333,0.9938,-0.106,0,-0.1535,-0.0998,-0.9831,0,-1.2873,93.6284,-0.8812,1]},
{"frame":136,"values":[0.9877,-0.0511,-0.1477,0,0.0354,0.9936,-0.1071,0,-0.1522,-0.1005,-0.9832,0,-1.3157,93.6121,-0.8583,1]},
{"frame":137,"values":[0.9878,-0.0534,-0.146,0,0.0376,0.9934,-0.1087,0,-0.1508,-0.1019,-0.9833,0,-1.3479,93.5929,-0.8435,1]},
{"frame":138,"values":[0.9879,-0.0559,-0.1445,0,0.04,0.9931,-0.1104,0,-0.1497,-0.1033,-0.9833,0,-1.3813,93.5719,-0.8348,1]},
{"frame":139,"values":[0.988,-0.0584,-0.1433,0,0.0425,0.9928,-0.1117,0,-0.1488,-0.1042,-0.9834,0,-1.4128,93.5533,-0.823,1]},
{"frame":140,"values":[0.988,-0.0607,-0.1421,0,0.0448,0.9927,-0.1122,0,-0.1479,-0.1045,-0.9835,0,-1.4401,93.5404,-0.8002,1]},
{"frame":141,"values":[0.9881,-0.0625,-0.1408,0,0.0468,0.9926,-0.1123,0,-0.1468,-0.1044,-0.9836,0,-1.4612,93.5316,-0.7683,1]},
{"frame":142,"values":[0.9882,-0.064,-0.1395,0,0.0484,0.9925,-0.1124,0,-0.1456,-0.1043,-0.9838,0,-1.4742,93.5225,-0.7371,1]},
{"frame":143,"values":[0.9882,-0.0653,-0.1382,0,0.0498,0.9923,-0.1131,0,-0.1446,-0.1048,-0.9839,0,-1.4801,93.5119,-0.7156,1]},
{"frame":144,"values":[0.9883,-0.0665,-0.1373,0,0.0509,0.9921,-0.1144,0,-0.1438,-0.1061,-0.9839,0,-1.483,93.5027,-0.7075,1]},
{"frame":145,"values":[0.9883,-0.0675,-0.1366,0,0.0517,0.9919,-0.1162,0,-0.1434,-0.1078,-0.9838,0,-1.4875,93.4976,-0.712,1]},
{"frame":146,"values":[0.9883,-0.0683,-0.1364,0,0.0523,0.9917,-0.1179,0,-0.1433,-0.1094,-0.9836,0,-1.4947,93.4952,-0.7257,1]},
{"frame":147,"values":[0.9882,-0.0691,-0.1365,0,0.0529,0.9915,-0.119,0,-0.1436,-0.1104,-0.9835,0,-1.5044,93.4921,-0.7419,1]},
{"frame":148,"values":[0.9881,-0.07,-0.1369,0,0.0536,0.9914,-0.1195,0,-0.1441,-0.1108,-0.9833,0,-1.5164,93.4865,-0.7532,1]},
{"frame":149,"values":[0.988,-0.071,-0.1375,0,0.0546,0.9913,-0.1196,0,-0.1448,-0.1107,-0.9832,0,-1.5311,93.4794,-0.7554,1]},
{"frame":150,"values":[0.9878,-0.072,-0.1382,0,0.0555,0.9913,-0.1195,0,-0.1456,-0.1103,-0.9832,0,-1.5466,93.4733,-0.7503,1]},
{"frame":151,"values":[0.9876,-0.0728,-0.1391,0,0.0563,0.9913,-0.119,0,-0.1466,-0.1097,-0.9831,0,-1.56,93.4697,-0.743,1]},
{"frame":152,"values":[0.9874,-0.0734,-0.1401,0,0.0569,0.9913,-0.1183,0,-0.1475,-0.1088,-0.9831,0,-1.5702,93.4685,-0.7362,1]},
{"frame":153,"values":[0.9873,-0.0739,-0.1408,0,0.0574,0.9914,-0.1174,0,-0.1482,-0.1079,-0.983,0,-1.5779,93.4684,-0.7284,1]},
{"frame":154,"values":[0.9872,-0.0743,-0.1411,0,0.058,0.9915,-0.1166,0,-0.1486,-0.1069,-0.9831,0,-1.5845,93.4679,-0.7164,1]},
{"frame":155,"values":[0.9872,-0.0748,-0.1409,0,0.0586,0.9915,-0.1159,0,-0.1484,-0.1061,-0.9832,0,-1.5899,93.4666,-0.6987,1]},
{"frame":156,"values":[0.9872,-0.0753,-0.1403,0,0.0592,0.9916,-0.1153,0,-0.1478,-0.1055,-0.9834,0,-1.5931,93.4649,-0.6754,1]},
{"frame":157,"values":[0.9873,-0.0757,-0.1394,0,0.0598,0.9916,-0.1149,0,-0.1469,-0.1051,-0.9836,0,-1.5925,93.4628,-0.6479,1]},
{"frame":158,"values":[0.9874,-0.076,-0.1385,0,0.0603,0.9916,-0.1143,0,-0.146,-0.1045,-0.9837,0,-1.5863,93.4598,-0.6172,1]},
{"frame":159,"values":[0.9875,-0.0763,-0.1377,0,0.0608,0.9917,-0.1134,0,-0.1452,-0.1037,-0.984,0,-1.5725,93.4559,-0.5834,1]},
{"frame":160,"values":[0.9876,-0.0767,-0.137,0,0.0614,0.9917,-0.1126,0,-0.1445,-0.1028,-0.9842,0,-1.5511,93.4523,-0.5464,1]},
{"frame":161,"values":[0.9877,-0.077,-0.1363,0,0.0619,0.9917,-0.1123,0,-0.1438,-0.1025,-0.9843,0,-1.524,93.4511,-0.5071,1]},
{"frame":162,"values":[0.9877,-0.0773,-0.1356,0,0.0621,0.9917,-0.1125,0,-0.1432,-0.1027,-0.9843,0,-1.4941,93.4531,-0.4684,1]},
{"frame":163,"values":[0.9878,-0.0774,-0.1351,0,0.0622,0.9916,-0.113,0,-0.1428,-0.1032,-0.9844,0,-1.4637,93.4571,-0.4336,1]},
{"frame":164,"values":[0.9878,-0.0774,-0.1349,0,0.0622,0.9916,-0.1133,0,-0.1425,-0.1036,-0.9844,0,-1.434,93.4599,-0.4035,1]},
{"frame":165,"values":[0.9878,-0.0775,-0.1348,0,0.0623,0.9916,-0.1135,0,-0.1424,-0.1038,-0.9844,0,-1.4068,93.46,-0.3763,1]},
{"frame":166,"values":[0.9879,-0.0776,-0.1346,0,0.0624,0.9916,-0.1136,0,-0.1423,-0.1038,-0.9844,0,-1.3832,93.4579,-0.3491,1]},
{"frame":167,"values":[0.9879,-0.0777,-0.1342,0,0.0626,0.9916,-0.1133,0,-0.1418,-0.1036,-0.9845,0,-1.3641,93.4551,-0.3202,1]},
{"frame":168,"values":[0.988,-0.0777,-0.1335,0,0.0628,0.9916,-0.1128,0,-0.1411,-0.1031,-0.9846,0,-1.3493,93.4522,-0.2901,1]},
{"frame":169,"values":[0.9881,-0.0778,-0.1327,0,0.063,0.9917,-0.1122,0,-0.1403,-0.1025,-0.9848,0,-1.3384,93.4487,-0.2614,1]},
{"frame":170,"values":[0.9882,-0.078,-0.1321,0,0.0633,0.9917,-0.1117,0,-0.1398,-0.102,-0.9849,0,-1.3302,93.4445,-0.2367,1]},
{"frame":171,"values":[0.9882,-0.0782,-0.1319,0,0.0636,0.9917,-0.1115,0,-0.1395,-0.1018,-0.985,0,-1.3238,93.4407,-0.2168,1]},
{"frame":172,"values":[0.9881,-0.0784,-0.132,0,0.0638,0.9917,-0.1115,0,-0.1397,-0.1017,-0.985,0,-1.3184,93.4383,-0.2005,1]},
{"frame":173,"values":[0.9881,-0.0785,-0.1324,0,0.0639,0.9917,-0.1114,0,-0.14,-0.1016,-0.9849,0,-1.3126,93.437,-0.187,1]},
{"frame":174,"values":[0.988,-0.0787,-0.1329,0,0.064,0.9917,-0.1111,0,-0.1405,-0.1013,-0.9849,0,-1.3051,93.4358,-0.1757,1]},
{"frame":175,"values":[0.9879,-0.0789,-0.1335,0,0.0642,0.9918,-0.1108,0,-0.1411,-0.1008,-0.9848,0,-1.2964,93.4335,-0.1649,1]},
{"frame":176,"values":[0.9878,-0.0792,-0.134,0,0.0645,0.9918,-0.1105,0,-0.1417,-0.1005,-0.9848,0,-1.2876,93.4296,-0.1517,1]},
{"frame":177,"values":[0.9877,-0.0795,-0.1345,0,0.0648,0.9918,-0.1103,0,-0.1421,-0.1002,-0.9848,0,-1.279,93.4246,-0.1334,1]},
{"frame":178,"values":[0.9877,-0.0797,-0.1347,0,0.065,0.9918,-0.1101,0,-0.1423,-0.1,-0.9848,0,-1.2694,93.4195,-0.11,1]},
{"frame":179,"values":[0.9877,-0.0799,-0.1347,0,0.0652,0.9918,-0.11,0,-0.1424,-0.0998,-0.9848,0,-1.2582,93.4155,-0.0841,1]},
{"frame":180,"values":[0.9876,-0.0802,-0.1348,0,0.0655,0.9918,-0.11,0,-0.1425,-0.0998,-0.9848,0,-1.2458,93.4132,-0.0587,1]},
{"frame":181,"values":[0.9876,-0.0804,-0.1349,0,0.0657,0.9917,-0.1103,0,-0.1427,-0.1001,-0.9847,0,-1.2315,93.4117,-0.0354,1]},
{"frame":182,"values":[0.9875,-0.0805,-0.1351,0,0.0657,0.9917,-0.1109,0,-0.1429,-0.1006,-0.9846,0,-1.2139,93.4099,-0.0129,1]},
{"frame":183,"values":[0.9875,-0.0805,-0.1352,0,0.0655,0.9916,-0.1114,0,-0.143,-0.1012,-0.9845,0,-1.1925,93.4069,0.0109,1]},
{"frame":184,"values":[0.9876,-0.0804,-0.1349,0,0.0655,0.9916,-0.1118,0,-0.1428,-0.1016,-0.9845,0,-1.1683,93.402,0.0377,1]},
{"frame":185,"values":[0.9877,-0.0806,-0.1343,0,0.0656,0.9915,-0.1122,0,-0.1422,-0.102,-0.9846,0,-1.1422,93.3952,0.0682,1]},
{"frame":186,"values":[0.9877,-0.081,-0.1336,0,0.066,0.9914,-0.1129,0,-0.1415,-0.1027,-0.9846,0,-1.1136,93.3877,0.1022,1]},
{"frame":187,"values":[0.9878,-0.0813,-0.1328,0,0.0663,0.9913,-0.1139,0,-0.1409,-0.1037,-0.9846,0,-1.0812,93.3806,0.1386,1]},
{"frame":188,"values":[0.9879,-0.0814,-0.1321,0,0.0663,0.9912,-0.115,0,-0.1403,-0.1048,-0.9845,0,-1.0443,93.3757,0.1748,1]},
{"frame":189,"values":[0.988,-0.0812,-0.1315,0,0.0661,0.9911,-0.1158,0,-0.1398,-0.1058,-0.9845,0,-1.0033,93.3744,0.2071,1]},
{"frame":190,"values":[0.9881,-0.0807,-0.131,0,0.0655,0.991,-0.1164,0,-0.1392,-0.1065,-0.9845,0,-0.9589,93.377,0.2328,1]},
{"frame":191,"values":[0.9882,-0.0798,-0.1304,0,0.0646,0.991,-0.1169,0,-0.1386,-0.1071,-0.9845,0,-0.9121,93.3829,0.2522,1]},
{"frame":192,"values":[0.9884,-0.0788,-0.1299,0,0.0636,0.9911,-0.1173,0,-0.138,-0.1076,-0.9846,0,-0.8641,93.3893,0.2676,1]},
{"frame":193,"values":[0.9885,-0.0779,-0.1294,0,0.0628,0.9911,-0.1174,0,-0.1374,-0.108,-0.9846,0,-0.8168,93.3932,0.2808,1]},
{"frame":194,"values":[0.9886,-0.0773,-0.1289,0,0.0623,0.9912,-0.1172,0,-0.1368,-0.1078,-0.9847,0,-0.7725,93.3938,0.2927,1]},
{"frame":195,"values":[0.9888,-0.0768,-0.1283,0,0.0619,0.9913,-0.1165,0,-0.1361,-0.1072,-0.9849,0,-0.7331,93.393,0.3036,1]},
{"frame":196,"values":[0.9889,-0.0761,-0.1276,0,0.0614,0.9914,-0.1154,0,-0.1353,-0.1063,-0.9851,0,-0.6977,93.3935,0.3145,1]},
{"frame":197,"values":[0.9891,-0.0752,-0.127,0,0.0608,0.9916,-0.1142,0,-0.1345,-0.1052,-0.9853,0,-0.6634,93.3962,0.3264,1]},
{"frame":198,"values":[0.9892,-0.0742,-0.1264,0,0.06,0.9918,-0.1129,0,-0.1337,-0.1041,-0.9855,0,-0.6279,93.4005,0.3388,1]},
{"frame":199,"values":[0.9893,-0.0732,-0.1259,0,0.0591,0.992,-0.1118,0,-0.1331,-0.1031,-0.9857,0,-0.5914,93.4048,0.3497,1]},
{"frame":200,"values":[0.9895,-0.0721,-0.1256,0,0.0583,0.9921,-0.1108,0,-0.1326,-0.1023,-0.9859,0,-0.555,93.408,0.3568,1]},
{"frame":201,"values":[0.9896,-0.071,-0.1252,0,0.0573,0.9923,-0.1101,0,-0.1321,-0.1017,-0.986,0,-0.519,93.4107,0.3601,1]},
{"frame":202,"values":[0.9897,-0.0698,-0.1248,0,0.0562,0.9924,-0.1093,0,-0.1315,-0.1011,-0.9861,0,-0.4835,93.4141,0.3623,1]},
{"frame":203,"values":[0.9899,-0.0684,-0.1244,0,0.055,0.9926,-0.1085,0,-0.1309,-0.1006,-0.9863,0,-0.4495,93.4193,0.3664,1]},
{"frame":204,"values":[0.99,-0.067,-0.1239,0,0.0536,0.9927,-0.1079,0,-0.1303,-0.1002,-0.9864,0,-0.4186,93.4261,0.3721,1]},
{"frame":205,"values":[0.9902,-0.0655,-0.1237,0,0.0522,0.9928,-0.1075,0,-0.1298,-0.1,-0.9865,0,-0.3912,93.433,0.3758,1]},
{"frame":206,"values":[0.9903,-0.0641,-0.1235,0,0.0508,0.9929,-0.1074,0,-0.1295,-0.1,-0.9865,0,-0.3658,93.4392,0.3751,1]},
{"frame":207,"values":[0.9904,-0.0626,-0.1234,0,0.0495,0.993,-0.1072,0,-0.1292,-0.1001,-0.9866,0,-0.3412,93.4446,0.3713,1]},
{"frame":208,"values":[0.9905,-0.0612,-0.1231,0,0.048,0.9931,-0.1071,0,-0.1288,-0.1001,-0.9866,0,-0.3179,93.45,0.3667,1]},
{"frame":209,"values":[0.9906,-0.0597,-0.1227,0,0.0466,0.9932,-0.1069,0,-0.1283,-0.1002,-0.9867,0,-0.2989,93.4557,0.361,1]},
{"frame":210,"values":[0.9908,-0.0585,-0.1224,0,0.0454,0.9932,-0.1068,0,-0.1278,-0.1002,-0.9867,0,-0.287,93.4615,0.3516,1]},
{"frame":211,"values":[0.9908,-0.0576,-0.1222,0,0.0446,0.9933,-0.1065,0,-0.1275,-0.1001,-0.9868,0,-0.2827,93.4669,0.3381,1]},
{"frame":212,"values":[0.9909,-0.0569,-0.1223,0,0.0439,0.9934,-0.1062,0,-0.1275,-0.0998,-0.9868,0,-0.2848,93.4715,0.3223,1]},
{"frame":213,"values":[0.9909,-0.0562,-0.1227,0,0.0432,0.9934,-0.1061,0,-0.1278,-0.0998,-0.9868,0,-0.2932,93.4758,0.3046,1]},
{"frame":214,"values":[0.9908,-0.0555,-0.1233,0,0.0424,0.9934,-0.1065,0,-0.1284,-0.1003,-0.9866,0,-0.3089,93.4796,0.2824,1]},
{"frame":215,"values":[0.9907,-0.0547,-0.1243,0,0.0414,0.9934,-0.1073,0,-0.1294,-0.1011,-0.9864,0,-0.3312,93.4835,0.2537,1]},
{"frame":216,"values":[0.9906,-0.054,-0.1255,0,0.0405,0.9933,-0.1079,0,-0.1305,-0.1018,-0.9862,0,-0.3567,93.4877,0.2197,1]},
{"frame":217,"values":[0.9905,-0.0533,-0.1267,0,0.0396,0.9933,-0.1081,0,-0.1316,-0.1021,-0.986,0,-0.3831,93.4929,0.1826,1]},
{"frame":218,"values":[0.9904,-0.0526,-0.1275,0,0.0388,0.9934,-0.1081,0,-0.1323,-0.1021,-0.9859,0,-0.4105,93.4984,0.1428,1]},
{"frame":219,"values":[0.9904,-0.0519,-0.1279,0,0.0381,0.9934,-0.1081,0,-0.1327,-0.1022,-0.9859,0,-0.4392,93.5028,0.0989,1]},
{"frame":220,"values":[0.9905,-0.0511,-0.1281,0,0.0372,0.9934,-0.1083,0,-0.1328,-0.1025,-0.9858,0,-0.4687,93.5055,0.0512,1]},
{"frame":221,"values":[0.9905,-0.0503,-0.1281,0,0.0364,0.9934,-0.1086,0,-0.1327,-0.1029,-0.9858,0,-0.4996,93.5077,0.0025,1]},
{"frame":222,"values":[0.9905,-0.0496,-0.128,0,0.0357,0.9934,-0.1087,0,-0.1326,-0.1031,-0.9858,0,-0.5349,93.5105,-0.0435,1]},
{"frame":223,"values":[0.9906,-0.0491,-0.128,0,0.0352,0.9935,-0.1086,0,-0.1325,-0.1031,-0.9858,0,-0.577,93.5129,-0.0844,1]},
{"frame":224,"values":[0.9906,-0.0488,-0.1281,0,0.0349,0.9935,-0.1085,0,-0.1326,-0.103,-0.9858,0,-0.6257,93.5127,-0.1203,1]},
{"frame":225,"values":[0.9905,-0.0487,-0.1283,0,0.0348,0.9935,-0.1087,0,-0.1328,-0.1032,-0.9858,0,-0.6794,93.5092,-0.1518,1]},
{"frame":226,"values":[0.9905,-0.049,-0.1286,0,0.035,0.9934,-0.1093,0,-0.1331,-0.1038,-0.9857,0,-0.7357,93.5052,-0.1769,1]},
{"frame":227,"values":[0.9904,-0.0498,-0.1288,0,0.0356,0.9933,-0.1102,0,-0.1334,-0.1046,-0.9855,0,-0.7912,93.503,-0.1916,1]},
{"frame":228,"values":[0.9903,-0.0511,-0.1292,0,0.0367,0.9931,-0.1115,0,-0.134,-0.1057,-0.9853,0,-0.8412,93.5015,-0.1934,1]},
{"frame":229,"values":[0.9901,-0.0529,-0.13,0,0.0382,0.9928,-0.1132,0,-0.135,-0.1071,-0.985,0,-0.8825,93.4978,-0.1854,1]},
{"frame":230,"values":[0.9898,-0.055,-0.1313,0,0.0399,0.9925,-0.1153,0,-0.1366,-0.1089,-0.9846,0,-0.9175,93.4901,-0.1744,1]},
{"frame":231,"values":[0.9895,-0.0572,-0.1326,0,0.0416,0.9922,-0.1174,0,-0.1383,-0.1107,-0.9842,0,-0.9533,93.4796,-0.165,1]},
{"frame":232,"values":[0.9893,-0.0593,-0.1333,0,0.0435,0.9919,-0.119,0,-0.1393,-0.1119,-0.9839,0,-0.9961,93.4682,-0.1555,1]},
{"frame":233,"values":[0.9892,-0.0614,-0.1333,0,0.0454,0.9918,-0.1195,0,-0.1395,-0.1121,-0.9839,0,-1.0461,93.457,-0.1396,1]},
{"frame":234,"values":[0.9891,-0.0633,-0.1327,0,0.0475,0.9917,-0.1192,0,-0.1391,-0.1117,-0.984,0,-1.0992,93.4467,-0.1148,1]},
{"frame":235,"values":[0.9891,-0.065,-0.1318,0,0.0494,0.9917,-0.1189,0,-0.1385,-0.1111,-0.9841,0,-1.1518,93.4376,-0.0879,1]},
{"frame":236,"values":[0.9892,-0.0666,-0.1309,0,0.051,0.9916,-0.119,0,-0.1378,-0.111,-0.9842,0,-1.202,93.4294,-0.0708,1]},
{"frame":237,"values":[0.9892,-0.0679,-0.13,0,0.0524,0.9914,-0.1195,0,-0.137,-0.1114,-0.9843,0,-1.2478,93.4204,-0.0695,1]},
{"frame":238,"values":[0.9892,-0.0692,-0.1289,0,0.0537,0.9913,-0.1201,0,-0.1361,-0.1119,-0.9844,0,-1.2872,93.4097,-0.0789,1]},
{"frame":239,"values":[0.9893,-0.0704,-0.1275,0,0.0551,0.9912,-0.1204,0,-0.1348,-0.1121,-0.9845,0,-1.32,93.3984,-0.0898,1]},
{"frame":240,"values":[0.9895,-0.0714,-0.1256,0,0.0562,0.9911,-0.1206,0,-0.1331,-0.1123,-0.9847,0,-1.3491,93.3898,-0.0988,1]},
{"frame":241,"values":[0.9897,-0.072,-0.1234,0,0.0571,0.991,-0.1209,0,-0.131,-0.1126,-0.985,0,-1.3762,93.3852,-0.1092,1]},
{"frame":242,"values":[0.99,-0.0724,-0.1214,0,0.0576,0.991,-0.1211,0,-0.1291,-0.1129,-0.9852,0,-1.4007,93.3823,-0.1237,1]},
{"frame":243,"values":[0.9901,-0.0729,-0.1198,0,0.0583,0.9909,-0.1212,0,-0.1275,-0.1131,-0.9854,0,-1.421,93.378,-0.1392,1]},
{"frame":244,"values":[0.9902,-0.0737,-0.1185,0,0.0592,0.9909,-0.121,0,-0.1264,-0.1128,-0.9855,0,-1.4381,93.3711,-0.1506,1]},
{"frame":245,"values":[0.9903,-0.0746,-0.1172,0,0.0603,0.9909,-0.1206,0,-0.1251,-0.1123,-0.9858,0,-1.4544,93.3639,-0.1564,1]},
{"frame":246,"values":[0.9904,-0.0753,-0.1157,0,0.0613,0.9909,-0.12,0,-0.1237,-0.1118,-0.986,0,-1.4702,93.3586,-0.1584,1]},
{"frame":247,"values":[0.9906,-0.0758,-0.1142,0,0.0621,0.9909,-0.1194,0,-0.1222,-0.1111,-0.9863,0,-1.4823,93.3556,-0.1578,1]},
{"frame":248,"values":[0.9907,-0.0761,-0.113,0,0.0626,0.991,-0.1186,0,-0.121,-0.1104,-0.9865,0,-1.4876,93.3538,-0.1536,1]},
{"frame":249,"values":[0.9907,-0.0764,-0.1123,0,0.0631,0.9911,-0.1176,0,-0.1203,-0.1094,-0.9867,0,-1.4864,93.3518,-0.1451,1]},
{"frame":250,"values":[0.9907,-0.0766,-0.1122,0,0.0635,0.9911,-0.1166,0,-0.1202,-0.1084,-0.9868,0,-1.4819,93.3499,-0.1329,1]},
{"frame":251,"values":[0.9907,-0.0769,-0.1125,0,0.0638,0.9912,-0.1158,0,-0.1204,-0.1075,-0.9869,0,-1.4761,93.3488,-0.1164,1]},
{"frame":252,"values":[0.9906,-0.077,-0.1131,0,0.0639,0.9913,-0.1151,0,-0.121,-0.1068,-0.9869,0,-1.4694,93.3487,-0.0951,1]},
{"frame":253,"values":[0.9905,-0.0772,-0.1138,0,0.0641,0.9913,-0.1147,0,-0.1216,-0.1063,-0.9869,0,-1.4619,93.3489,-0.0727,1]},
{"frame":254,"values":[0.9904,-0.0773,-0.1143,0,0.0642,0.9913,-0.1145,0,-0.1222,-0.1061,-0.9868,0,-1.4548,93.3495,-0.0569,1]},
{"frame":255,"values":[0.9904,-0.0774,-0.1145,0,0.0642,0.9913,-0.1145,0,-0.1224,-0.1061,-0.9868,0,-1.4493,93.3504,-0.0508,1]},
{"frame":256,"values":[0.9904,-0.0775,-0.1144,0,0.0643,0.9913,-0.1146,0,-0.1223,-0.1062,-0.9868,0,-1.4456,93.3517,-0.0507,1]},
{"frame":257,"values":[0.9904,-0.0776,-0.1142,0,0.0644,0.9913,-0.1148,0,-0.1221,-0.1064,-0.9868,0,-1.4427,93.3532,-0.0526,1]},
{"frame":258,"values":[0.9904,-0.0777,-0.1139,0,0.0645,0.9913,-0.1151,0,-0.1218,-0.1066,-0.9868,0,-1.4404,93.355,-0.0559,1]},
{"frame":259,"values":[0.9905,-0.0778,-0.1135,0,0.0646,0.9912,-0.1154,0,-0.1215,-0.1069,-0.9868,0,-1.4388,93.3568,-0.0615,1]},
{"frame":260,"values":[0.9905,-0.0778,-0.113,0,0.0647,0.9912,-0.1157,0,-0.121,-0.1073,-0.9868,0,-1.4376,93.3587,-0.07,1]},
{"frame":261,"values":[0.9906,-0.0779,-0.1125,0,0.0647,0.9911,-0.116,0,-0.1205,-0.1077,-0.9869,0,-1.4366,93.3609,-0.081,1]},
{"frame":262,"values":[0.9907,-0.0779,-0.1119,0,0.0648,0.9911,-0.1164,0,-0.12,-0.1081,-0.9869,0,-1.4356,93.3635,-0.0944,1]},
{"frame":263,"values":[0.9907,-0.0778,-0.1114,0,0.0647,0.9911,-0.1167,0,-0.1195,-0.1084,-0.9869,0,-1.4346,93.3665,-0.1104,1]}],"loopBehavior":1,"name":"anim","property":"_matrix"}},
{"name":"Zed_Spine","index":1,"matrix":[0.9957,0.092,0.0084,0,-0.0879,0.972,-0.2178,0,-0.0282,0.2162,0.976,0,0,9.3601,0,1],"rest":[1,0,0,0,0,0.9839,-0.1785,0,0,0.1785,0.9839,0,0,9.3602,0,1],"parentBoneIndex":0,"length":16.2549
,"animation":{"dataType":3,"framePerSecond":30,"keys":[
{"frame":0,"values":[0.9957,0.092,0.0084,0,-0.088,0.9721,-0.2176,0,-0.0282,0.2159,0.976,0,0,9.3601,0,1]},
{"frame":1,"values":[0.9957,0.092,0.0084,0,-0.0879,0.972,-0.2178,0,-0.0282,0.2162,0.976,0,0,9.3601,0,1]},
{"frame":2,"values":[0.9958,0.0917,0.0083,0,-0.0876,0.972,-0.2181,0,-0.0281,0.2164,0.9759,0,0,9.3601,0,1]},
{"frame":3,"values":[0.9958,0.091,0.0083,0,-0.087,0.972,-0.2182,0,-0.028,0.2166,0.9759,0,0,9.3601,0,1]},
{"frame":4,"values":[0.9959,0.0902,0.0083,0,-0.0863,0.9721,-0.2181,0,-0.0278,0.2165,0.9759,0,0,9.3602,0,1]},
{"frame":5,"values":[0.9959,0.0895,0.0083,0,-0.0856,0.9723,-0.2176,0,-0.0276,0.216,0.976,0,0,9.3601,0,1]},
{"frame":6,"values":[0.996,0.0889,0.0083,0,-0.085,0.9725,-0.2169,0,-0.0274,0.2153,0.9762,0,0,9.3601,0,1]},
{"frame":7,"values":[0.9961,0.0884,0.0082,0,-0.0845,0.9727,-0.2161,0,-0.027,0.2145,0.9763,0,0,9.3601,0,1]},
{"frame":8,"values":[0.9961,0.0878,0.0079,0,-0.0841,0.9729,-0.2152,0,-0.0266,0.2137,0.9765,0,0,9.3601,0,1]},
{"frame":9,"values":[0.9961,0.0874,0.0074,0,-0.0838,0.9732,-0.2143,0,-0.0259,0.2128,0.9767,0,0,9.3601,0,1]},
{"frame":10,"values":[0.9962,0.0871,0.0067,0,-0.0837,0.9734,-0.2131,0,-0.0251,0.2117,0.977,0,0,9.3601,0,1]},
{"frame":11,"values":[0.9962,0.0869,0.0059,0,-0.0837,0.9738,-0.2116,0,-0.0241,0.2103,0.9773,0,0,9.3601,0,1]},
{"frame":12,"values":[0.9962,0.0867,0.005,0,-0.0838,0.9741,-0.2099,0,-0.0231,0.2086,0.9777,0,0,9.3601,0,1]},
{"frame":13,"values":[0.9962,0.0865,0.0042,0,-0.0838,0.9745,-0.2081,0,-0.0221,0.2069,0.9781,0,0,9.3602,0,1]},
{"frame":14,"values":[0.9963,0.0863,0.0035,0,-0.0837,0.9749,-0.2063,0,-0.0212,0.2052,0.9785,0,0,9.3601,0,1]},
{"frame":15,"values":[0.9963,0.0859,0.003,0,-0.0835,0.9753,-0.2046,0,-0.0205,0.2036,0.9789,0,0,9.3601,0,1]},
{"frame":16,"values":[0.9963,0.0854,0.0024,0,-0.0831,0.9756,-0.203,0,-0.0197,0.2021,0.9792,0,0,9.3601,0,1]},
{"frame":17,"values":[0.9964,0.0847,0.0019,0,-0.0826,0.976,-0.2017,0,-0.019,0.2008,0.9794,0,0,9.3602,0,1]},
{"frame":18,"values":[0.9965,0.084,0.0014,0,-0.0821,0.9762,-0.2007,0,-0.0182,0.1999,0.9797,0,0,9.3601,0,1]},
{"frame":19,"values":[0.9965,0.0834,0.001,0,-0.0815,0.9765,-0.1997,0,-0.0177,0.1989,0.9799,0,0,9.3601,0,1]},
{"frame":20,"values":[0.9966,0.0828,0.0009,0,-0.0809,0.9767,-0.1988,0,-0.0173,0.198,0.98,0,0,9.3601,0,1]},
{"frame":21,"values":[0.9966,0.082,0.0008,0,-0.0802,0.9769,-0.1979,0,-0.017,0.1971,0.9802,0,0,9.3601,0,1]},
{"frame":22,"values":[0.9967,0.0811,0.0008,0,-0.0794,0.9772,-0.1972,0,-0.0168,0.1964,0.9804,0,0,9.3602,0,1]},
{"frame":23,"values":[0.9968,0.0802,0.0007,0,-0.0785,0.9773,-0.1966,0,-0.0165,0.1959,0.9805,0,0,9.3601,0,1]},
{"frame":24,"values":[0.9969,0.0793,0.0005,0,-0.0776,0.9775,-0.1961,0,-0.016,0.1955,0.9806,0,0,9.3601,0,1]},
{"frame":25,"values":[0.9969,0.0781,0.0001,0,-0.0766,0.9776,-0.1959,0,-0.0154,0.1953,0.9806,0,0,9.3601,0,1]},
{"frame":26,"values":[0.997,0.0768,-0.0001,0,-0.0753,0.9777,-0.196,0,-0.0149,0.1954,0.9806,0,0,9.3601,0,1]},
{"frame":27,"values":[0.9972,0.0752,-0.0003,0,-0.0738,0.9777,-0.1965,0,-0.0145,0.1959,0.9805,0,0,9.3601,0,1]},
{"frame":28,"values":[0.9973,0.0736,-0.0004,0,-0.0722,0.9777,-0.1971,0,-0.0141,0.1966,0.9804,0,0,9.3601,0,1]},
{"frame":29,"values":[0.9974,0.0721,-0.0004,0,-0.0707,0.9777,-0.1977,0,-0.0139,0.1972,0.9803,0,0,9.3601,0,1]},
{"frame":30,"values":[0.9975,0.0707,-0.0003,0,-0.0693,0.9777,-0.198,0,-0.0137,0.1976,0.9802,0,0,9.3601,0,1]},
{"frame":31,"values":[0.9976,0.0695,-0.0003,0,-0.0682,0.9778,-0.198,0,-0.0135,0.1976,0.9802,0,0,9.3601,0,1]},
{"frame":32,"values":[0.9977,0.0685,-0.0004,0,-0.0672,0.9779,-0.1978,0,-0.0132,0.1974,0.9802,0,0,9.3601,0,1]},
{"frame":33,"values":[0.9977,0.0673,-0.0005,0,-0.0661,0.978,-0.1976,0,-0.0128,0.1972,0.9803,0,0,9.3601,0,1]},
{"frame":34,"values":[0.9978,0.0661,-0.0007,0,-0.0649,0.9781,-0.1977,0,-0.0124,0.1973,0.9803,0,0,9.3601,0,1]},
{"frame":35,"values":[0.9979,0.0648,-0.0008,0,-0.0637,0.9781,-0.198,0,-0.012,0.1977,0.9802,0,0,9.3601,0,1]},
{"frame":36,"values":[0.998,0.0636,-0.001,0,-0.0625,0.9781,-0.1986,0,-0.0116,0.1982,0.9801,0,0,9.3601,0,1]},
{"frame":37,"values":[0.998,0.0624,-0.0012,0,-0.0614,0.9781,-0.1991,0,-0.0113,0.1987,0.98,0,0,9.3602,0,1]},
{"frame":38,"values":[0.9981,0.0613,-0.0014,0,-0.0603,0.9781,-0.1993,0,-0.0109,0.199,0.9799,0,0,9.3601,0,1]},
{"frame":39,"values":[0.9982,0.0601,-0.0014,0,-0.0592,0.9782,-0.1993,0,-0.0106,0.199,0.9799,0,0,9.3601,0,1]},
{"frame":40,"values":[0.9983,0.059,-0.0014,0,-0.0581,0.9783,-0.199,0,-0.0103,0.1988,0.98,0,0,9.3601,0,1]},
{"frame":41,"values":[0.9983,0.0582,-0.0013,0,-0.0573,0.9784,-0.1988,0,-0.0103,0.1985,0.98,0,0,9.3602,0,1]},
{"frame":42,"values":[0.9983,0.058,-0.0013,0,-0.0571,0.9784,-0.1985,0,-0.0103,0.1983,0.9801,0,0,9.3601,0,1]},
{"frame":43,"values":[0.9983,0.0585,-0.0013,0,-0.0576,0.9785,-0.1981,0,-0.0103,0.1979,0.9802,0,0,9.3601,0,1]},
{"frame":44,"values":[0.9982,0.0596,-0.0013,0,-0.0587,0.9786,-0.1975,0,-0.0105,0.1972,0.9803,0,0,9.3601,0,1]},
{"frame":45,"values":[0.9981,0.0611,-0.0014,0,-0.0601,0.9786,-0.1966,0,-0.0107,0.1963,0.9805,0,0,9.3601,0,1]},
{"frame":46,"values":[0.998,0.0629,-0.0014,0,-0.062,0.9787,-0.1957,0,-0.0109,0.1954,0.9807,0,0,9.3601,0,1]},
