{"producer":{"name":"Blender","version":"3.3.1","exporter_version":"3.3.1","file":"monk04b.babylon"},
"autoClear":true,"clearColor":[0.0509,0.0509,0.0509],"gravity":[0,-9.81,0],
"materials":[{"name":"Monk01:Uni1228:Defaultskin","id":"Monk01:Uni1228:Defaultskin","customType":"BABYLON.StandardMaterial","emissive":[0,0,0],"specular":[0,0,0],"specularPower":0,"indexOfRefraction":0.6897, 
"diffuseTexture":{"name":"unn1221_newface.png","hasAlpha":true,"level":1,"coordinatesMode":0,"coordinatesIndex":0,"wrapU":1,"wrapV":1}},
{"name":"Material","id":"Material","customType":"BABYLON.StandardMaterial","diffuse":[0,0,0],"emissive":[0,0,0],"specular":[0.0545,0.0545,0.0545],"specularPower":0,"indexOfRefraction":0.6897},
{"name":"Monk01:Low-poly:Eye_brown","id":"Monk01:Low-poly:Eye_brown","customType":"BABYLON.StandardMaterial","emissive":[0,0,0],"specular":[0.5,0.5,0.5],"specularPower":64,"indexOfRefraction":0.6897, 
"diffuseTexture":{"name":"brown_eye.png","hasAlpha":true,"level":1,"coordinatesMode":0,"coordinatesIndex":0,"wrapU":1,"wrapV":1}},
{"name":"theRobe","id":"theRobe","customType":"BABYLON.StandardMaterial","diffuse":[0.148,0.0371,0.0086],"emissive":[0,0,0],"specular":[0,0,0],"specularPower":0,"indexOfRefraction":0.6897},
{"name":"staff","id":"staff","customType":"BABYLON.StandardMaterial","diffuse":[0.0261,0.0064,0.0004],"emissive":[0,0,0],"specular":[0.5,0.5,0.5],"specularPower":64,"indexOfRefraction":0.6897},
{"name":"jewel","id":"jewel","customType":"BABYLON.StandardMaterial","diffuse":[0.8,0.0008,0.0008],"emissive":[0.5815,0.0034,0.0011],"specular":[1,1,1],"specularPower":128,"indexOfRefraction":0.6897},
{"name":"chair","id":"chair","customType":"BABYLON.StandardMaterial","emissive":[0,0,0],"specular":[0.5,0.5,0.5],"specularPower":64,"indexOfRefraction":0.6897, 
"diffuseTexture":{"name":"fine_woods02_1024.png","hasAlpha":true,"level":1,"coordinatesMode":0,"coordinatesIndex":0,"wrapU":1,"wrapV":1}}],
"multiMaterials":[{"name":"monk04b.Multimaterial#0","id":"monk04b.Multimaterial#0","materials":["Monk01:Uni1228:Defaultskin","Material"]},{"name":"monk04b.Multimaterial#1","id":"monk04b.Multimaterial#1","materials":["staff","jewel"]}],
"skeletons":[{"name":"Monk01","id":0,"dimensionsAtRest":[0.9621,1.6405,0.3125],"bones":[
{"name":"Hips","index":0,"matrix":[-1,0,0,0,0,0.8996,-0.4368,0,0,0.4368,0.8996,0,-8,0.588,-12.9868,1],"rest":[-1,0,0,0,0,0.8996,-0.4368,0,0,0.4368,0.8996,0,-8,0.8743,-12.9868,1],"parentBoneIndex":-1,"length":0.0887
,"animation":
{"name":"anim","property":"_matrix","dataType":3,"framePerSecond":24,"loopBehavior":1,"keys":[
{"frame":1,"values":[-1,0,0,0,0,0.8996,-0.4368,0,0,0.4368,0.8996,0,-8,0.588,-12.9868,1]},
{"frame":5,"values":[-1,0,0,0,0,0.8996,-0.4368,0,0,0.4368,0.8996,0,-8,0.588,-12.9868,1]},
{"frame":11,"values":[-1,0,0,0,0,0.8996,-0.4368,0,0,0.4368,0.8996,0,-8,0.588,-12.9868,1]},
{"frame":50,"values":[-1,0,0,0,0,0.8996,-0.4368,0,0,0.4368,0.8996,0,-8,0.588,-12.9868,1]}]}},
{"name":"LHipJoint","index":1,"matrix":[-0.1014,0.1425,-0.9846,0,0.9936,-0.0359,-0.1076,0,-0.0506,-0.9891,-0.1379,0,0,0,0,1],"rest":[-0.1014,0.1425,-0.9846,0,0.9936,-0.0359,-0.1076,0,-0.0506,-0.9891,-0.1379,0,0,0,0,1],"parentBoneIndex":0,"length":0.102
,"animation":
{"name":"anim","property":"_matrix","dataType":3,"framePerSecond":24,"loopBehavior":1,"keys":[
{"frame":1,"values":[-0.1014,0.1425,-0.9846,0,0.9936,-0.0359,-0.1076,0,-0.0506,-0.9891,-0.1379,0,0,0,0,1]},
{"frame":5,"values":[-0.1014,0.1425,-0.9846,0,0.9936,-0.0359,-0.1076,0,-0.0506,-0.9891,-0.1379,0,0,0,0,1]},
{"frame":11,"values":[-0.1014,0.1425,-0.9846,0,0.9936,-0.0359,-0.1076,0,-0.0506,-0.9891,-0.1379,0,0,0,0,1]},
{"frame":50,"values":[-0.1014,0.1425,-0.9846,0,0.9936,-0.0359,-0.1076,0,-0.0506,-0.9891,-0.1379,0,0,0,0,1]}]}},
{"name":"LeftUpLeg","index":2,"matrix":[-0.0276,0.9747,-0.2219,0,-0.8397,0.0978,0.5342,0,0.5423,0.201,0.8158,0,0,0.102,0,1],"rest":[-0.1458,0.9784,-0.1465,0,0.2106,0.1754,0.9617,0,0.9666,0.1094,-0.2317,0,0,0.102,0,1],"parentBoneIndex":1,"length":0.3944
,"animation":
{"name":"anim","property":"_matrix","dataType":3,"framePerSecond":24,"loopBehavior":1,"keys":[
{"frame":1,"values":[-0.0276,0.9747,-0.2219,0,-0.8397,0.0978,0.5342,0,0.5423,0.201,0.8158,0,0,0.102,0,1]},
{"frame":5,"values":[-0.0276,0.9747,-0.2219,0,-0.8397,0.0978,0.5342,0,0.5423,0.201,0.8158,0,0,0.102,0,1]},
{"frame":11,"values":[-0.0276,0.9747,-0.2219,0,-0.8397,0.0978,0.5342,0,0.5423,0.201,0.8158,0,0,0.102,0,1]},
{"frame":50,"values":[-0.0276,0.9747,-0.2219,0,-0.8397,0.0978,0.5342,0,0.5423,0.201,0.8158,0,0,0.102,0,1]}]}},
{"name":"LeftLeg","index":3,"matrix":[0.9928,0.0903,0.0785,0,-0.1022,0.2977,0.9492,0,0.0623,-0.9504,0.3048,0,0,0.3944,0,1],"rest":[0.9999,0.0112,0.0132,0,-0.0127,0.9929,0.118,0,-0.0117,-0.1181,0.9929,0,0,0.3944,0,1],"parentBoneIndex":2,"length":0.4076
,"animation":
{"name":"anim","property":"_matrix","dataType":3,"framePerSecond":24,"loopBehavior":1,"keys":[
{"frame":1,"values":[0.9928,0.0903,0.0785,0,-0.1022,0.2977,0.9492,0,0.0623,-0.9504,0.3048,0,0,0.3944,0,1]},
{"frame":5,"values":[0.9928,0.0903,0.0785,0,-0.1022,0.2977,0.9492,0,0.0623,-0.9504,0.3048,0,0,0.3944,0,1]},
{"frame":11,"values":[0.9928,0.0903,0.0785,0,-0.1022,0.2977,0.9492,0,0.0623,-0.9504,0.3048,0,0,0.3944,0,1]},
{"frame":50,"values":[0.9928,0.0903,0.0785,0,-0.1022,0.2977,0.9492,0,0.0623,-0.9504,0.3048,0,0,0.3944,0,1]}]}},
{"name":"LeftFoot","index":4,"matrix":[0.9974,-0.0212,0.0683,0,0.0715,0.295,-0.9528,0,0,0.9553,0.2958,0,0,0.4076,0,1],"rest":[0.9974,-0.0212,0.0683,0,0.0715,0.295,-0.9528,0,0,0.9553,0.2958,0,0,0.4076,0,1],"parentBoneIndex":3,"length":0.1389
,"animation":
{"name":"anim","property":"_matrix","dataType":3,"framePerSecond":24,"loopBehavior":1,"keys":[
{"frame":1,"values":[0.9974,-0.0212,0.0683,0,0.0715,0.295,-0.9528,0,0,0.9553,0.2958,0,0,0.4076,0,1]},
{"frame":5,"values":[0.9974,-0.0212,0.0683,0,0.0715,0.295,-0.9528,0,0,0.9553,0.2958,0,0,0.4076,0,1]},
{"frame":11,"values":[0.9974,-0.0212,0.0683,0,0.0715,0.295,-0.9528,0,0,0.9553,0.2958,0,0,0.4076,0,1]},
{"frame":50,"values":[0.9974,-0.0212,0.0683,0,0.0715,0.295,-0.9528,0,0,0.9553,0.2958,0,0,0.4076,0,1]}]}},
{"name":"LeftToeBase","index":5,"matrix":[1,-0.005,0.0072,0,0.0062,0.9816,-0.191,0,-0.0061,0.191,0.9816,0,0,0.1389,0,1],"rest":[1,-0.005,0.0072,0,0.0062,0.9816,-0.191,0,-0.0061,0.191,0.9816,0,0,0.1389,0,1],"parentBoneIndex":4,"length":0.0183
,"animation":
{"name":"anim","property":"_matrix","dataType":3,"framePerSecond":24,"loopBehavior":1,"keys":[
{"frame":1,"values":[1,-0.005,0.0072,0,0.0062,0.9816,-0.191,0,-0.0061,0.191,0.9816,0,0,0.1389,0,1]},
{"frame":5,"values":[1,-0.005,0.0072,0,0.0062,0.9816,-0.191,0,-0.0061,0.191,0.9816,0,0,0.1389,0,1]},
{"frame":11,"values":[1,-0.005,0.0072,0,0.0062,0.9816,-0.191,0,-0.0061,0.191,0.9816,0,0,0.1389,0,1]},
{"frame":50,"values":[1,-0.005,0.0072,0,0.0062,0.9816,-0.191,0,-0.0061,0.191,0.9816,0,0,0.1389,0,1]}]}},
{"name":"LowerBack","index":6,"matrix":[1,0,0,0,0,0.8404,0.542,0,0,-0.542,0.8404,0,0,0.0887,0,1],"rest":[1,0,0,0,0,0.8404,0.542,0,0,-0.542,0.8404,0,0,0.0887,0,1],"parentBoneIndex":0,"length":0.1423
,"animation":
{"name":"anim","property":"_matrix","dataType":3,"framePerSecond":24,"loopBehavior":1,"keys":[
{"frame":1,"values":[1,0,0,0,0,0.8404,0.542,0,0,-0.542,0.8404,0,0,0.0887,0,1]},
{"frame":5,"values":[1,0,0,0,0,0.8404,0.542,0,0,-0.542,0.8404,0,0,0.0887,0,1]},
{"frame":11,"values":[1,0,0,0,0,0.8404,0.542,0,0,-0.542,0.8404,0,0,0.0887,0,1]},
{"frame":50,"values":[1,0,0,0,0,0.8404,0.542,0,0,-0.542,0.8404,0,0,0.0887,0,1]}]}},
{"name":"Spine","index":7,"matrix":[1,0,0,0,0,0.9816,-0.1912,0,0,0.1912,0.9816,0,0,0.1423,0,1],"rest":[1,0,0,0,0,0.9816,-0.1912,0,0,0.1912,0.9816,0,0,0.1423,0,1],"parentBoneIndex":6,"length":0.1443
,"animation":
{"name":"anim","property":"_matrix","dataType":3,"framePerSecond":24,"loopBehavior":1,"keys":[
{"frame":1,"values":[1,0,0,0,0,0.9816,-0.1912,0,0,0.1912,0.9816,0,0,0.1423,0,1]},
{"frame":5,"values":[1,0,0,0,0,0.9816,-0.1912,0,0,0.1912,0.9816,0,0,0.1423,0,1]},
{"frame":11,"values":[1,0,0,0,0,0.9816,-0.1912,0,0,0.1912,0.9816,0,0,0.1423,0,1]},
{"frame":50,"values":[1,0,0,0,0,0.9816,-0.1912,0,0,0.1912,0.9816,0,0,0.1423,0,1]}]}},
{"name":"Spine1","index":8,"matrix":[1,0,0,0,0,0.9787,0.2054,0,0,-0.2054,0.9787,0,0,0.1443,0,1],"rest":[1,0,0,0,0,0.9787,0.2054,0,0,-0.2054,0.9787,0,0,0.1443,0,1],"parentBoneIndex":7,"length":0.1766
,"animation":
{"name":"anim","property":"_matrix","dataType":3,"framePerSecond":24,"loopBehavior":1,"keys":[
{"frame":1,"values":[1,0,0,0,0,0.9787,0.2054,0,0,-0.2054,0.9787,0,0,0.1443,0,1]},
{"frame":5,"values":[1,0,0,0,0,0.9787,0.2054,0,0,-0.2054,0.9787,0,0,0.1443,0,1]},
{"frame":11,"values":[1,0,0,0,0,0.9787,0.2054,0,0,-0.2054,0.9787,0,0,0.1443,0,1]},
{"frame":50,"values":[1,0,0,0,0,0.9787,0.2054,0,0,-0.2054,0.9787,0,0,0.1443,0,1]}]}},
{"name":"LeftShoulder","index":9,"matrix":[-0.1509,-0.9694,0.1935,0,0.9882,-0.1528,0.0052,0,0.0246,0.192,0.9811,0,0.0227,0.1083,0.026,1],"rest":[-0.1509,-0.9694,0.1935,0,0.9882,-0.1528,0.0052,0,0.0246,0.192,0.9811,0,0.0227,0.1083,0.026,1],"parentBoneIndex":8,"length":0.1491
,"animation":
{"name":"anim","property":"_matrix","dataType":3,"framePerSecond":24,"loopBehavior":1,"keys":[
{"frame":1,"values":[-0.1509,-0.9694,0.1935,0,0.9882,-0.1528,0.0052,0,0.0246,0.192,0.9811,0,0.0227,0.1083,0.026,1]},
{"frame":5,"values":[-0.1509,-0.9694,0.1935,0,0.9882,-0.1528,0.0052,0,0.0246,0.192,0.9811,0,0.0227,0.1083,0.026,1]},
{"frame":11,"values":[-0.1509,-0.9694,0.1935,0,0.9882,-0.1528,0.0052,0,0.0246,0.192,0.9811,0,0.0227,0.1083,0.026,1]},
{"frame":50,"values":[-0.1509,-0.9694,0.1935,0,0.9882,-0.1528,0.0052,0,0.0246,0.192,0.9811,0,0.0227,0.1083,0.026,1]}]}},
{"name":"LeftArm","index":10,"matrix":[0.836,-0.5478,0.0312,0,0.5421,0.8158,-0.2017,0,0.085,0.1856,0.9789,0,0,0.1491,0,1],"rest":[0.7716,-0.6359,-0.0161,0,0.6356,0.7717,-0.0235,0,0.0274,0.0079,0.9996,0,0,0.1491,0,1],"parentBoneIndex":9,"length":0.2421
,"animation":
{"name":"anim","property":"_matrix","dataType":3,"framePerSecond":24,"loopBehavior":1,"keys":[
{"frame":1,"values":[0.836,-0.5478,0.0312,0,0.5421,0.8158,-0.2017,0,0.085,0.1856,0.9789,0,0,0.1491,0,1]},
{"frame":5,"values":[0.836,-0.5478,0.0312,0,0.5421,0.8158,-0.2017,0,0.085,0.1856,0.9789,0,0,0.1491,0,1]},
{"frame":11,"values":[0.836,-0.5478,0.0312,0,0.5421,0.8158,-0.2017,0,0.085,0.1856,0.9789,0,0,0.1491,0,1]},
{"frame":12,"values":[0.8352,-0.5491,0.0308,0,0.5431,0.8147,-0.2032,0,0.0865,0.1865,0.9787,0,0,0.1491,0,1]},
{"frame":13,"values":[0.8328,-0.5528,0.0296,0,0.5461,0.8117,-0.2073,0,0.0905,0.1888,0.9778,0,0,0.1491,0,1]},
{"frame":14,"values":[0.829,-0.5585,0.0276,0,0.5508,0.807,-0.2131,0,0.0967,0.1919,0.9766,0,0,0.1491,0,1]},
{"frame":15,"values":[0.8241,-0.566,0.0248,0,0.5568,0.801,-0.2198,0,0.1045,0.195,0.9752,0,0,0.1491,0,1]},
{"frame":16,"values":[0.818,-0.5748,0.0211,0,0.5639,0.7941,-0.2265,0,0.1134,0.1972,0.9738,0,0,0.1491,0,1]},
{"frame":17,"values":[0.811,-0.5849,0.0165,0,0.5721,0.7867,-0.2322,0,0.1228,0.1978,0.9725,0,0,0.1491,0,1]},
{"frame":18,"values":[0.8031,-0.5957,0.0109,0,0.581,0.7789,-0.2363,0,0.1322,0.1961,0.9716,0,0,0.1491,0,1]},
{"frame":19,"values":[0.7946,-0.6071,0.0043,0,0.5904,0.7712,-0.2381,0,0.1412,0.1918,0.9712,0,0,0.1491,0,1]},
{"frame":20,"values":[0.7855,-0.6188,-0.0032,0,0.6006,0.7635,-0.2374,0,0.1494,0.1846,0.9714,0,0,0.1491,0,1]},
{"frame":21,"values":[0.7759,-0.6308,-0.0115,0,0.6112,0.7561,-0.234,0,0.1563,0.1746,0.9722,0,0,0.1491,0,1]},
{"frame":22,"values":[0.7659,-0.6427,-0.0204,0,0.6223,0.7488,-0.228,0,0.1618,0.162,0.9734,0,0,0.1491,0,1]},
{"frame":23,"values":[0.7557,-0.6542,-0.0296,0,0.6336,0.7418,-0.2197,0,0.1657,0.1473,0.9751,0,0,0.1491,0,1]},
{"frame":24,"values":[0.7457,-0.6652,-0.0388,0,0.6448,0.735,-0.2097,0,0.168,0.1313,0.977,0,0,0.1491,0,1]},
{"frame":25,"values":[0.736,-0.6752,-0.0478,0,0.6555,0.7286,-0.1986,0,0.1689,0.1149,0.9789,0,0,0.1491,0,1]},
{"frame":26,"values":[0.7272,-0.6841,-0.056,0,0.6653,0.7226,-0.1875,0,0.1687,0.0991,0.9807,0,0,0.1491,0,1]},
{"frame":27,"values":[0.7196,-0.6915,-0.0631,0,0.6738,0.7174,-0.1772,0,0.1678,0.085,0.9822,0,0,0.1491,0,1]},
{"frame":28,"values":[0.7137,-0.6971,-0.0686,0,0.6804,0.7132,-0.1688,0,0.1665,0.0738,0.9833,0,0,0.1491,0,1]},
{"frame":29,"values":[0.7098,-0.7007,-0.0721,0,0.6847,0.7104,-0.1631,0,0.1655,0.0664,0.984,0,0,0.1491,0,1]},
{"frame":30,"values":[0.7085,-0.7019,-0.0734,0,0.6862,0.7094,-0.1611,0,0.1651,0.0638,0.9842,0,0,0.1491,0,1]},
{"frame":31,"values":[0.7097,-0.7008,-0.0722,0,0.6848,0.7103,-0.1629,0,0.1655,0.0662,0.984,0,0,0.1491,0,1]},
{"frame":32,"values":[0.7132,-0.6976,-0.069,0,0.6809,0.7128,-0.168,0,0.1664,0.0729,0.9834,0,0,0.1491,0,1]},
{"frame":33,"values":[0.7186,-0.6924,-0.064,0,0.6749,0.7167,-0.1758,0,0.1676,0.0831,0.9823,0,0,0.1491,0,1]},
{"frame":34,"values":[0.7256,-0.6857,-0.0575,0,0.6671,0.7215,-0.1853,0,0.1686,0.0961,0.981,0,0,0.1491,0,1]},
{"frame":35,"values":[0.7338,-0.6776,-0.0499,0,0.6581,0.727,-0.1958,0,0.169,0.1108,0.9794,0,0,0.1491,0,1]},
{"frame":36,"values":[0.7427,-0.6683,-0.0416,0,0.6481,0.7331,-0.2064,0,0.1684,0.1264,0.9776,0,0,0.1491,0,1]},
{"frame":37,"values":[0.7522,-0.6582,-0.0328,0,0.6375,0.7394,-0.2164,0,0.1667,0.1418,0.9758,0,0,0.1491,0,1]},
{"frame":38,"values":[0.7618,-0.6474,-0.024,0,0.6268,0.746,-0.225,0,0.1635,0.1563,0.9741,0,0,0.1491,0,1]},
{"frame":39,"values":[0.7714,-0.6362,-0.0154,0,0.6162,0.7528,-0.2316,0,0.159,0.1692,0.9727,0,0,0.1491,0,1]},
{"frame":40,"values":[0.7807,-0.6248,-0.0072,0,0.6058,0.7598,-0.2361,0,0.153,0.1799,0.9717,0,0,0.1491,0,1]},
{"frame":41,"values":[0.7897,-0.6135,0.0003,0,0.5959,0.7669,-0.2381,0,0.1458,0.1882,0.9712,0,0,0.1491,0,1]},
{"frame":42,"values":[0.7981,-0.6025,0.0071,0,0.5866,0.7742,-0.2377,0,0.1377,0.1938,0.9713,0,0,0.1491,0,1]},
{"frame":43,"values":[0.806,-0.5918,0.013,0,0.5778,0.7816,-0.2351,0,0.129,0.197,0.9719,0,0,0.1491,0,1]},
{"frame":44,"values":[0.8132,-0.5817,0.018,0,0.5695,0.789,-0.2306,0,0.12,0.1978,0.9729,0,0,0.1491,0,1]},
{"frame":45,"values":[0.8196,-0.5725,0.0222,0,0.5621,0.7959,-0.2249,0,0.1111,0.1968,0.9741,0,0,0.1491,0,1]},
{"frame":46,"values":[0.8251,-0.5643,0.0255,0,0.5555,0.8023,-0.2185,0,0.1029,0.1944,0.9755,0,0,0.1491,0,1]},
{"frame":47,"values":[0.8297,-0.5575,0.028,0,0.55,0.8078,-0.2122,0,0.0957,0.1914,0.9768,0,0,0.1491,0,1]},
{"frame":48,"values":[0.8331,-0.5523,0.0298,0,0.5457,0.8121,-0.2068,0,0.09,0.1885,0.9779,0,0,0.1491,0,1]},
{"frame":49,"values":[0.8353,-0.549,0.0309,0,0.543,0.8148,-0.2031,0,0.0863,0.1864,0.9787,0,0,0.1491,0,1]},
{"frame":50,"values":[0.836,-0.5478,0.0312,0,0.5421,0.8158,-0.2017,0,0.085,0.1856,0.9789,0,0,0.1491,0,1]}]}},
{"name":"LeftForeArm","index":11,"matrix":[0.9954,0.0613,0.0742,0,-0.089,0.293,0.952,0,0.0367,-0.9542,0.2971,0,0,0.2421,0,1],"rest":[1,0.0058,-0.0003,0,-0.0041,0.7317,0.6816,0,0.0042,-0.6816,0.7317,0,0,0.2421,0,1],"parentBoneIndex":10,"length":0.2375
,"animation":
{"name":"anim","property":"_matrix","dataType":3,"framePerSecond":24,"loopBehavior":1,"keys":[
{"frame":1,"values":[0.9954,0.0613,0.0742,0,-0.089,0.293,0.952,0,0.0367,-0.9542,0.2971,0,0,0.2421,0,1]},
{"frame":5,"values":[0.9954,0.0613,0.0742,0,-0.089,0.293,0.952,0,0.0367,-0.9542,0.2971,0,0,0.2421,0,1]},
{"frame":11,"values":[0.9954,0.0613,0.0742,0,-0.089,0.293,0.952,0,0.0367,-0.9542,0.2971,0,0,0.2421,0,1]},
{"frame":12,"values":[0.9954,0.0608,0.0738,0,-0.0882,0.2863,0.9541,0,0.0369,-0.9562,0.2903,0,0,0.2421,0,1]},
{"frame":13,"values":[0.9956,0.0591,0.0725,0,-0.0857,0.2673,0.9598,0,0.0373,-0.9618,0.2712,0,0,0.2421,0,1]},
{"frame":14,"values":[0.9959,0.0563,0.0702,0,-0.0817,0.2381,0.9678,0,0.0378,-0.9696,0.2418,0,0,0.2421,0,1]},
{"frame":15,"values":[0.9964,0.0524,0.0668,0,-0.0761,0.2009,0.9767,0,0.0378,-0.9782,0.2041,0,0,0.2421,0,1]},
{"frame":16,"values":[0.9969,0.0475,0.062,0,-0.0688,0.1577,0.9851,0,0.0371,-0.9863,0.1605,0,0,0.2421,0,1]},
{"frame":17,"values":[0.9976,0.0417,0.0556,0,-0.0599,0.1108,0.992,0,0.0352,-0.993,0.113,0,0,0.2421,0,1]},
{"frame":18,"values":[0.9983,0.035,0.0475,0,-0.0496,0.0622,0.9968,0,0.032,-0.9974,0.0639,0,0,0.2421,0,1]},
{"frame":19,"values":[0.9989,0.0275,0.0376,0,-0.0379,0.0138,0.9992,0,0.0269,-0.9995,0.0148,0,0,0.2421,0,1]},
{"frame":20,"values":[0.9995,0.0198,0.0262,0,-0.0255,-0.0329,0.9991,0,0.0207,-0.9993,-0.0324,0,0,0.2421,0,1]},
{"frame":21,"values":[0.9998,0.0122,0.0136,0,-0.0126,-0.0767,0.997,0,0.0132,-0.997,-0.0765,0,0,0.2421,0,1]},
{"frame":22,"values":[1,0.005,0.0002,0,0.0004,-0.1165,0.9932,0,0.005,-0.9932,-0.1165,0,0,0.2421,0,1]},
{"frame":23,"values":[0.9999,-0.0015,-0.0135,0,0.0132,-0.1517,0.9883,0,-0.0036,-0.9884,-0.1517,0,0,0.2421,0,1]},
{"frame":24,"values":[0.9996,-0.0073,-0.0271,0,0.0253,-0.1819,0.983,0,-0.0121,-0.9833,-0.1816,0,0,0.2421,0,1]},
{"frame":25,"values":[0.9991,-0.0123,-0.0399,0,0.0365,-0.207,0.9777,0,-0.0203,-0.9783,-0.2064,0,0,0.2421,0,1]},
{"frame":26,"values":[0.9985,-0.0164,-0.0515,0,0.0464,-0.2271,0.9728,0,-0.0276,-0.9737,-0.226,0,0,0.2421,0,1]},
{"frame":27,"values":[0.9979,-0.0195,-0.0612,0,0.0547,-0.2424,0.9686,0,-0.0337,-0.97,-0.2408,0,0,0.2421,0,1]},
{"frame":28,"values":[0.9974,-0.0217,-0.0687,0,0.061,-0.2532,0.9655,0,-0.0383,-0.9672,-0.2512,0,0,0.2421,0,1]},
{"frame":29,"values":[0.997,-0.023,-0.0736,0,0.0651,-0.2596,0.9635,0,-0.0413,-0.9654,-0.2574,0,0,0.2421,0,1]},
{"frame":30,"values":[0.9969,-0.0235,-0.0752,0,0.0665,-0.2618,0.9628,0,-0.0423,-0.9648,-0.2595,0,0,0.2421,0,1]},
{"frame":31,"values":[0.997,-0.023,-0.0737,0,0.0652,-0.2598,0.9634,0,-0.0414,-0.9654,-0.2576,0,0,0.2421,0,1]},
{"frame":32,"values":[0.9974,-0.0218,-0.0694,0,0.0616,-0.254,0.9652,0,-0.0387,-0.967,-0.252,0,0,0.2421,0,1]},
{"frame":33,"values":[0.9978,-0.0199,-0.0625,0,0.0558,-0.2443,0.9681,0,-0.0345,-0.9695,-0.2427,0,0,0.2421,0,1]},
{"frame":34,"values":[0.9984,-0.0171,-0.0536,0,0.0482,-0.2305,0.9719,0,-0.029,-0.9729,-0.2293,0,0,0.2421,0,1]},
{"frame":35,"values":[0.999,-0.0134,-0.0429,0,0.0391,-0.2125,0.9764,0,-0.0222,-0.9771,-0.2118,0,0,0.2421,0,1]},
{"frame":36,"values":[0.9995,-0.0089,-0.031,0,0.0288,-0.19,0.9814,0,-0.0146,-0.9817,-0.1896,0,0,0.2421,0,1]},
{"frame":37,"values":[0.9998,-0.0037,-0.0183,0,0.0175,-0.1628,0.9865,0,-0.0066,-0.9866,-0.1628,0,0,0.2421,0,1]},
{"frame":38,"values":[1,0.0023,-0.0053,0,0.0056,-0.1312,0.9913,0,0.0016,-0.9914,-0.1312,0,0,0.2421,0,1]},
{"frame":39,"values":[0.9999,0.0089,0.0076,0,-0.0068,-0.0952,0.9954,0,0.0096,-0.9954,-0.0951,0,0,0.2421,0,1]},
{"frame":40,"values":[0.9997,0.016,0.02,0,-0.0191,-0.0553,0.9983,0,0.0171,-0.9983,-0.0549,0,0,0.2421,0,1]},
{"frame":41,"values":[0.9992,0.0233,0.0315,0,-0.0312,-0.0122,0.9994,0,0.0236,-0.9997,-0.0115,0,0,0.2421,0,1]},
{"frame":42,"values":[0.9987,0.0305,0.0417,0,-0.0427,0.0331,0.9985,0,0.0291,-0.999,0.0343,0,0,0.2421,0,1]},
{"frame":43,"values":[0.998,0.0374,0.0505,0,-0.0533,0.0793,0.9954,0,0.0333,-0.9961,0.0811,0,0,0.2421,0,1]},
{"frame":44,"values":[0.9974,0.0435,0.0577,0,-0.0627,0.1251,0.9902,0,0.0359,-0.9912,0.1275,0,0,0.2421,0,1]},
{"frame":45,"values":[0.9968,0.0489,0.0633,0,-0.0707,0.1689,0.9831,0,0.0373,-0.9844,0.1718,0,0,0.2421,0,1]},
{"frame":46,"values":[0.9963,0.0533,0.0676,0,-0.0773,0.2089,0.9749,0,0.0378,-0.9765,0.2122,0,0,0.2421,0,1]},
{"frame":47,"values":[0.9959,0.0568,0.0706,0,-0.0824,0.2431,0.9665,0,0.0377,-0.9683,0.2468,0,0,0.2421,0,1]},
{"frame":48,"values":[0.9956,0.0593,0.0727,0,-0.0861,0.2697,0.9591,0,0.0373,-0.9611,0.2736,0,0,0.2421,0,1]},
{"frame":49,"values":[0.9954,0.0608,0.0738,0,-0.0882,0.2869,0.9539,0,0.0368,-0.956,0.2909,0,0,0.2421,0,1]},
{"frame":50,"values":[0.9954,0.0613,0.0742,0,-0.089,0.293,0.952,0,0.0367,-0.9542,0.2971,0,0,0.2421,0,1]}]}},
{"name":"LeftHand","index":12,"matrix":[0.9974,-0.0672,-0.0246,0,0.0707,0.9793,0.1898,0,0.0113,-0.191,0.9815,0,0,0.2374,0,1],"rest":[0.9974,-0.0672,-0.0246,0,0.0707,0.9793,0.1898,0,0.0113,-0.191,0.9815,0,0,0.2374,0,1],"parentBoneIndex":11,"length":0.0295
,"animation":
{"name":"anim","property":"_matrix","dataType":3,"framePerSecond":24,"loopBehavior":1,"keys":[
{"frame":1,"values":[0.9974,-0.0672,-0.0246,0,0.0707,0.9793,0.1898,0,0.0113,-0.191,0.9815,0,0,0.2374,0,1]},
{"frame":5,"values":[0.9974,-0.0672,-0.0246,0,0.0707,0.9793,0.1898,0,0.0113,-0.191,0.9815,0,0,0.2374,0,1]},
{"frame":11,"values":[0.9974,-0.0672,-0.0246,0,0.0707,0.9793,0.1898,0,0.0113,-0.191,0.9815,0,0,0.2374,0,1]},
{"frame":12,"values":[0.9976,-0.0673,-0.0167,0,0.0692,0.9791,0.1914,0,0.0035,-0.1921,0.9814,0,0,0.2375,0,1]},
{"frame":13,"values":[0.9977,-0.0674,0.0058,0,0.065,0.9785,0.1959,0,-0.0188,-0.195,0.9806,0,0,0.2375,0,1]},
{"frame":14,"values":[0.9968,-0.0679,0.0414,0,0.0581,0.9775,0.2028,0,-0.0542,-0.1997,0.9783,0,0,0.2374,0,1]},
{"frame":15,"values":[0.9937,-0.0687,0.0886,0,0.0486,0.9762,0.2116,0,-0.101,-0.2059,0.9733,0,0,0.2374,0,1]},
{"frame":16,"values":[0.9868,-0.0701,0.1458,0,0.0365,0.9745,0.2216,0,-0.1576,-0.2134,0.9642,0,0,0.2375,0,1]},
{"frame":17,"values":[0.9748,-0.0723,0.2109,0,0.0218,0.9724,0.2323,0,-0.2219,-0.2218,0.9495,0,0,0.2375,0,1]},
{"frame":18,"values":[0.9565,-0.0753,0.2818,0,0.0049,0.9701,0.2428,0,-0.2916,-0.2309,0.9282,0,0,0.2374,0,1]},
{"frame":19,"values":[0.9312,-0.0794,0.3558,0,-0.0141,0.9674,0.2527,0,-0.3643,-0.2403,0.8997,0,0,0.2375,0,1]},
{"frame":20,"values":[0.8987,-0.0843,0.4304,0,-0.0346,0.9646,0.2613,0,-0.4372,-0.2497,0.864,0,0,0.2374,0,1]},
{"frame":21,"values":[0.8596,-0.0902,0.5029,0,-0.0561,0.9617,0.2682,0,-0.5079,-0.2588,0.8216,0,0,0.2375,0,1]},
{"frame":22,"values":[0.8152,-0.0967,0.571,0,-0.0777,0.9588,0.2733,0,-0.5739,-0.2671,0.7741,0,0,0.2375,0,1]},
{"frame":23,"values":[0.7674,-0.1036,0.6327,0,-0.0988,0.956,0.2764,0,-0.6335,-0.2746,0.7234,0,0,0.2374,0,1]},
{"frame":24,"values":[0.7184,-0.1106,0.6867,0,-0.1188,0.9533,0.2777,0,-0.6854,-0.2811,0.6718,0,0,0.2375,0,1]},
{"frame":25,"values":[0.6708,-0.1173,0.7323,0,-0.1368,0.9509,0.2777,0,-0.7289,-0.2864,0.6218,0,0,0.2374,0,1]},
{"frame":26,"values":[0.627,-0.1235,0.7692,0,-0.1525,0.9488,0.2766,0,-0.764,-0.2907,0.5761,0,0,0.2374,0,1]},
{"frame":27,"values":[0.5894,-0.1287,0.7975,0,-0.1653,0.9471,0.275,0,-0.7907,-0.2939,0.537,0,0,0.2375,0,1]},
{"frame":28,"values":[0.5603,-0.1328,0.8176,0,-0.1749,0.9459,0.2734,0,-0.8096,-0.2962,0.5067,0,0,0.2375,0,1]},
{"frame":29,"values":[0.5415,-0.1354,0.8297,0,-0.1809,0.9451,0.2723,0,-0.821,-0.2975,0.4873,0,0,0.2375,0,1]},
{"frame":30,"values":[0.5349,-0.1363,0.8339,0,-0.183,0.9448,0.2718,0,-0.8249,-0.298,0.4804,0,0,0.2374,0,1]},
{"frame":31,"values":[0.5409,-0.1355,0.8301,0,-0.1811,0.945,0.2722,0,-0.8214,-0.2976,0.4866,0,0,0.2375,0,1]},
{"frame":32,"values":[0.5579,-0.1331,0.8192,0,-0.1757,0.9458,0.2733,0,-0.8111,-0.2964,0.5042,0,0,0.2375,0,1]},
{"frame":33,"values":[0.5844,-0.1294,0.801,0,-0.1669,0.9469,0.2748,0,-0.7941,-0.2943,0.5318,0,0,0.2375,0,1]},
{"frame":34,"values":[0.6189,-0.1246,0.7755,0,-0.1553,0.9484,0.2763,0,-0.77,-0.2914,0.5676,0,0,0.2375,0,1]},
{"frame":35,"values":[0.6594,-0.1189,0.7423,0,-0.141,0.9503,0.2775,0,-0.7385,-0.2876,0.6099,0,0,0.2375,0,1]},
{"frame":36,"values":[0.7039,-0.1126,0.7013,0,-0.1244,0.9525,0.2778,0,-0.6993,-0.2828,0.6565,0,0,0.2375,0,1]},
{"frame":37,"values":[0.7503,-0.106,0.6526,0,-0.106,0.955,0.277,0,-0.6526,-0.277,0.7053,0,0,0.2375,0,1]},
{"frame":38,"values":[0.7964,-0.0994,0.5965,0,-0.0863,0.9576,0.2747,0,-0.5986,-0.2702,0.7541,0,0,0.2374,0,1]},
{"frame":39,"values":[0.8402,-0.093,0.5342,0,-0.0658,0.9604,0.2707,0,-0.5383,-0.2626,0.8008,0,0,0.2375,0,1]},
{"frame":40,"values":[0.8799,-0.0872,0.4671,0,-0.0453,0.9632,0.265,0,-0.473,-0.2543,0.8436,0,0,0.2375,0,1]},
{"frame":41,"values":[0.9142,-0.082,0.397,0,-0.0252,0.9659,0.2576,0,-0.4046,-0.2455,0.8809,0,0,0.2374,0,1]},
{"frame":42,"values":[0.9422,-0.0776,0.326,0,-0.0063,0.9685,0.2489,0,-0.3351,-0.2365,0.912,0,0,0.2374,0,1]},
{"frame":43,"values":[0.9637,-0.0742,0.2565,0,0.0111,0.9709,0.2392,0,-0.2668,-0.2277,0.9365,0,0,0.2375,0,1]},
{"frame":44,"values":[0.979,-0.0715,0.1907,0,0.0265,0.9731,0.229,0,-0.2019,-0.2192,0.9546,0,0,0.2374,0,1]},
{"frame":45,"values":[0.989,-0.0697,0.1307,0,0.0398,0.9749,0.219,0,-0.1427,-0.2114,0.9669,0,0,0.2375,0,1]},
{"frame":46,"values":[0.9946,-0.0685,0.0783,0,0.0507,0.9765,0.2097,0,-0.0908,-0.2046,0.9746,0,0,0.2375,0,1]},
{"frame":47,"values":[0.9971,-0.0678,0.0353,0,0.0593,0.9777,0.2016,0,-0.0481,-0.1989,0.9788,0,0,0.2375,0,1]},
{"frame":48,"values":[0.9977,-0.0674,0.0029,0,0.0655,0.9785,0.1953,0,-0.016,-0.1947,0.9807,0,0,0.2375,0,1]},
{"frame":49,"values":[0.9976,-0.0673,-0.0175,0,0.0694,0.9791,0.1912,0,0.0043,-0.192,0.9814,0,0,0.2374,0,1]},
{"frame":50,"values":[0.9974,-0.0672,-0.0246,0,0.0707,0.9793,0.1898,0,0.0113,-0.191,0.9815,0,0,0.2374,0,1]}]}},
{"name":"LThumb","index":13,"matrix":[-0.5477,0.833,0.0779,0,0.7036,0.4082,0.5817,0,0.4528,0.3734,-0.8097,0,0.0015,0.0361,0.0187,1],"rest":[-0.5477,0.833,0.0779,0,0.7036,0.4082,0.5817,0,0.4528,0.3734,-0.8097,0,0.0015,0.0361,0.0187,1],"parentBoneIndex":12,"length":0.0286
,"animation":
{"name":"anim","property":"_matrix","dataType":3,"framePerSecond":24,"loopBehavior":1,"keys":[
{"frame":1,"values":[-0.5477,0.833,0.0779,0,0.7036,0.4082,0.5817,0,0.4528,0.3734,-0.8097,0,0.0015,0.0361,0.0187,1]},
{"frame":5,"values":[-0.5477,0.833,0.0779,0,0.7036,0.4082,0.5817,0,0.4528,0.3734,-0.8097,0,0.0015,0.0361,0.0187,1]},
{"frame":11,"values":[-0.5477,0.833,0.0779,0,0.7036,0.4082,0.5817,0,0.4528,0.3734,-0.8097,0,0.0015,0.0361,0.0187,1]},
{"frame":50,"values":[-0.5477,0.833,0.0779,0,0.7036,0.4082,0.5817,0,0.4528,0.3734,-0.8097,0,0.0015,0.0361,0.0187,1]}]}},
{"name":"LeftFingerBase","index":14,"matrix":[-0.2387,0.2087,-0.9484,0,0.0281,0.9777,0.2081,0,0.9707,0.023,-0.2393,0,0,0.0295,0,1],"rest":[-0.2387,0.2087,-0.9484,0,0.0281,0.9777,0.2081,0,0.9707,0.023,-0.2393,0,0,0.0295,0,1],"parentBoneIndex":12,"length":0.0678
,"animation":
{"name":"anim","property":"_matrix","dataType":3,"framePerSecond":24,"loopBehavior":1,"keys":[
{"frame":1,"values":[-0.2387,0.2087,-0.9484,0,0.0281,0.9777,0.2081,0,0.9707,0.023,-0.2393,0,0,0.0295,0,1]},
{"frame":5,"values":[-0.2387,0.2087,-0.9484,0,0.0281,0.9777,0.2081,0,0.9707,0.023,-0.2393,0,0,0.0295,0,1]},
{"frame":11,"values":[-0.2387,0.2087,-0.9484,0,0.0281,0.9777,0.2081,0,0.9707,0.023,-0.2393,0,0,0.0295,0,1]},
{"frame":50,"values":[-0.2387,0.2087,-0.9484,0,0.0281,0.9777,0.2081,0,0.9707,0.023,-0.2393,0,0,0.0295,0,1]}]}},
{"name":"LeftHandFinger1","index":15,"matrix":[0.9947,-0.1028,-0.0044,0,0.1003,0.9581,0.2682,0,-0.0233,-0.2672,0.9634,0,0,0.0678,0,1],"rest":[0.9947,-0.1028,-0.0044,0,0.1003,0.9581,0.2682,0,-0.0233,-0.2672,0.9634,0,0,0.0678,0,1],"parentBoneIndex":14,"length":0.0235
,"animation":
{"name":"anim","property":"_matrix","dataType":3,"framePerSecond":24,"loopBehavior":1,"keys":[
{"frame":1,"values":[0.9947,-0.1028,-0.0044,0,0.1003,0.9581,0.2682,0,-0.0233,-0.2672,0.9634,0,0,0.0678,0,1]},
{"frame":5,"values":[0.9947,-0.1028,-0.0044,0,0.1003,0.9581,0.2682,0,-0.0233,-0.2672,0.9634,0,0,0.0678,0,1]},
{"frame":11,"values":[0.9947,-0.1028,-0.0044,0,0.1003,0.9581,0.2682,0,-0.0233,-0.2672,0.9634,0,0,0.0678,0,1]},
{"frame":50,"values":[0.9947,-0.1028,-0.0044,0,0.1003,0.9581,0.2682,0,-0.0233,-0.2672,0.9634,0,0,0.0678,0,1]}]}},
{"name":"Neck","index":16,"matrix":[1,0,0,0,0,0.9725,0.233,0,0,-0.233,0.9725,0,0,0.1766,0,1],"rest":[1,0,0,0,0,0.9725,0.233,0,0,-0.233,0.9725,0,0,0.1766,0,1],"parentBoneIndex":8,"length":0.0541
,"animation":
{"name":"anim","property":"_matrix","dataType":3,"framePerSecond":24,"loopBehavior":1,"keys":[
{"frame":1,"values":[1,0,0,0,0,0.9725,0.233,0,0,-0.233,0.9725,0,0,0.1766,0,1]},
{"frame":5,"values":[1,0,0,0,0,0.9725,0.233,0,0,-0.233,0.9725,0,0,0.1766,0,1]},
{"frame":11,"values":[1,0,0,0,0,0.9725,0.233,0,0,-0.233,0.9725,0,0,0.1766,0,1]},
{"frame":12,"values":[1,-0.0006,-0.0026,0,0.0012,0.9728,0.2318,0,0.0024,-0.2318,0.9728,0,0,0.1766,0,1]},
{"frame":13,"values":[0.9999,-0.0022,-0.01,0,0.0045,0.9736,0.2283,0,0.0093,-0.2283,0.9735,0,0,0.1766,0,1]},
{"frame":14,"values":[0.9998,-0.0049,-0.0218,0,0.0096,0.9748,0.2227,0,0.0201,-0.2228,0.9746,0,0,0.1766,0,1]},
{"frame":15,"values":[0.9993,-0.0084,-0.0371,0,0.0163,0.9764,0.2152,0,0.0344,-0.2157,0.9759,0,0,0.1766,0,1]},
{"frame":16,"values":[0.9984,-0.0129,-0.0556,0,0.0241,0.9782,0.2061,0,0.0518,-0.2071,0.9769,0,0,0.1766,0,1]},
{"frame":17,"values":[0.9969,-0.0182,-0.0766,0,0.0329,0.9801,0.1955,0,0.0716,-0.1974,0.9777,0,0,0.1766,0,1]},
{"frame":18,"values":[0.9947,-0.0242,-0.0995,0,0.0423,0.9821,0.1837,0,0.0933,-0.1869,0.9779,0,0,0.1766,0,1]},
{"frame":19,"values":[0.9918,-0.0309,-0.1237,0,0.052,0.9839,0.1708,0,0.1165,-0.1759,0.9775,0,0,0.1766,0,1]},
{"frame":20,"values":[0.9882,-0.0381,-0.1486,0,0.0617,0.9856,0.1573,0,0.1405,-0.1646,0.9763,0,0,0.1766,0,1]},
{"frame":21,"values":[0.9838,-0.0457,-0.1736,0,0.0711,0.9871,0.1433,0,0.1648,-0.1533,0.9743,0,0,0.1766,0,1]},
{"frame":22,"values":[0.9787,-0.0534,-0.1981,0,0.0801,0.9884,0.1292,0,0.1889,-0.1423,0.9716,0,0,0.1766,0,1]},
{"frame":23,"values":[0.9732,-0.0612,-0.2215,0,0.0884,0.9894,0.1154,0,0.2121,-0.1319,0.9683,0,0,0.1766,0,1]},
{"frame":24,"values":[0.9675,-0.0687,-0.2433,0,0.096,0.9901,0.1022,0,0.2339,-0.1222,0.9645,0,0,0.1766,0,1]},
{"frame":25,"values":[0.9618,-0.0757,-0.2631,0,0.1026,0.9906,0.0899,0,0.2538,-0.1135,0.9606,0,0,0.1766,0,1]},
{"frame":26,"values":[0.9564,-0.0821,-0.2802,0,0.1082,0.991,0.0791,0,0.2712,-0.106,0.9567,0,0,0.1766,0,1]},
{"frame":27,"values":[0.9517,-0.0874,-0.2943,0,0.1127,0.9912,0.07,0,0.2856,-0.0998,0.9531,0,0,0.1766,0,1]},
{"frame":28,"values":[0.948,-0.0915,-0.3049,0,0.116,0.9912,0.0631,0,0.2965,-0.0952,0.9503,0,0,0.1766,0,1]},
{"frame":29,"values":[0.9455,-0.0942,-0.3117,0,0.1181,0.9913,0.0587,0,0.3034,-0.0923,0.9484,0,0,0.1766,0,1]},
{"frame":30,"values":[0.9446,-0.0951,-0.314,0,0.1188,0.9913,0.0571,0,0.3058,-0.0913,0.9477,0,0,0.1766,0,1]},
{"frame":31,"values":[0.9454,-0.0942,-0.3119,0,0.1181,0.9913,0.0585,0,0.3036,-0.0922,0.9483,0,0,0.1766,0,1]},
{"frame":32,"values":[0.9477,-0.0919,-0.3058,0,0.1163,0.9912,0.0625,0,0.2974,-0.0948,0.95,0,0,0.1766,0,1]},
{"frame":33,"values":[0.9511,-0.0881,-0.2961,0,0.1133,0.9912,0.0689,0,0.2875,-0.099,0.9527,0,0,0.1766,0,1]},
{"frame":34,"values":[0.9554,-0.0832,-0.2833,0,0.1092,0.991,0.0771,0,0.2743,-0.1046,0.9559,0,0,0.1766,0,1]},
{"frame":35,"values":[0.9604,-0.0774,-0.2676,0,0.1041,0.9907,0.0871,0,0.2584,-0.1115,0.9596,0,0,0.1766,0,1]},
{"frame":36,"values":[0.9658,-0.0709,-0.2495,0,0.0981,0.9903,0.0984,0,0.2401,-0.1195,0.9634,0,0,0.1766,0,1]},
{"frame":37,"values":[0.9712,-0.0638,-0.2294,0,0.0912,0.9897,0.1107,0,0.2199,-0.1284,0.967,0,0,0.1766,0,1]},
{"frame":38,"values":[0.9766,-0.0565,-0.2076,0,0.0835,0.9888,0.1236,0,0.1983,-0.1381,0.9704,0,0,0.1766,0,1]},
{"frame":39,"values":[0.9816,-0.0491,-0.1847,0,0.0752,0.9877,0.1369,0,0.1757,-0.1483,0.9732,0,0,0.1766,0,1]},
{"frame":40,"values":[0.986,-0.0418,-0.1611,0,0.0664,0.9864,0.1503,0,0.1527,-0.1589,0.9754,0,0,0.1766,0,1]},
{"frame":41,"values":[0.9899,-0.0348,-0.1374,0,0.0573,0.9849,0.1634,0,0.1296,-0.1697,0.9769,0,0,0.1766,0,1]},
{"frame":42,"values":[0.9931,-0.0282,-0.1139,0,0.0481,0.9832,0.1761,0,0.1071,-0.1803,0.9778,0,0,0.1766,0,1]},
{"frame":43,"values":[0.9956,-0.022,-0.0913,0,0.039,0.9814,0.188,0,0.0855,-0.1907,0.9779,0,0,0.1766,0,1]},
{"frame":44,"values":[0.9974,-0.0165,-0.0701,0,0.0302,0.9796,0.1988,0,0.0654,-0.2004,0.9775,0,0,0.1766,0,1]},
{"frame":45,"values":[0.9986,-0.0117,-0.0508,0,0.0221,0.9778,0.2085,0,0.0472,-0.2094,0.9767,0,0,0.1766,0,1]},
{"frame":46,"values":[0.9994,-0.0077,-0.0338,0,0.0148,0.9761,0.2169,0,0.0313,-0.2172,0.9756,0,0,0.1766,0,1]},
{"frame":47,"values":[0.9998,-0.0044,-0.0197,0,0.0087,0.9746,0.2237,0,0.0183,-0.2238,0.9745,0,0,0.1766,0,1]},
{"frame":48,"values":[1,-0.002,-0.0091,0,0.004,0.9735,0.2287,0,0.0084,-0.2287,0.9734,0,0,0.1766,0,1]},
{"frame":49,"values":[1,-0.0005,-0.0024,0,0.001,0.9727,0.2319,0,0.0022,-0.2319,0.9727,0,0,0.1766,0,1]},
{"frame":50,"values":[1,0,0,0,0,0.9725,0.233,0,0,-0.233,0.9725,0,0,0.1766,0,1]}]}},
{"name":"Neck1","index":17,"matrix":[1,0,0,0,0,1,0,0,0,0,1,0,0,0.0541,0,1],"rest":[1,0,0,0,0,1,0,0,0,0,1,0,0,0.0541,0,1],"parentBoneIndex":16,"length":0.0541
,"animation":
{"name":"anim","property":"_matrix","dataType":3,"framePerSecond":24,"loopBehavior":1,"keys":[
{"frame":1,"values":[1,0,0,0,0,1,0,0,0,0,1,0,0,0.0541,0,1]},
{"frame":5,"values":[1,0,0,0,0,1,0,0,0,0,1,0,0,0.0541,0,1]},
{"frame":11,"values":[1,0,0,0,0,1,0,0,0,0,1,0,0,0.0541,0,1]},
{"frame":50,"values":[1,0,0,0,0,1,0,0,0,0,1,0,0,0.0541,0,1]}]}},
{"name":"Head","index":18,"matrix":[1,0,0,0,0,0.9142,-0.4052,0,0,0.4052,0.9142,0,0,0.0541,0,1],"rest":[1,0,0,0,0,0.9142,-0.4052,0,0,0.4052,0.9142,0,0,0.0541,0,1],"parentBoneIndex":17,"length":0.1481
,"animation":
{"name":"anim","property":"_matrix","dataType":3,"framePerSecond":24,"loopBehavior":1,"keys":[
{"frame":1,"values":[1,0,0,0,0,0.9142,-0.4052,0,0,0.4052,0.9142,0,0,0.0541,0,1]},
{"frame":5,"values":[1,0,0,0,0,0.9142,-0.4052,0,0,0.4052,0.9142,0,0,0.0541,0,1]},
{"frame":11,"values":[1,0,0,0,0,0.9142,-0.4052,0,0,0.4052,0.9142,0,0,0.0541,0,1]},
{"frame":50,"values":[1,0,0,0,0,0.9142,-0.4052,0,0,0.4052,0.9142,0,0,0.0541,0,1]}]}},
{"name":"RightShoulder","index":19,"matrix":[-0.1509,0.9696,-0.1926,0,-0.9882,-0.1528,0.0052,0,-0.0244,0.1912,0.9813,0,-0.0227,0.1083,0.026,1],"rest":[-0.1509,0.9696,-0.1926,0,-0.9882,-0.1528,0.0052,0,-0.0244,0.1912,0.9813,0,-0.0227,0.1083,0.026,1],"parentBoneIndex":8,"length":0.1491
,"animation":
{"name":"anim","property":"_matrix","dataType":3,"framePerSecond":24,"loopBehavior":1,"keys":[
{"frame":1,"values":[-0.1509,0.9696,-0.1926,0,-0.9882,-0.1528,0.0052,0,-0.0244,0.1912,0.9813,0,-0.0227,0.1083,0.026,1]},
{"frame":5,"values":[-0.1509,0.9696,-0.1926,0,-0.9882,-0.1528,0.0052,0,-0.0244,0.1912,0.9813,0,-0.0227,0.1083,0.026,1]},
{"frame":11,"values":[-0.1509,0.9696,-0.1926,0,-0.9882,-0.1528,0.0052,0,-0.0244,0.1912,0.9813,0,-0.0227,0.1083,0.026,1]},
{"frame":50,"values":[-0.1509,0.9696,-0.1926,0,-0.9882,-0.1528,0.0052,0,-0.0244,0.1912,0.9813,0,-0.0227,0.1083,0.026,1]}]}},
{"name":"RightArm","index":20,"matrix":[0.8138,0.581,-0.0166,0,-0.572,0.7954,-0.2006,0,-0.1033,0.1727,0.9795,0,0,0.1491,0,1],"rest":[0.7716,0.636,0.016,0,-0.6356,0.7717,-0.0229,0,-0.0269,0.0075,0.9996,0,0,0.1491,0,1],"parentBoneIndex":19,"length":0.2421
,"animation":
{"name":"anim","property":"_matrix","dataType":3,"framePerSecond":24,"loopBehavior":1,"keys":[
{"frame":1,"values":[0.8138,0.581,-0.0166,0,-0.572,0.7954,-0.2006,0,-0.1033,0.1727,0.9795,0,0,0.1491,0,1]},
{"frame":5,"values":[0.8138,0.581,-0.0166,0,-0.572,0.7954,-0.2006,0,-0.1033,0.1727,0.9795,0,0,0.1491,0,1]},
{"frame":11,"values":[0.8138,0.581,-0.0166,0,-0.572,0.7954,-0.2006,0,-0.1033,0.1727,0.9795,0,0,0.1491,0,1]},
{"frame":12,"values":[0.8139,0.5807,-0.0168,0,-0.5716,0.7953,-0.2018,0,-0.1038,0.1738,0.9793,0,0,0.1491,0,1]},
{"frame":13,"values":[0.8144,0.5801,-0.0174,0,-0.5708,0.7951,-0.2051,0,-0.1051,0.177,0.9786,0,0,0.1491,0,1]},
{"frame":14,"values":[0.8151,0.5791,-0.0184,0,-0.5694,0.7947,-0.2103,0,-0.1072,0.1819,0.9775,0,0,0.1491,0,1]},
{"frame":15,"values":[0.816,0.5777,-0.0197,0,-0.5676,0.7943,-0.2169,0,-0.1097,0.1881,0.976,0,0,0.1491,0,1]},
{"frame":16,"values":[0.8171,0.576,-0.0213,0,-0.5654,0.7937,-0.2245,0,-0.1124,0.1955,0.9742,0,0,0.1491,0,1]},
{"frame":17,"values":[0.8184,0.5741,-0.0232,0,-0.5629,0.7931,-0.2328,0,-0.1153,0.2035,0.9723,0,0,0.1491,0,1]},
{"frame":18,"values":[0.8199,0.5719,-0.0253,0,-0.5602,0.7924,-0.2413,0,-0.118,0.212,0.9701,0,0,0.1491,0,1]},
{"frame":19,"values":[0.8216,0.5694,-0.0276,0,-0.5572,0.7919,-0.2499,0,-0.1205,0.2207,0.9679,0,0,0.1491,0,1]},
{"frame":20,"values":[0.8233,0.5668,-0.0301,0,-0.5542,0.7913,-0.2583,0,-0.1226,0.2293,0.9656,0,0,0.1491,0,1]},
{"frame":21,"values":[0.8251,0.5641,-0.0327,0,-0.5512,0.7908,-0.2661,0,-0.1243,0.2376,0.9634,0,0,0.1491,0,1]},
{"frame":22,"values":[0.8269,0.5613,-0.0354,0,-0.5482,0.7904,-0.2734,0,-0.1255,0.2454,0.9613,0,0,0.1491,0,1]},
{"frame":23,"values":[0.8286,0.5586,-0.0381,0,-0.5454,0.7901,-0.2798,0,-0.1262,0.2526,0.9593,0,0,0.1491,0,1]},
{"frame":24,"values":[0.8302,0.5559,-0.0407,0,-0.5428,0.7898,-0.2854,0,-0.1265,0.2591,0.9575,0,0,0.1491,0,1]},
{"frame":25,"values":[0.8318,0.5533,-0.0431,0,-0.5404,0.7898,-0.2902,0,-0.1265,0.2647,0.956,0,0,0.1491,0,1]},
{"frame":26,"values":[0.8333,0.551,-0.0453,0,-0.5383,0.7898,-0.2941,0,-0.1263,0.2694,0.9547,0,0,0.1491,0,1]},
{"frame":27,"values":[0.8344,0.5491,-0.0472,0,-0.5365,0.7899,-0.2971,0,-0.1259,0.2732,0.9537,0,0,0.1491,0,1]},
{"frame":28,"values":[0.8353,0.5476,-0.0486,0,-0.5352,0.7899,-0.2992,0,-0.1255,0.276,0.9529,0,0,0.1491,0,1]},
{"frame":29,"values":[0.8359,0.5466,-0.0496,0,-0.5344,0.79,-0.3005,0,-0.1251,0.2777,0.9525,0,0,0.1491,0,1]},
{"frame":30,"values":[0.8361,0.5463,-0.0499,0,-0.5341,0.79,-0.301,0,-0.125,0.2783,0.9523,0,0,0.1491,0,1]},
{"frame":31,"values":[0.8359,0.5466,-0.0496,0,-0.5344,0.79,-0.3006,0,-0.1251,0.2778,0.9525,0,0,0.1491,0,1]},
{"frame":32,"values":[0.8354,0.5475,-0.0487,0,-0.5351,0.7899,-0.2994,0,-0.1254,0.2762,0.9529,0,0,0.1491,0,1]},
{"frame":33,"values":[0.8346,0.5488,-0.0474,0,-0.5363,0.7899,-0.2975,0,-0.1258,0.2737,0.9536,0,0,0.1491,0,1]},
{"frame":34,"values":[0.8335,0.5506,-0.0457,0,-0.5379,0.7898,-0.2947,0,-0.1262,0.2702,0.9545,0,0,0.1491,0,1]},
{"frame":35,"values":[0.8322,0.5527,-0.0437,0,-0.5398,0.7898,-0.2913,0,-0.1265,0.266,0.9556,0,0,0.1491,0,1]},
{"frame":36,"values":[0.8307,0.5551,-0.0414,0,-0.5421,0.7898,-0.287,0,-0.1266,0.2608,0.957,0,0,0.1491,0,1]},
{"frame":37,"values":[0.8292,0.5576,-0.039,0,-0.5445,0.79,-0.2819,0,-0.1264,0.255,0.9587,0,0,0.1491,0,1]},
{"frame":38,"values":[0.8276,0.5602,-0.0364,0,-0.5471,0.7902,-0.276,0,-0.1258,0.2484,0.9605,0,0,0.1491,0,1]},
{"frame":39,"values":[0.8259,0.5628,-0.0339,0,-0.5498,0.7906,-0.2695,0,-0.1249,0.2412,0.9624,0,0,0.1491,0,1]},
{"frame":40,"values":[0.8242,0.5654,-0.0314,0,-0.5527,0.791,-0.2623,0,-0.1235,0.2335,0.9645,0,0,0.1491,0,1]},
{"frame":41,"values":[0.8225,0.568,-0.0289,0,-0.5556,0.7916,-0.2546,0,-0.1217,0.2255,0.9666,0,0,0.1491,0,1]},
{"frame":42,"values":[0.8209,0.5704,-0.0266,0,-0.5584,0.7921,-0.2465,0,-0.1195,0.2172,0.9688,0,0,0.1491,0,1]},
{"frame":43,"values":[0.8194,0.5727,-0.0245,0,-0.5612,0.7926,-0.2383,0,-0.117,0.209,0.9709,0,0,0.1491,0,1]},
{"frame":44,"values":[0.818,0.5747,-0.0226,0,-0.5637,0.7933,-0.2302,0,-0.1144,0.2011,0.9729,0,0,0.1491,0,1]},
{"frame":45,"values":[0.8168,0.5765,-0.0209,0,-0.5659,0.7938,-0.2225,0,-0.1117,0.1936,0.9747,0,0,0.1491,0,1]},
{"frame":46,"values":[0.8158,0.578,-0.0194,0,-0.5679,0.7944,-0.2155,0,-0.1091,0.1868,0.9763,0,0,0.1491,0,1]},
{"frame":47,"values":[0.8149,0.5793,-0.0182,0,-0.5696,0.7948,-0.2094,0,-0.1068,0.181,0.9777,0,0,0.1491,0,1]},
{"frame":48,"values":[0.8143,0.5802,-0.0173,0,-0.5709,0.7951,-0.2047,0,-0.105,0.1766,0.9787,0,0,0.1491,0,1]},
{"frame":49,"values":[0.8139,0.5808,-0.0168,0,-0.5717,0.7953,-0.2017,0,-0.1038,0.1737,0.9793,0,0,0.1491,0,1]},
{"frame":50,"values":[0.8138,0.581,-0.0166,0,-0.572,0.7954,-0.2006,0,-0.1033,0.1727,0.9795,0,0,0.1491,0,1]}]}},
{"name":"RightForeArm","index":21,"matrix":[0.9977,-0.0429,-0.0531,0,0.061,0.2118,0.9754,0,-0.0306,-0.9764,0.2139,0,0,0.2421,0,1],"rest":[1,-0.0058,0.0003,0,0.0041,0.7318,0.6815,0,-0.0042,-0.6815,0.7318,0,0,0.2421,0,1],"parentBoneIndex":20,"length":0.2373
,"animation":
{"name":"anim","property":"_matrix","dataType":3,"framePerSecond":24,"loopBehavior":1,"keys":[
{"frame":1,"values":[0.9977,-0.0429,-0.0531,0,0.061,0.2118,0.9754,0,-0.0306,-0.9764,0.2139,0,0,0.2421,0,1]},
{"frame":5,"values":[0.9977,-0.0429,-0.0531,0,0.061,0.2118,0.9754,0,-0.0306,-0.9764,0.2139,0,0,0.2421,0,1]},
{"frame":11,"values":[0.9977,-0.0429,-0.0531,0,0.061,0.2118,0.9754,0,-0.0306,-0.9764,0.2139,0,0,0.2421,0,1]},
{"frame":12,"values":[0.9976,-0.0431,-0.0535,0,0.0613,0.2082,0.9762,0,-0.0309,-0.9771,0.2104,0,0,0.2421,0,1]},
