{"producer":{"name":"Blender","version":"2.82 (sub 7)","exporter_version":"6.4.3","file":"gruffalo_new_08.babylon"},
"autoClear":true,"clearColor":[0.0509,0.0509,0.0509],"gravity":[0,-1.81,0],
"materials":[{"name":"Material.001","id":"Material.001","customType":"BABYLON.StandardMaterial","backFaceCulling":true,"checkReadyOnlyOnce":false,"maxSimultaneousLights":4,"diffuse":[0.8,0.8,0.8],"specular":[0.5,0.5,0.5],"specularPower":64,"alpha":1,"indexOfRefraction":0.6897},
{"name":"wood","id":"wood","customType":"BABYLON.StandardMaterial","backFaceCulling":true,"checkReadyOnlyOnce":false,"maxSimultaneousLights":4,"specular":[0,0,0],"specularPower":0,"alpha":1,"indexOfRefraction":0.6897, 
"diffuseTexture":{"name":"darkwood01.jpg","level":1,"hasAlpha":false,"coordinatesMode":0,"uOffset":0,"vOffset":0,"uScale":1,"vScale":1,"uAng":0,"vAng":0,"wAng":0,"wrapU":1,"wrapV":1,"coordinatesIndex":0}},
{"name":"skin","id":"skin","customType":"BABYLON.StandardMaterial","backFaceCulling":true,"checkReadyOnlyOnce":false,"maxSimultaneousLights":4,"specular":[0,0,0],"specularPower":0,"alpha":1,"indexOfRefraction":0.6897, 
"diffuseTexture":{"name":"base_text02.png","level":1,"hasAlpha":true,"coordinatesMode":0,"uOffset":0,"vOffset":0,"uScale":1,"vScale":1,"uAng":0,"vAng":0,"wAng":0,"wrapU":1,"wrapV":1,"coordinatesIndex":0}},
{"name":"horns","id":"horns","customType":"BABYLON.StandardMaterial","backFaceCulling":true,"checkReadyOnlyOnce":false,"maxSimultaneousLights":4,"diffuse":[0.9242,0.8488,0.5488],"specular":[0,0,0],"specularPower":0,"alpha":1,"indexOfRefraction":0.6897},
{"name":"teeth_big","id":"teeth_big","customType":"BABYLON.StandardMaterial","backFaceCulling":true,"checkReadyOnlyOnce":false,"maxSimultaneousLights":4,"diffuse":[0.7964,0.8,0.3813],"specular":[0.5,0.5,0.5],"specularPower":64,"alpha":1,"indexOfRefraction":0.6897},
{"name":"claws","id":"claws","customType":"BABYLON.StandardMaterial","backFaceCulling":true,"checkReadyOnlyOnce":false,"maxSimultaneousLights":4,"diffuse":[0.219,0.2418,0.2889],"specular":[0.5,0.5,0.5],"specularPower":64,"alpha":1,"indexOfRefraction":0.6897},
{"name":"eyes","id":"eyes","customType":"BABYLON.StandardMaterial","backFaceCulling":true,"checkReadyOnlyOnce":false,"maxSimultaneousLights":4,"diffuse":[0.8,0.117,0.0644],"specular":[0.5,0.5,0.5],"specularPower":64,"alpha":1,"indexOfRefraction":0.6897},
{"name":"iris","id":"iris","customType":"BABYLON.StandardMaterial","backFaceCulling":true,"checkReadyOnlyOnce":false,"maxSimultaneousLights":4,"diffuse":[0.0124,0.0124,0.0124],"specular":[0.5,0.5,0.5],"specularPower":64,"alpha":1,"indexOfRefraction":0.6897},
{"name":"Material","id":"Material","customType":"BABYLON.StandardMaterial","backFaceCulling":true,"checkReadyOnlyOnce":false,"maxSimultaneousLights":4,"specular":[0,0,0],"specularPower":0,"alpha":1,"indexOfRefraction":0.6897, 
"diffuseTexture":{"name":"terrain.png","level":1,"hasAlpha":true,"coordinatesMode":0,"uOffset":0,"vOffset":0,"uScale":1,"vScale":1,"uAng":0,"vAng":0,"wAng":0,"wrapU":1,"wrapV":1,"coordinatesIndex":0}},
{"name":"trunk01.001","id":"trunk01.001","customType":"BABYLON.StandardMaterial","backFaceCulling":true,"checkReadyOnlyOnce":false,"maxSimultaneousLights":4,"specular":[0,0,0],"specularPower":0,"alpha":1,"indexOfRefraction":0.6897, 
"diffuseTexture":{"name":"darkwood01.jpg","level":1,"hasAlpha":false,"coordinatesMode":0,"uOffset":0,"vOffset":0,"uScale":1,"vScale":1,"uAng":0,"vAng":0,"wAng":0,"wrapU":1,"wrapV":1,"coordinatesIndex":0}},
{"name":"leaves02.001","id":"leaves02.001","customType":"BABYLON.StandardMaterial","backFaceCulling":false,"checkReadyOnlyOnce":false,"maxSimultaneousLights":4,"specular":[0,0,0],"specularPower":0,"alpha":1,"indexOfRefraction":0.6897, 
"diffuseTexture":{"name":"new_green01.png","level":1,"hasAlpha":true,"coordinatesMode":0,"uOffset":0,"vOffset":0,"uScale":1,"vScale":1,"uAng":0,"vAng":0,"wAng":0,"wrapU":1,"wrapV":1,"coordinatesIndex":0}},
{"name":"trunk01","id":"trunk01","customType":"BABYLON.StandardMaterial","backFaceCulling":true,"checkReadyOnlyOnce":false,"maxSimultaneousLights":4,"specular":[0,0,0],"specularPower":0,"alpha":1,"indexOfRefraction":0.6897, 
"diffuseTexture":{"name":"darkwood01.jpg","level":1,"hasAlpha":false,"coordinatesMode":0,"uOffset":0,"vOffset":0,"uScale":1,"vScale":1,"uAng":0,"vAng":0,"wAng":0,"wrapU":1,"wrapV":1,"coordinatesIndex":0}},
{"name":"leaves01","id":"leaves01","customType":"BABYLON.StandardMaterial","backFaceCulling":false,"checkReadyOnlyOnce":false,"maxSimultaneousLights":4,"specular":[0,0,0],"specularPower":0,"alpha":1,"indexOfRefraction":0.6897, 
"diffuseTexture":{"name":"new_mixed01.png","level":1,"hasAlpha":true,"coordinatesMode":0,"uOffset":0,"vOffset":0,"uScale":1,"vScale":1,"uAng":0,"vAng":0,"wAng":0,"wrapU":1,"wrapV":1,"coordinatesIndex":0}}],
"multiMaterials":[{"name":"gruffalo_new_08.Multimaterial#0","id":"gruffalo_new_08.Multimaterial#0","materials":["eyes","iris"]},{"name":"gruffalo_new_08.Multimaterial#1","id":"gruffalo_new_08.Multimaterial#1","materials":["trunk01.001","leaves02.001"]},{"name":"gruffalo_new_08.Multimaterial#2","id":"gruffalo_new_08.Multimaterial#2","materials":["trunk01","leaves01"]}],
"skeletons":[{"name":"Armature","id":0,"dimensionsAtRest":[2.1335,2.1583,0.8417],"bones":[
{"name":"hip","index":0,"matrix":[1,0,0,0,0,1,0,0,0,0,-1,0,0,0.5671,0.0815,1],"rest":[1,0,0,0,0,1,0,0,0,0,-1,0,0,0.5671,0.0815,1],"parentBoneIndex":-1,"length":0.2496
,"animation":{"dataType":3,"framePerSecond":24,"keys":[
{"frame":1,"values":[1,0,0,0,0,1,0,0,0,0,-1,0,0,0.5671,0.0815,1]},
{"frame":2,"values":[1,0,0,0,0,1,0,0,0,0,-1,0,0,0.5667,0.0822,1]},
{"frame":3,"values":[1,0,0,0,0,1,0,0,0,0,-1,0,0,0.5655,0.0841,1]},
{"frame":4,"values":[1,0,0,0,0,1,0,0,0,0,-1,0,0,0.5636,0.0872,1]},
{"frame":5,"values":[1,0,0,0,0,1,0,0,0,0,-1,0,0,0.5611,0.0914,1]},
{"frame":6,"values":[1,0,0,0,0,1,0,0,0,0,-1,0,0,0.5579,0.0966,1]},
{"frame":7,"values":[1,0,0,0,0,1,0,0,0,0,-1,0,0,0.5542,0.1026,1]},
{"frame":8,"values":[1,0,0,0,0,1,0,0,0,0,-1,0,0,0.55,0.1095,1]},
{"frame":9,"values":[1,0,0,0,0,1,0,0,0,0,-1,0,0,0.5453,0.117,1]},
{"frame":10,"values":[1,0,0,0,0,1,0,0,0,0,-1,0,0,0.5403,0.1252,1]},
{"frame":11,"values":[1,0,0,0,0,1,0,0,0,0,-1,0,0,0.535,0.1339,1]},
{"frame":12,"values":[1,0,0,0,0,1,0,0,0,0,-1,0,0,0.5294,0.143,1]},
{"frame":13,"values":[1,0,0,0,0,1,0,0,0,0,-1,0,0,0.5236,0.1524,1]},
{"frame":14,"values":[1,0,0,0,0,1,0,0,0,0,-1,0,0,0.5177,0.1621,1]},
{"frame":15,"values":[1,0,0,0,0,1,0,0,0,0,-1,0,0,0.5117,0.1719,1]},
{"frame":16,"values":[1,0,0,0,0,1,0,0,0,0,-1,0,0,0.5056,0.1818,1]},
{"frame":17,"values":[1,0,0,0,0,1,0,0,0,0,-1,0,0,0.4996,0.1916,1]},
{"frame":18,"values":[1,0,0,0,0,1,0,0,0,0,-1,0,0,0.4937,0.2013,1]},
{"frame":19,"values":[1,0,0,0,0,1,0,0,0,0,-1,0,0,0.4879,0.2107,1]},
{"frame":20,"values":[1,0,0,0,0,1,0,0,0,0,-1,0,0,0.4823,0.2198,1]},
{"frame":21,"values":[1,0,0,0,0,1,0,0,0,0,-1,0,0,0.477,0.2285,1]},
{"frame":22,"values":[1,0,0,0,0,1,0,0,0,0,-1,0,0,0.4719,0.2367,1]},
{"frame":23,"values":[1,0,0,0,0,1,0,0,0,0,-1,0,0,0.4673,0.2442,1]},
{"frame":24,"values":[1,0,0,0,0,1,0,0,0,0,-1,0,0,0.4631,0.2511,1]},
{"frame":25,"values":[1,0,0,0,0,1,0,0,0,0,-1,0,0,0.4594,0.2571,1]},
{"frame":26,"values":[1,0,0,0,0,1,0,0,0,0,-1,0,0,0.4562,0.2623,1]},
{"frame":27,"values":[1,0,0,0,0,1,0,0,0,0,-1,0,0,0.4537,0.2665,1]},
{"frame":28,"values":[1,0,0,0,0,1,0,0,0,0,-1,0,0,0.4518,0.2696,1]},
{"frame":29,"values":[1,0,0,0,0,1,0,0,0,0,-1,0,0,0.4506,0.2715,1]},
{"frame":30,"values":[1,0,0,0,0,1,0,0,0,0,-1,0,0,0.4502,0.2722,1]},
{"frame":40,"values":[1,0,0,0,0,1,0,0,0,0,-1,0,0,0.4502,0.2722,1]},
{"frame":41,"values":[1,0,0,0,0,1,0,0,0,0,-1,0,0,0.4502,0.2722,1]}],"loopBehavior":1,"name":"anim","property":"_matrix"}},
{"name":"spine01","index":1,"matrix":[1,0,0,0,0,1,0,0,0,0,1,0,0,0.2496,0,1],"rest":[1,0,0,0,0,1,0,0,0,0,1,0,0,0.2496,0,1],"parentBoneIndex":0,"length":0.3449
,"animation":{"dataType":3,"framePerSecond":24,"keys":[
{"frame":1,"values":[1,0,0,0,0,1,0,0,0,0,1,0,0,0.2496,0,1]},
{"frame":30,"values":[1,0,0,0,0,1,0,0,0,0,1,0,0,0.2496,0,1]},
{"frame":40,"values":[1,0,0,0,0,1,0,0,0,0,1,0,0,0.2496,0,1]},
{"frame":41,"values":[1,0,0,0,0,1,0,0,0,0,1,0,0,0.2496,0,1]}],"loopBehavior":1,"name":"anim","property":"_matrix"}},
{"name":"spine02","index":2,"matrix":[1,0,0,0,0,1,0,0,0,0,1,0,0,0.3449,0,1],"rest":[1,0,0,0,0,1,0,0,0,0,1,0,0,0.3449,0,1],"parentBoneIndex":1,"length":0.3962
,"animation":{"dataType":3,"framePerSecond":24,"keys":[
{"frame":1,"values":[1,0,0,0,0,1,0,0,0,0,1,0,0,0.3449,0,1]},
{"frame":30,"values":[1,0,0,0,0,1,0,0,0,0,1,0,0,0.3449,0,1]},
{"frame":40,"values":[1,0,0,0,0,1,0,0,0,0,1,0,0,0.3449,0,1]},
{"frame":41,"values":[1,0,0,0,0,1,0,0,0,0,1,0,0,0.3449,0,1]}],"loopBehavior":1,"name":"anim","property":"_matrix"}},
{"name":"neck","index":3,"matrix":[1,0,0,0,0,0.9376,0.3478,0,0,-0.3478,0.9376,0,0,0.3962,0,1],"rest":[1,0,0,0,0,0.9376,0.3478,0,0,-0.3478,0.9376,0,0,0.3962,0,1],"parentBoneIndex":2,"length":0.1684
,"animation":{"dataType":3,"framePerSecond":24,"keys":[
{"frame":1,"values":[1,0,0,0,0,0.9376,0.3478,0,0,-0.3478,0.9376,0,0,0.3962,0,1]},
{"frame":30,"values":[1,0,0,0,0,0.9376,0.3478,0,0,-0.3478,0.9376,0,0,0.3962,0,1]},
{"frame":40,"values":[1,0,0,0,0,0.9376,0.3478,0,0,-0.3478,0.9376,0,0,0.3962,0,1]},
{"frame":41,"values":[1,0,0,0,0,0.9376,0.3478,0,0,-0.3478,0.9376,0,0,0.3962,0,1]}],"loopBehavior":1,"name":"anim","property":"_matrix"}},
{"name":"head_bone","index":4,"matrix":[1,0,0,0,0,1,0.0071,0,0,-0.0071,1,0,0,0.1684,0,1],"rest":[1,0,0,0,0,1,0.0071,0,0,-0.0071,1,0,0,0.1684,0,1],"parentBoneIndex":3,"length":0.4958
,"animation":{"dataType":3,"framePerSecond":24,"keys":[
{"frame":1,"values":[1,0,0,0,0,1,0.0071,0,0,-0.0071,1,0,0,0.1684,0,1]},
{"frame":30,"values":[1,0,0,0,0,1,0.0071,0,0,-0.0071,1,0,0,0.1684,0,1]},
{"frame":40,"values":[1,0,0,0,0,1,0.0071,0,0,-0.0071,1,0,0,0.1684,0,1]},
{"frame":41,"values":[1,0,0,0,0,1,0.0071,0,0,-0.0071,1,0,0,0.1684,0,1]}],"loopBehavior":1,"name":"anim","property":"_matrix"}},
{"name":"UpperLeg.L","index":5,"matrix":[-1,0,0,0,0,-1,0,0,0,0,1,0,0.25,0.0278,-0.028,1],"rest":[-1,0,0,0,0,-1,0,0,0,0,1,0,0.25,0.0278,-0.028,1],"parentBoneIndex":0,"length":0.2499
,"animation":{"dataType":3,"framePerSecond":24,"keys":[
{"frame":1,"values":[-1,0,0,0,0,-1,0,0,0,0,1,0,0.25,0.0278,-0.028,1]},
{"frame":2,"values":[-1,0,0,0,0,-0.9999,0.0143,0,0,0.0143,0.9999,0,0.25,0.0278,-0.028,1]},
{"frame":3,"values":[-1,0,0,0,0,-0.9989,0.0466,0,0,0.0466,0.9989,0,0.25,0.0278,-0.028,1]},
{"frame":4,"values":[-1,0,0,0,0,-0.9963,0.086,0,0,0.086,0.9963,0,0.25,0.0278,-0.028,1]},
{"frame":5,"values":[-1,0,0,0,0,-0.9917,0.1282,0,0,0.1282,0.9917,0,0.25,0.0278,-0.028,1]},
{"frame":6,"values":[-1,0,0,0,0,-0.9851,0.1718,0,0,0.1718,0.9851,0,0.25,0.0278,-0.028,1]},
{"frame":7,"values":[-1,0,0,0,0,-0.9764,0.216,0,0,0.216,0.9764,0,0.25,0.0278,-0.028,1]},
{"frame":8,"values":[-1,0,0,0,0,-0.9656,0.2602,0,0,0.2602,0.9656,0,0.25,0.0278,-0.028,1]},
{"frame":9,"values":[-1,0,0,0,0,-0.9526,0.3042,0,0,0.3042,0.9526,0,0.25,0.0278,-0.028,1]},
{"frame":10,"values":[-1,0,0,0,0,-0.9377,0.3475,0,0,0.3475,0.9377,0,0.25,0.0278,-0.028,1]},
{"frame":11,"values":[-1,0,0,0,0,-0.9208,0.39,0,0,0.39,0.9208,0,0.25,0.0278,-0.028,1]},
{"frame":12,"values":[-1,0,0,0,0,-0.9022,0.4313,0,0,0.4313,0.9022,0,0.25,0.0278,-0.028,1]},
{"frame":13,"values":[-1,0,0,0,0,-0.882,0.4712,0,0,0.4712,0.882,0,0.25,0.0278,-0.028,1]},
{"frame":14,"values":[-1,0,0,0,0,-0.8604,0.5095,0,0,0.5095,0.8604,0,0.25,0.0278,-0.028,1]},
{"frame":15,"values":[-1,0,0,0,0,-0.8377,0.5461,0,0,0.5461,0.8377,0,0.25,0.0278,-0.028,1]},
{"frame":16,"values":[-1,0,0,0,0,-0.8141,0.5808,0,0,0.5808,0.8141,0,0.25,0.0278,-0.028,1]},
{"frame":17,"values":[-1,0,0,0,0,-0.7898,0.6134,0,0,0.6134,0.7898,0,0.25,0.0278,-0.028,1]},
{"frame":18,"values":[-1,0,0,0,0,-0.7652,0.6437,0,0,0.6437,0.7652,0,0.25,0.0278,-0.028,1]},
{"frame":19,"values":[-1,0,0,0,0,-0.7407,0.6718,0,0,0.6718,0.7407,0,0.25,0.0278,-0.028,1]},
{"frame":20,"values":[-1,0,0,0,0,-0.7165,0.6976,0,0,0.6976,0.7165,0,0.25,0.0278,-0.028,1]},
{"frame":21,"values":[-1,0,0,0,0,-0.693,0.7209,0,0,0.7209,0.693,0,0.25,0.0278,-0.028,1]},
{"frame":22,"values":[-1,0,0,0,0,-0.6706,0.7418,0,0,0.7418,0.6706,0,0.25,0.0278,-0.028,1]},
{"frame":23,"values":[-1,0,0,0,0,-0.6496,0.7603,0,0,0.7603,0.6496,0,0.25,0.0278,-0.028,1]},
{"frame":24,"values":[-1,0,0,0,0,-0.6304,0.7763,0,0,0.7763,0.6304,0,0.25,0.0278,-0.028,1]},
{"frame":25,"values":[-1,0,0,0,0,-0.6132,0.7899,0,0,0.7899,0.6132,0,0.25,0.0278,-0.028,1]},
{"frame":26,"values":[-1,0,0,0,0,-0.5985,0.8012,0,0,0.8012,0.5985,0,0.25,0.0278,-0.028,1]},
{"frame":27,"values":[-1,0,0,0,0,-0.5865,0.8099,0,0,0.8099,0.5865,0,0.25,0.0278,-0.028,1]},
{"frame":28,"values":[-1,0,0,0,0,-0.5776,0.8163,0,0,0.8163,0.5776,0,0.25,0.0278,-0.028,1]},
{"frame":29,"values":[-1,0,0,0,0,-0.5721,0.8202,0,0,0.8202,0.5721,0,0.25,0.0278,-0.028,1]},
{"frame":30,"values":[-1,0,0,0,0,-0.5702,0.8215,0,0,0.8215,0.5702,0,0.25,0.0278,-0.028,1]},
{"frame":40,"values":[-1,0,0,0,0,-0.5702,0.8215,0,0,0.8215,0.5702,0,0.25,0.0278,-0.028,1]},
{"frame":41,"values":[-1,0,0,0,0,-0.5702,0.8215,0,0,0.8215,0.5702,0,0.25,0.0278,-0.028,1]}],"loopBehavior":1,"name":"anim","property":"_matrix"}},
{"name":"LowerLeg.L","index":6,"matrix":[1,0,0,0,0,0.9928,-0.1196,0,0,0.1196,0.9928,0,0,0.2499,0,1],"rest":[1,0,0,0,0,0.9928,-0.1196,0,0,0.1196,0.9928,0,0,0.2499,0,1],"parentBoneIndex":5,"length":0.2555
,"animation":{"dataType":3,"framePerSecond":24,"keys":[
{"frame":1,"values":[1,0,0,0,0,0.9928,-0.1196,0,0,0.1196,0.9928,0,0,0.2499,0,1]},
{"frame":2,"values":[1,0,0,0,0,0.9893,-0.1456,0,0,0.1456,0.9893,0,0,0.2499,0,1]},
{"frame":3,"values":[1,0,0,0,0,0.9793,-0.2025,0,0,0.2025,0.9793,0,0,0.2499,0,1]},
{"frame":4,"values":[1,0,0,0,0,0.9632,-0.2687,0,0,0.2687,0.9632,0,0,0.2499,0,1]},
{"frame":5,"values":[1,0,0,0,0,0.9419,-0.336,0,0,0.336,0.9419,0,0,0.2499,0,1]},
{"frame":6,"values":[1,0,0,0,0,0.9159,-0.4014,0,0,0.4014,0.9159,0,0,0.2499,0,1]},
{"frame":7,"values":[1,0,0,0,0,0.8861,-0.4636,0,0,0.4636,0.8861,0,0,0.2499,0,1]},
{"frame":8,"values":[1,0,0,0,0,0.853,-0.5218,0,0,0.5218,0.853,0,0,0.2499,0,1]},
{"frame":9,"values":[1,0,0,0,0,0.8174,-0.5761,0,0,0.5761,0.8174,0,0,0.2499,0,1]},
{"frame":10,"values":[1,0,0,0,0,0.7801,-0.6257,0,0,0.6257,0.7801,0,0,0.2499,0,1]},
{"frame":11,"values":[1,0,0,0,0,0.7417,-0.6708,0,0,0.6708,0.7417,0,0,0.2499,0,1]},
{"frame":12,"values":[1,0,0,0,0,0.7028,-0.7114,0,0,0.7114,0.7028,0,0,0.2499,0,1]},
{"frame":13,"values":[1,0,0,0,0,0.6639,-0.7478,0,0,0.7478,0.6639,0,0,0.2499,0,1]},
{"frame":14,"values":[1,0,0,0,0,0.6257,-0.7801,0,0,0.7801,0.6257,0,0,0.2499,0,1]},
{"frame":15,"values":[1,0,0,0,0,0.5885,-0.8085,0,0,0.8085,0.5885,0,0,0.2499,0,1]},
{"frame":16,"values":[1,0,0,0,0,0.5528,-0.8333,0,0,0.8333,0.5528,0,0,0.2499,0,1]},
{"frame":17,"values":[1,0,0,0,0,0.5189,-0.8548,0,0,0.8548,0.5189,0,0,0.2499,0,1]},
{"frame":18,"values":[1,0,0,0,0,0.4872,-0.8733,0,0,0.8733,0.4872,0,0,0.2499,0,1]},
{"frame":19,"values":[1,0,0,0,0,0.4577,-0.8891,0,0,0.8891,0.4577,0,0,0.2499,0,1]},
{"frame":20,"values":[1,0,0,0,0,0.4307,-0.9025,0,0,0.9025,0.4307,0,0,0.2499,0,1]},
{"frame":21,"values":[1,0,0,0,0,0.4062,-0.9138,0,0,0.9138,0.4062,0,0,0.2499,0,1]},
{"frame":22,"values":[1,0,0,0,0,0.3843,-0.9232,0,0,0.9232,0.3843,0,0,0.2499,0,1]},
{"frame":23,"values":[1,0,0,0,0,0.3652,-0.9309,0,0,0.9309,0.3652,0,0,0.2499,0,1]},
{"frame":24,"values":[1,0,0,0,0,0.3486,-0.9373,0,0,0.9373,0.3486,0,0,0.2499,0,1]},
{"frame":25,"values":[1,0,0,0,0,0.3346,-0.9424,0,0,0.9424,0.3346,0,0,0.2499,0,1]},
{"frame":26,"values":[1,0,0,0,0,0.323,-0.9464,0,0,0.9464,0.323,0,0,0.2499,0,1]},
{"frame":27,"values":[1,0,0,0,0,0.3142,-0.9494,0,0,0.9494,0.3142,0,0,0.2499,0,1]},
{"frame":28,"values":[1,0,0,0,0,0.3077,-0.9515,0,0,0.9515,0.3077,0,0,0.2499,0,1]},
{"frame":29,"values":[1,0,0,0,0,0.3038,-0.9527,0,0,0.9527,0.3038,0,0,0.2499,0,1]},
{"frame":30,"values":[1,0,0,0,0,0.3025,-0.9532,0,0,0.9532,0.3025,0,0,0.2499,0,1]},
{"frame":40,"values":[1,0,0,0,0,0.3025,-0.9532,0,0,0.9532,0.3025,0,0,0.2499,0,1]},
{"frame":41,"values":[1,0,0,0,0,0.3025,-0.9532,0,0,0.9532,0.3025,0,0,0.2499,0,1]}],"loopBehavior":1,"name":"anim","property":"_matrix"}},
{"name":"Foot.L","index":7,"matrix":[1,0,0,0,0,-0.0191,0.9998,0,0,-0.9998,-0.0191,0,0,0.2555,0,1],"rest":[1,0,0,0,0,-0.0191,0.9998,0,0,-0.9998,-0.0191,0,0,0.2555,0,1],"parentBoneIndex":6,"length":0.2734
,"animation":{"dataType":3,"framePerSecond":24,"keys":[
{"frame":1,"values":[1,0,0,0,0,-0.0191,0.9998,0,0,-0.9998,-0.0191,0,0,0.2555,0,1]},
{"frame":2,"values":[1,0,0,0,0,-0.0198,0.9998,0,0,-0.9998,-0.0198,0,0,0.2555,0,1]},
{"frame":3,"values":[1,0,0,0,0,-0.0217,0.9998,0,0,-0.9998,-0.0217,0,0,0.2555,0,1]},
{"frame":4,"values":[1,0,0,0,0,-0.0249,0.9997,0,0,-0.9997,-0.0249,0,0,0.2555,0,1]},
{"frame":5,"values":[1,0,0,0,0,-0.0291,0.9996,0,0,-0.9996,-0.0291,0,0,0.2555,0,1]},
{"frame":6,"values":[1,0,0,0,0,-0.0343,0.9994,0,0,-0.9994,-0.0343,0,0,0.2555,0,1]},
{"frame":7,"values":[1,0,0,0,0,-0.0404,0.9992,0,0,-0.9992,-0.0404,0,0,0.2555,0,1]},
{"frame":8,"values":[1,0,0,0,0,-0.0473,0.9989,0,0,-0.9989,-0.0473,0,0,0.2555,0,1]},
{"frame":9,"values":[1,0,0,0,0,-0.055,0.9985,0,0,-0.9985,-0.055,0,0,0.2555,0,1]},
{"frame":10,"values":[1,0,0,0,0,-0.0632,0.998,0,0,-0.998,-0.0632,0,0,0.2555,0,1]},
{"frame":11,"values":[1,0,0,0,0,-0.072,0.9974,0,0,-0.9974,-0.072,0,0,0.2555,0,1]},
{"frame":12,"values":[1,0,0,0,0,-0.0812,0.9967,0,0,-0.9967,-0.0812,0,0,0.2555,0,1]},
{"frame":13,"values":[1,0,0,0,0,-0.0907,0.9959,0,0,-0.9959,-0.0907,0,0,0.2555,0,1]},
{"frame":14,"values":[1,0,0,0,0,-0.1004,0.9949,0,0,-0.9949,-0.1004,0,0,0.2555,0,1]},
{"frame":15,"values":[1,0,0,0,0,-0.1103,0.9939,0,0,-0.9939,-0.1103,0,0,0.2555,0,1]},
{"frame":16,"values":[1,0,0,0,0,-0.1202,0.9928,0,0,-0.9928,-0.1202,0,0,0.2555,0,1]},
{"frame":17,"values":[1,0,0,0,0,-0.13,0.9915,0,0,-0.9915,-0.13,0,0,0.2555,0,1]},
{"frame":18,"values":[1,0,0,0,0,-0.1397,0.9902,0,0,-0.9902,-0.1397,0,0,0.2555,0,1]},
{"frame":19,"values":[1,0,0,0,0,-0.1492,0.9888,0,0,-0.9888,-0.1492,0,0,0.2555,0,1]},
{"frame":20,"values":[1,0,0,0,0,-0.1583,0.9874,0,0,-0.9874,-0.1583,0,0,0.2555,0,1]},
{"frame":21,"values":[1,0,0,0,0,-0.1669,0.986,0,0,-0.986,-0.1669,0,0,0.2555,0,1]},
{"frame":22,"values":[1,0,0,0,0,-0.1751,0.9846,0,0,-0.9846,-0.1751,0,0,0.2555,0,1]},
{"frame":23,"values":[1,0,0,0,0,-0.1826,0.9832,0,0,-0.9832,-0.1826,0,0,0.2555,0,1]},
{"frame":24,"values":[1,0,0,0,0,-0.1894,0.9819,0,0,-0.9819,-0.1894,0,0,0.2555,0,1]},
{"frame":25,"values":[1,0,0,0,0,-0.1954,0.9807,0,0,-0.9807,-0.1954,0,0,0.2555,0,1]},
{"frame":26,"values":[1,0,0,0,0,-0.2005,0.9797,0,0,-0.9797,-0.2005,0,0,0.2555,0,1]},
{"frame":27,"values":[1,0,0,0,0,-0.2046,0.9788,0,0,-0.9788,-0.2046,0,0,0.2555,0,1]},
{"frame":28,"values":[1,0,0,0,0,-0.2077,0.9782,0,0,-0.9782,-0.2077,0,0,0.2555,0,1]},
{"frame":29,"values":[1,0,0,0,0,-0.2096,0.9778,0,0,-0.9778,-0.2096,0,0,0.2555,0,1]},
{"frame":30,"values":[1,0,0,0,0,-0.2103,0.9776,0,0,-0.9776,-0.2103,0,0,0.2555,0,1]},
{"frame":40,"values":[1,0,0,0,0,-0.2103,0.9776,0,0,-0.9776,-0.2103,0,0,0.2555,0,1]},
{"frame":41,"values":[1,0,0,0,0,-0.2103,0.9776,0,0,-0.9776,-0.2103,0,0,0.2555,0,1]}],"loopBehavior":1,"name":"anim","property":"_matrix"}},
{"name":"Toes.L","index":8,"matrix":[1,0,0,0,0,0.9757,-0.2192,0,0,0.2192,0.9757,0,0,0.2734,0,1],"rest":[1,0,0,0,0,0.9757,-0.2192,0,0,0.2192,0.9757,0,0,0.2734,0,1],"parentBoneIndex":7,"length":0.1349
,"animation":{"dataType":3,"framePerSecond":24,"keys":[
{"frame":1,"values":[1,0,0,0,0,0.9757,-0.2192,0,0,0.2192,0.9757,0,0,0.2734,0,1]},
{"frame":30,"values":[1,0,0,0,0,0.9757,-0.2192,0,0,0.2192,0.9757,0,0,0.2734,0,1]},
{"frame":40,"values":[1,0,0,0,0,0.9757,-0.2192,0,0,0.2192,0.9757,0,0,0.2734,0,1]},
{"frame":41,"values":[1,0,0,0,0,0.9757,-0.2192,0,0,0.2192,0.9757,0,0,0.2734,0,1]}],"loopBehavior":1,"name":"anim","property":"_matrix"}},
{"name":"shoulder.L","index":9,"matrix":[-0.1785,-0.9839,0,0,0.8908,-0.1616,-0.4247,0,0.4179,-0.0758,0.9053,0,0,0.3962,0,1],"rest":[-0.1785,-0.9839,0,0,0.8908,-0.1616,-0.4247,0,0.4179,-0.0758,0.9053,0,0,0.3962,0,1],"parentBoneIndex":2,"length":0.3777
,"animation":{"dataType":3,"framePerSecond":24,"keys":[
{"frame":1,"values":[-0.1785,-0.9839,0,0,0.8908,-0.1616,-0.4247,0,0.4179,-0.0758,0.9053,0,0,0.3962,0,1]},
{"frame":30,"values":[-0.1785,-0.9839,0,0,0.8908,-0.1616,-0.4247,0,0.4179,-0.0758,0.9053,0,0,0.3962,0,1]},
{"frame":40,"values":[-0.1785,-0.9839,0,0,0.8908,-0.1616,-0.4247,0,0.4179,-0.0758,0.9053,0,0,0.3962,0,1]},
{"frame":41,"values":[-0.1785,-0.9839,0,0,0.8908,-0.1616,-0.4247,0,0.4179,-0.0758,0.9053,0,0,0.3962,0,1]}],"loopBehavior":1,"name":"anim","property":"_matrix"}},
{"name":"upperArm.L","index":10,"matrix":[0.9888,-0.135,-0.0633,0,0.1476,0.825,0.5455,0,-0.0214,-0.5488,0.8357,0,0,0.3777,0,1],"rest":[0.9888,-0.135,-0.0633,0,0.1476,0.825,0.5455,0,-0.0214,-0.5488,0.8357,0,0,0.3777,0,1],"parentBoneIndex":9,"length":0.3816
,"animation":{"dataType":3,"framePerSecond":24,"keys":[
{"frame":1,"values":[0.9888,-0.135,-0.0633,0,0.1476,0.825,0.5455,0,-0.0214,-0.5488,0.8357,0,0,0.3777,0,1]},
{"frame":2,"values":[0.9887,-0.1355,-0.0638,0,0.1482,0.8246,0.5459,0,-0.0213,-0.5492,0.8354,0,0,0.3777,0,1]},
{"frame":3,"values":[0.9885,-0.1367,-0.0653,0,0.15,0.8235,0.5471,0,-0.0211,-0.5506,0.8345,0,0,0.3777,0,1]},
{"frame":4,"values":[0.988,-0.1388,-0.0676,0,0.153,0.8217,0.5491,0,-0.0207,-0.5528,0.8331,0,0,0.3777,0,1]},
{"frame":5,"values":[0.9874,-0.1416,-0.0707,0,0.1569,0.819,0.5519,0,-0.0202,-0.5561,0.8309,0,0,0.3777,0,1]},
{"frame":6,"values":[0.9866,-0.145,-0.0746,0,0.1619,0.8154,0.5558,0,-0.0198,-0.5605,0.8279,0,0,0.3777,0,1]},
{"frame":7,"values":[0.9856,-0.1491,-0.0793,0,0.1678,0.8107,0.5608,0,-0.0193,-0.5661,0.8241,0,0,0.3777,0,1]},
{"frame":8,"values":[0.9845,-0.1538,-0.0847,0,0.1745,0.805,0.567,0,-0.019,-0.573,0.8193,0,0,0.3777,0,1]},
{"frame":9,"values":[0.9831,-0.159,-0.0907,0,0.182,0.798,0.5745,0,-0.0189,-0.5813,0.8135,0,0,0.3777,0,1]},
{"frame":10,"values":[0.9815,-0.1646,-0.0974,0,0.1903,0.7897,0.5832,0,-0.0191,-0.5909,0.8065,0,0,0.3777,0,1]},
{"frame":11,"values":[0.9797,-0.1707,-0.1047,0,0.1993,0.7801,0.5931,0,-0.0195,-0.6019,0.7983,0,0,0.3777,0,1]},
{"frame":12,"values":[0.9777,-0.1771,-0.1125,0,0.2088,0.769,0.6041,0,-0.0204,-0.6142,0.7889,0,0,0.3777,0,1]},
{"frame":13,"values":[0.9755,-0.1838,-0.1209,0,0.2189,0.7565,0.6162,0,-0.0218,-0.6276,0.7782,0,0,0.3777,0,1]},
{"frame":14,"values":[0.9731,-0.1904,-0.1296,0,0.2291,0.7426,0.6293,0,-0.0236,-0.6421,0.7663,0,0,0.3777,0,1]},
{"frame":15,"values":[0.9705,-0.1971,-0.1387,0,0.2396,0.7272,0.6432,0,-0.0259,-0.6575,0.753,0,0,0.3777,0,1]},
{"frame":16,"values":[0.9677,-0.2038,-0.1481,0,0.2503,0.7105,0.6576,0,-0.0288,-0.6735,0.7386,0,0,0.3777,0,1]},
{"frame":17,"values":[0.9648,-0.2105,-0.1577,0,0.261,0.6926,0.6725,0,-0.0323,-0.6899,0.7231,0,0,0.3777,0,1]},
{"frame":18,"values":[0.9617,-0.2168,-0.1674,0,0.2716,0.6735,0.6875,0,-0.0363,-0.7067,0.7066,0,0,0.3777,0,1]},
{"frame":19,"values":[0.9586,-0.2228,-0.1772,0,0.2818,0.6535,0.7025,0,-0.0407,-0.7234,0.6892,0,0,0.3777,0,1]},
{"frame":20,"values":[0.9554,-0.2286,-0.187,0,0.2918,0.6328,0.7173,0,-0.0456,-0.7398,0.6712,0,0,0.3777,0,1]},
{"frame":21,"values":[0.9522,-0.234,-0.1965,0,0.3013,0.6116,0.7316,0,-0.051,-0.7558,0.6528,0,0,0.3777,0,1]},
{"frame":22,"values":[0.9489,-0.2391,-0.2058,0,0.3104,0.5903,0.7451,0,-0.0567,-0.771,0.6344,0,0,0.3777,0,1]},
{"frame":23,"values":[0.9457,-0.2439,-0.2147,0,0.3189,0.5693,0.7578,0,-0.0626,-0.7851,0.6162,0,0,0.3777,0,1]},
{"frame":24,"values":[0.9427,-0.2483,-0.223,0,0.3266,0.549,0.7694,0,-0.0685,-0.7981,0.5986,0,0,0.3777,0,1]},
{"frame":25,"values":[0.9398,-0.2521,-0.2306,0,0.3335,0.53,0.7796,0,-0.0743,-0.8096,0.5822,0,0,0.3777,0,1]},
{"frame":26,"values":[0.9373,-0.2554,-0.2373,0,0.3394,0.513,0.7885,0,-0.0797,-0.8195,0.5675,0,0,0.3777,0,1]},
{"frame":27,"values":[0.9351,-0.2581,-0.2429,0,0.3442,0.4985,0.7956,0,-0.0843,-0.8276,0.555,0,0,0.3777,0,1]},
{"frame":28,"values":[0.9334,-0.2601,-0.2471,0,0.3478,0.4873,0.801,0,-0.0879,-0.8336,0.5453,0,0,0.3777,0,1]},
{"frame":29,"values":[0.9324,-0.2613,-0.2497,0,0.35,0.4801,0.8043,0,-0.0903,-0.8374,0.5391,0,0,0.3777,0,1]},
{"frame":30,"values":[0.932,-0.2617,-0.2507,0,0.3508,0.4776,0.8055,0,-0.0911,-0.8387,0.537,0,0,0.3777,0,1]},
{"frame":40,"values":[0.932,-0.2617,-0.2507,0,0.3508,0.4776,0.8055,0,-0.0911,-0.8387,0.537,0,0,0.3777,0,1]},
{"frame":41,"values":[0.932,-0.2617,-0.2507,0,0.3508,0.4776,0.8055,0,-0.0911,-0.8387,0.537,0,0,0.3777,0,1]}],"loopBehavior":1,"name":"anim","property":"_matrix"}},
{"name":"lowerArm.L","index":11,"matrix":[0.9971,-0.0754,0.0109,0,0.0556,0.8185,0.5718,0,-0.052,-0.5695,0.8203,0,0,0.3816,0,1],"rest":[0.9971,-0.0754,0.0109,0,0.0556,0.8185,0.5718,0,-0.052,-0.5695,0.8203,0,0,0.3816,0,1],"parentBoneIndex":10,"length":0.3149
,"animation":{"dataType":3,"framePerSecond":24,"keys":[
{"frame":1,"values":[0.9971,-0.0754,0.0109,0,0.0556,0.8185,0.5718,0,-0.052,-0.5695,0.8203,0,0,0.3816,0,1]},
{"frame":2,"values":[0.9971,-0.0758,0.0106,0,0.056,0.8176,0.5731,0,-0.0521,-0.5708,0.8194,0,0,0.3816,0,1]},
{"frame":3,"values":[0.997,-0.0769,0.0098,0,0.0572,0.8149,0.5767,0,-0.0524,-0.5744,0.8169,0,0,0.3816,0,1]},
{"frame":4,"values":[0.9969,-0.0788,0.0085,0,0.0591,0.8108,0.5823,0,-0.0528,-0.58,0.8129,0,0,0.3816,0,1]},
{"frame":5,"values":[0.9967,-0.0812,0.0067,0,0.0616,0.8055,0.5894,0,-0.0533,-0.587,0.8078,0,0,0.3816,0,1]},
{"frame":6,"values":[0.9964,-0.0841,0.0046,0,0.0647,0.7995,0.5972,0,-0.0539,-0.5948,0.8021,0,0,0.3816,0,1]},
{"frame":7,"values":[0.9962,-0.0873,0.0022,0,0.0681,0.793,0.6054,0,-0.0546,-0.6029,0.7959,0,0,0.3816,0,1]},
{"frame":8,"values":[0.9959,-0.0907,-0.0005,0,0.0719,0.7865,0.6133,0,-0.0552,-0.6108,0.7898,0,0,0.3816,0,1]},
{"frame":9,"values":[0.9956,-0.0941,-0.0033,0,0.0758,0.7805,0.6206,0,-0.0559,-0.6181,0.7841,0,0,0.3816,0,1]},
{"frame":10,"values":[0.9952,-0.0976,-0.0061,0,0.0799,0.7751,0.6267,0,-0.0564,-0.6242,0.7792,0,0,0.3816,0,1]},
{"frame":11,"values":[0.9949,-0.1009,-0.009,0,0.0839,0.7709,0.6315,0,-0.0568,-0.629,0.7754,0,0,0.3816,0,1]},
{"frame":12,"values":[0.9945,-0.104,-0.0117,0,0.0877,0.7679,0.6345,0,-0.057,-0.6321,0.7728,0,0,0.3816,0,1]},
{"frame":13,"values":[0.9942,-0.1067,-0.0142,0,0.0914,0.7666,0.6356,0,-0.0569,-0.6333,0.7719,0,0,0.3816,0,1]},
{"frame":14,"values":[0.9938,-0.1095,-0.0166,0,0.0951,0.7669,0.6347,0,-0.0567,-0.6323,0.7726,0,0,0.3816,0,1]},
{"frame":15,"values":[0.9935,-0.1119,-0.0187,0,0.0985,0.7691,0.6315,0,-0.0563,-0.6292,0.7752,0,0,0.3816,0,1]},
{"frame":16,"values":[0.9933,-0.1138,-0.0204,0,0.1015,0.7732,0.626,0,-0.0555,-0.6239,0.7795,0,0,0.3816,0,1]},
{"frame":17,"values":[0.9931,-0.1152,-0.0217,0,0.1039,0.7791,0.6183,0,-0.0543,-0.6163,0.7857,0,0,0.3816,0,1]},
{"frame":18,"values":[0.993,-0.1162,-0.0227,0,0.106,0.7867,0.6082,0,-0.0528,-0.6064,0.7934,0,0,0.3816,0,1]},
{"frame":19,"values":[0.9929,-0.1167,-0.0234,0,0.1076,0.7958,0.5959,0,-0.0509,-0.5942,0.8027,0,0,0.3816,0,1]},
{"frame":20,"values":[0.9929,-0.1166,-0.0236,0,0.1085,0.8062,0.5816,0,-0.0487,-0.58,0.8132,0,0,0.3816,0,1]},
{"frame":21,"values":[0.993,-0.1159,-0.0235,0,0.1088,0.8177,0.5653,0,-0.0463,-0.5639,0.8245,0,0,0.3816,0,1]},
{"frame":22,"values":[0.9932,-0.1144,-0.023,0,0.1082,0.8297,0.5476,0,-0.0436,-0.5463,0.8364,0,0,0.3816,0,1]},
{"frame":23,"values":[0.9934,-0.1124,-0.0222,0,0.107,0.842,0.5287,0,-0.0407,-0.5276,0.8485,0,0,0.3816,0,1]},
{"frame":24,"values":[0.9937,-0.1098,-0.0211,0,0.1052,0.8541,0.5093,0,-0.0379,-0.5083,0.8603,0,0,0.3816,0,1]},
{"frame":25,"values":[0.9941,-0.107,-0.02,0,0.103,0.8656,0.4901,0,-0.0351,-0.4892,0.8715,0,0,0.3816,0,1]},
{"frame":26,"values":[0.9944,-0.104,-0.0189,0,0.1006,0.8759,0.4719,0,-0.0325,-0.4712,0.8814,0,0,0.3816,0,1]},
{"frame":27,"values":[0.9947,-0.1013,-0.0179,0,0.0983,0.8846,0.4559,0,-0.0304,-0.4552,0.8899,0,0,0.3816,0,1]},
{"frame":28,"values":[0.9949,-0.099,-0.017,0,0.0963,0.8913,0.4431,0,-0.0287,-0.4425,0.8963,0,0,0.3816,0,1]},
{"frame":29,"values":[0.9951,-0.0975,-0.0165,0,0.0949,0.8956,0.4347,0,-0.0276,-0.4341,0.9004,0,0,0.3816,0,1]},
{"frame":30,"values":[0.9952,-0.0969,-0.0163,0,0.0945,0.897,0.4317,0,-0.0272,-0.4312,0.9018,0,0,0.3816,0,1]},
{"frame":40,"values":[0.9952,-0.0969,-0.0163,0,0.0945,0.897,0.4317,0,-0.0272,-0.4312,0.9018,0,0,0.3816,0,1]},
{"frame":41,"values":[0.9952,-0.0969,-0.0163,0,0.0945,0.897,0.4317,0,-0.0272,-0.4312,0.9018,0,0,0.3816,0,1]}],"loopBehavior":1,"name":"anim","property":"_matrix"}},
{"name":"hand.L","index":12,"matrix":[0.9965,-0.061,0.0571,0,0.0588,0.9975,0.0385,0,-0.0593,-0.035,0.9976,0,0,0.3149,0,1],"rest":[0.9965,-0.061,0.0571,0,0.0588,0.9975,0.0385,0,-0.0593,-0.035,0.9976,0,0,0.3149,0,1],"parentBoneIndex":11,"length":0.0691
,"animation":{"dataType":3,"framePerSecond":24,"keys":[
{"frame":1,"values":[0.9965,-0.061,0.0571,0,0.0588,0.9975,0.0385,0,-0.0593,-0.035,0.9976,0,0,0.3149,0,1]},
{"frame":30,"values":[0.9965,-0.061,0.0571,0,0.0588,0.9975,0.0385,0,-0.0593,-0.035,0.9976,0,0,0.3149,0,1]},
{"frame":40,"values":[0.9965,-0.061,0.0571,0,0.0588,0.9975,0.0385,0,-0.0593,-0.035,0.9976,0,0,0.3149,0,1]},
{"frame":41,"values":[0.9965,-0.061,0.0571,0,0.0588,0.9975,0.0385,0,-0.0593,-0.035,0.9976,0,0,0.3149,0,1]}],"loopBehavior":1,"name":"anim","property":"_matrix"}},
{"name":"fingers.L","index":13,"matrix":[0.9323,0.2549,-0.2568,0,-0.1676,0.9332,0.3178,0,0.3207,-0.2532,0.9127,0,0,0.0691,0,1],"rest":[0.9323,0.2549,-0.2568,0,-0.1676,0.9332,0.3178,0,0.3207,-0.2532,0.9127,0,0,0.0691,0,1],"parentBoneIndex":12,"length":0.2581
,"animation":{"dataType":3,"framePerSecond":24,"keys":[
{"frame":1,"values":[0.9323,0.2549,-0.2568,0,-0.1676,0.9332,0.3178,0,0.3207,-0.2532,0.9127,0,0,0.0691,0,1]},
{"frame":30,"values":[0.9323,0.2549,-0.2568,0,-0.1676,0.9332,0.3178,0,0.3207,-0.2532,0.9127,0,0,0.0691,0,1]},
{"frame":40,"values":[0.9323,0.2549,-0.2568,0,-0.1676,0.9332,0.3178,0,0.3207,-0.2532,0.9127,0,0,0.0691,0,1]},
{"frame":41,"values":[0.9323,0.2549,-0.2568,0,-0.1676,0.9332,0.3178,0,0.3207,-0.2532,0.9127,0,0,0.0691,0,1]}],"loopBehavior":1,"name":"anim","property":"_matrix"}},
{"name":"jaw_bone","index":14,"matrix":[-1,0,0,0,0,0.2034,0.9791,0,0,0.9791,-0.2034,0,0,-0.0159,0.2632,1],"rest":[-1,0,0,0,0,0.2034,0.9791,0,0,0.9791,-0.2034,0,0,-0.0159,0.2632,1],"parentBoneIndex":4,"length":0.387
,"animation":{"dataType":3,"framePerSecond":24,"keys":[
{"frame":1,"values":[-1,0,0,0,0,0.2034,0.9791,0,0,0.9791,-0.2034,0,0,-0.0159,0.2632,1]},
{"frame":2,"values":[-1,0,0,0,0,0.1838,0.983,0,0,0.983,-0.1838,0,0,-0.0159,0.2632,1]},
{"frame":3,"values":[-1,0,0,0,0,0.1404,0.9901,0,0,0.9901,-0.1404,0,0,-0.0159,0.2632,1]},
{"frame":4,"values":[-1,0,0,0,0,0.0967,0.9953,0,0,0.9953,-0.0967,0,0,-0.0159,0.2632,1]},
{"frame":5,"values":[-1,0,0,0,0,0.0767,0.9971,0,0,0.9971,-0.0767,0,0,-0.0159,0.2632,1]},
{"frame":6,"values":[-1,0,0,0,0,0.09,0.9959,0,0,0.9959,-0.09,0,0,-0.0159,0.2632,1]},
{"frame":7,"values":[-1,0,0,0,0,0.1216,0.9926,0,0,0.9926,-0.1216,0,0,-0.0159,0.2632,1]},
{"frame":8,"values":[-1,0,0,0,0,0.1591,0.9873,0,0,0.9873,-0.1591,0,0,-0.0159,0.2632,1]},
{"frame":9,"values":[-1,0,0,0,0,0.1904,0.9817,0,0,0.9817,-0.1904,0,0,-0.0159,0.2632,1]},
{"frame":10,"values":[-1,0,0,0,0,0.2034,0.9791,0,0,0.9791,-0.2034,0,0,-0.0159,0.2632,1]},
{"frame":11,"values":[-1,0,0,0,0,0.1904,0.9817,0,0,0.9817,-0.1904,0,0,-0.0159,0.2632,1]},
{"frame":12,"values":[-1,0,0,0,0,0.1591,0.9873,0,0,0.9873,-0.1591,0,0,-0.0159,0.2632,1]},
{"frame":13,"values":[-1,0,0,0,0,0.1216,0.9926,0,0,0.9926,-0.1216,0,0,-0.0159,0.2632,1]},
{"frame":14,"values":[-1,0,0,0,0,0.09,0.9959,0,0,0.9959,-0.09,0,0,-0.0159,0.2632,1]},
{"frame":15,"values":[-1,0,0,0,0,0.0767,0.9971,0,0,0.9971,-0.0767,0,0,-0.0159,0.2632,1]},
{"frame":16,"values":[-1,0,0,0,0,0.09,0.9959,0,0,0.9959,-0.09,0,0,-0.0159,0.2632,1]},
{"frame":17,"values":[-1,0,0,0,0,0.1216,0.9926,0,0,0.9926,-0.1216,0,0,-0.0159,0.2632,1]},
{"frame":18,"values":[-1,0,0,0,0,0.1591,0.9873,0,0,0.9873,-0.1591,0,0,-0.0159,0.2632,1]},
{"frame":19,"values":[-1,0,0,0,0,0.1904,0.9817,0,0,0.9817,-0.1904,0,0,-0.0159,0.2632,1]},
{"frame":20,"values":[-1,0,0,0,0,0.2034,0.9791,0,0,0.9791,-0.2034,0,0,-0.0159,0.2632,1]},
{"frame":21,"values":[-1,0,0,0,0,0.1904,0.9817,0,0,0.9817,-0.1904,0,0,-0.0159,0.2632,1]},
{"frame":22,"values":[-1,0,0,0,0,0.1591,0.9873,0,0,0.9873,-0.1591,0,0,-0.0159,0.2632,1]},
{"frame":23,"values":[-1,0,0,0,0,0.1216,0.9926,0,0,0.9926,-0.1216,0,0,-0.0159,0.2632,1]},
{"frame":24,"values":[-1,0,0,0,0,0.09,0.9959,0,0,0.9959,-0.09,0,0,-0.0159,0.2632,1]},
{"frame":25,"values":[-1,0,0,0,0,0.0767,0.9971,0,0,0.9971,-0.0767,0,0,-0.0159,0.2632,1]},
{"frame":26,"values":[-1,0,0,0,0,0.09,0.9959,0,0,0.9959,-0.09,0,0,-0.0159,0.2632,1]},
{"frame":27,"values":[-1,0,0,0,0,0.1216,0.9926,0,0,0.9926,-0.1216,0,0,-0.0159,0.2632,1]},
{"frame":28,"values":[-1,0,0,0,0,0.1591,0.9873,0,0,0.9873,-0.1591,0,0,-0.0159,0.2632,1]},
{"frame":29,"values":[-1,0,0,0,0,0.1904,0.9817,0,0,0.9817,-0.1904,0,0,-0.0159,0.2632,1]},
{"frame":30,"values":[-1,0,0,0,0,0.2034,0.9791,0,0,0.9791,-0.2034,0,0,-0.0159,0.2632,1]},
{"frame":40,"values":[-1,0,0,0,0,0.2034,0.9791,0,0,0.9791,-0.2034,0,0,-0.0159,0.2632,1]},
{"frame":41,"values":[-1,0,0,0,0,0.2034,0.9791,0,0,0.9791,-0.2034,0,0,-0.0159,0.2632,1]}],"loopBehavior":1,"name":"anim","property":"_matrix"}},
{"name":"thumb.L","index":15,"matrix":[-0.9286,0.2615,-0.2635,0,-0.0658,0.5825,0.8101,0,0.3653,0.7696,-0.5237,0,-0.0375,0.0591,0.095,1],"rest":[-0.9285,0.2615,-0.2635,0,-0.0658,0.5825,0.8101,0,0.3653,0.7696,-0.5237,0,-0.0375,0.0591,0.095,1],"parentBoneIndex":12,"length":0.1474
,"animation":{"dataType":3,"framePerSecond":24,"keys":[
{"frame":1,"values":[-0.9286,0.2615,-0.2635,0,-0.0658,0.5825,0.8101,0,0.3653,0.7696,-0.5237,0,-0.0375,0.0591,0.095,1]},
{"frame":30,"values":[-0.9286,0.2615,-0.2635,0,-0.0658,0.5825,0.8101,0,0.3653,0.7696,-0.5237,0,-0.0375,0.0591,0.095,1]},
{"frame":40,"values":[-0.9286,0.2615,-0.2635,0,-0.0658,0.5825,0.8101,0,0.3653,0.7696,-0.5237,0,-0.0375,0.0591,0.095,1]},
{"frame":41,"values":[-0.9286,0.2615,-0.2635,0,-0.0658,0.5825,0.8101,0,0.3653,0.7696,-0.5237,0,-0.0375,0.0591,0.095,1]}],"loopBehavior":1,"name":"anim","property":"_matrix"}},
{"name":"shoulder.R","index":16,"matrix":[-0.1785,0.9839,0,0,-0.8908,-0.1616,-0.4247,0,-0.4179,-0.0758,0.9053,0,0,0.3962,0,1],"rest":[-0.1785,0.9839,0,0,-0.8908,-0.1616,-0.4247,0,-0.4179,-0.0758,0.9053,0,0,0.3962,0,1],"parentBoneIndex":2,"length":0.3777
,"animation":{"dataType":3,"framePerSecond":24,"keys":[
{"frame":1,"values":[-0.1785,0.9839,0,0,-0.8908,-0.1616,-0.4247,0,-0.4179,-0.0758,0.9053,0,0,0.3962,0,1]},
{"frame":30,"values":[-0.1785,0.9839,0,0,-0.8908,-0.1616,-0.4247,0,-0.4179,-0.0758,0.9053,0,0,0.3962,0,1]},
{"frame":40,"values":[-0.1785,0.9839,0,0,-0.8908,-0.1616,-0.4247,0,-0.4179,-0.0758,0.9053,0,0,0.3962,0,1]},
{"frame":41,"values":[-0.1785,0.9839,0,0,-0.8908,-0.1616,-0.4247,0,-0.4179,-0.0758,0.9053,0,0,0.3962,0,1]}],"loopBehavior":1,"name":"anim","property":"_matrix"}},
{"name":"upperArm.R","index":17,"matrix":[0.9888,0.135,0.0633,0,-0.1476,0.825,0.5455,0,0.0214,-0.5488,0.8357,0,0,0.3777,0,1],"rest":[0.9888,0.135,0.0633,0,-0.1476,0.825,0.5455,0,0.0214,-0.5488,0.8357,0,0,0.3777,0,1],"parentBoneIndex":16,"length":0.3816
,"animation":{"dataType":3,"framePerSecond":24,"keys":[
{"frame":1,"values":[0.9888,0.135,0.0633,0,-0.1476,0.825,0.5455,0,0.0214,-0.5488,0.8357,0,0,0.3777,0,1]},
{"frame":2,"values":[0.9887,0.1354,0.0638,0,-0.1482,0.8248,0.5456,0,0.0213,-0.5489,0.8356,0,0,0.3777,0,1]},
{"frame":3,"values":[0.9885,0.1366,0.0651,0,-0.1499,0.8243,0.5459,0,0.0209,-0.5494,0.8353,0,0,0.3777,0,1]},
{"frame":4,"values":[0.9881,0.1384,0.0673,0,-0.1526,0.8234,0.5466,0,0.0203,-0.5504,0.8347,0,0,0.3777,0,1]},
{"frame":5,"values":[0.9875,0.141,0.0702,0,-0.1563,0.8219,0.5478,0,0.0195,-0.552,0.8336,0,0,0.3777,0,1]},
{"frame":6,"values":[0.9868,0.1442,0.0739,0,-0.1609,0.8196,0.5498,0,0.0187,-0.5544,0.832,0,0,0.3777,0,1]},
{"frame":7,"values":[0.9859,0.148,0.0783,0,-0.1665,0.8166,0.5527,0,0.0179,-0.558,0.8297,0,0,0.3777,0,1]},
{"frame":8,"values":[0.9848,0.1524,0.0834,0,-0.1729,0.8125,0.5568,0,0.0171,-0.5627,0.8265,0,0,0.3777,0,1]},
{"frame":9,"values":[0.9835,0.1573,0.0891,0,-0.18,0.8072,0.5621,0,0.0165,-0.5689,0.8223,0,0,0.3777,0,1]},
{"frame":10,"values":[0.9821,0.1626,0.0954,0,-0.1879,0.8008,0.5687,0,0.016,-0.5764,0.817,0,0,0.3777,0,1]},
{"frame":11,"values":[0.9804,0.1682,0.1024,0,-0.1962,0.7931,0.5767,0,0.0158,-0.5855,0.8105,0,0,0.3777,0,1]},
{"frame":12,"values":[0.9786,0.174,0.1098,0,-0.2051,0.784,0.5859,0,0.0159,-0.5959,0.8029,0,0,0.3777,0,1]},
{"frame":13,"values":[0.9766,0.18,0.1177,0,-0.2145,0.7735,0.5964,0,0.0163,-0.6077,0.794,0,0,0.3777,0,1]},
{"frame":14,"values":[0.9744,0.1862,0.1261,0,-0.2242,0.7616,0.608,0,0.0172,-0.6207,0.7839,0,0,0.3777,0,1]},
{"frame":15,"values":[0.972,0.1925,0.1348,0,-0.2343,0.7484,0.6204,0,0.0186,-0.6346,0.7726,0,0,0.3777,0,1]},
{"frame":16,"values":[0.9694,0.1988,0.1438,0,-0.2445,0.734,0.6337,0,0.0205,-0.6494,0.7601,0,0,0.3777,0,1]},
{"frame":17,"values":[0.9667,0.205,0.153,0,-0.2548,0.7183,0.6474,0,0.0228,-0.6648,0.7466,0,0,0.3777,0,1]},
{"frame":18,"values":[0.9639,0.2111,0.1623,0,-0.265,0.7016,0.6614,0,0.0257,-0.6806,0.7322,0,0,0.3777,0,1]},
{"frame":19,"values":[0.961,0.2169,0.1717,0,-0.2751,0.6841,0.6755,0,0.029,-0.6964,0.7171,0,0,0.3777,0,1]},
{"frame":20,"values":[0.958,0.2225,0.181,0,-0.2849,0.6661,0.6893,0,0.0328,-0.7119,0.7015,0,0,0.3777,0,1]},
{"frame":21,"values":[0.955,0.2277,0.1901,0,-0.2943,0.6477,0.7028,0,0.0369,-0.7271,0.6856,0,0,0.3777,0,1]},
{"frame":22,"values":[0.952,0.2326,0.1988,0,-0.3032,0.6294,0.7155,0,0.0413,-0.7415,0.6697,0,0,0.3777,0,1]},
{"frame":23,"values":[0.9491,0.2371,0.2071,0,-0.3115,0.6114,0.7274,0,0.0458,-0.7549,0.6542,0,0,0.3777,0,1]},
{"frame":24,"values":[0.9464,0.2411,0.2148,0,-0.319,0.5943,0.7382,0,0.0504,-0.7672,0.6394,0,0,0.3777,0,1]},
{"frame":25,"values":[0.9439,0.2447,0.2217,0,-0.3256,0.5786,0.7478,0,0.0547,-0.7781,0.6258,0,0,0.3777,0,1]},
{"frame":26,"values":[0.9417,0.2476,0.2277,0,-0.3313,0.5646,0.756,0,0.0586,-0.7874,0.6137,0,0,0.3777,0,1]},
{"frame":27,"values":[0.9399,0.25,0.2327,0,-0.3358,0.5529,0.7626,0,0.062,-0.7949,0.6036,0,0,0.3777,0,1]},
{"frame":28,"values":[0.9385,0.2518,0.2364,0,-0.3392,0.544,0.7675,0,0.0646,-0.8004,0.5959,0,0,0.3777,0,1]},
{"frame":29,"values":[0.9376,0.2528,0.2387,0,-0.3413,0.5383,0.7705,0,0.0663,-0.8039,0.591,0,0,0.3777,0,1]},
{"frame":30,"values":[0.9373,0.2532,0.2395,0,-0.342,0.5364,0.7716,0,0.0669,-0.8051,0.5894,0,0,0.3777,0,1]},
{"frame":40,"values":[0.9373,0.2532,0.2395,0,-0.342,0.5364,0.7716,0,0.0669,-0.8051,0.5894,0,0,0.3777,0,1]},
{"frame":41,"values":[0.9373,0.2532,0.2395,0,-0.342,0.5364,0.7716,0,0.0669,-0.8051,0.5894,0,0,0.3777,0,1]}],"loopBehavior":1,"name":"anim","property":"_matrix"}},
{"name":"lowerArm.R","index":18,"matrix":[0.9971,0.0754,-0.0109,0,-0.0556,0.8185,0.5718,0,0.052,-0.5695,0.8203,0,0,0.3816,0,1],"rest":[0.9971,0.0754,-0.0109,0,-0.0556,0.8185,0.5718,0,0.052,-0.5695,0.8203,0,0,0.3816,0,1],"parentBoneIndex":17,"length":0.3149
,"animation":{"dataType":3,"framePerSecond":24,"keys":[
{"frame":1,"values":[0.9971,0.0754,-0.0109,0,-0.0556,0.8185,0.5718,0,0.052,-0.5695,0.8203,0,0,0.3816,0,1]},
{"frame":2,"values":[0.9971,0.0759,-0.0106,0,-0.0561,0.817,0.5739,0,0.0522,-0.5716,0.8189,0,0,0.3816,0,1]},
{"frame":3,"values":[0.997,0.0773,-0.0096,0,-0.0575,0.8128,0.5797,0,0.0526,-0.5774,0.8147,0,0,0.3816,0,1]},
{"frame":4,"values":[0.9968,0.0796,-0.0079,0,-0.0597,0.8061,0.5888,0,0.0532,-0.5864,0.8083,0,0,0.3816,0,1]},
{"frame":5,"values":[0.9966,0.0825,-0.0057,0,-0.0626,0.7974,0.6002,0,0.0541,-0.5978,0.7998,0,0,0.3816,0,1]},
{"frame":6,"values":[0.9963,0.086,-0.0031,0,-0.0661,0.7872,0.6132,0,0.0551,-0.6107,0.7899,0,0,0.3816,0,1]},
{"frame":7,"values":[0.996,0.0898,0,0,-0.07,0.7759,0.627,0,0.0563,-0.6244,0.7791,0,0,0.3816,0,1]},
