{"producer":{"name":"Blender","version":"2.76 (sub 0)","exporter_version":"5.4.0","file":"mogg2e.babylon"},
"autoClear":true,"clearColor":[0.0509,0.0509,0.0509],"ambientColor":[0,0,0],"gravity":[0,-9.81,0],
"materials":[{"name":"mogg2e.suit","id":"mogg2e.suit","ambient":[1,1,1],"diffuse":[1,1,1],"specular":[0,0,0],"emissive":[0,0,0],"specularPower":10,"alpha":1,"backFaceCulling":true,"checkReadyOnlyOnce":false,"maxSimultaneousLights":4, 
"diffuseTexture":{"name":"vc_baked_1024_uvs_trump2.png","level":1,"hasAlpha":1,"coordinatesMode":0,"uOffset":0,"vOffset":0,"uScale":1,"vScale":1,"uAng":0,"vAng":0,"wAng":0,"wrapU":1,"wrapV":1,"coordinatesIndex":0}},
{"name":"mogg2e.Mogg1b:Low-poly:Eye_brown","id":"mogg2e.Mogg1b:Low-poly:Eye_brown","ambient":[0.11,0.11,0.11],"diffuse":[1,1,1],"specular":[1,1,1],"emissive":[0,0,0],"specularPower":511,"alpha":1,"backFaceCulling":true,"checkReadyOnlyOnce":false,"maxSimultaneousLights":4, 
"diffuseTexture":{"name":"brown_eye.png","level":1,"hasAlpha":1,"coordinatesMode":0,"uOffset":0,"vOffset":0,"uScale":1,"vScale":1,"uAng":0,"vAng":0,"wAng":0,"wrapU":1,"wrapV":1,"coordinatesIndex":0}},
{"name":"mogg2e.glass","id":"mogg2e.glass","ambient":[0.528,0.5135,0.8],"diffuse":[0.4224,0.4108,0.64],"specular":[0.5,0.5,0.5],"emissive":[0,0,0],"specularPower":50,"alpha":0.5429,"backFaceCulling":true,"checkReadyOnlyOnce":false,"maxSimultaneousLights":4},
{"name":"mogg2e.frame","id":"mogg2e.frame","ambient":[0.2079,0.128,0.0881],"diffuse":[0.1663,0.1024,0.0705],"specular":[0.5,0.5,0.5],"emissive":[0,0,0],"specularPower":50,"alpha":1,"backFaceCulling":true,"checkReadyOnlyOnce":false,"maxSimultaneousLights":4}],
"multiMaterials":[{"name":"mogg2e.Multimaterial#0","id":"mogg2e.Multimaterial#0","materials":["mogg2e.glass","mogg2e.frame"]}],
"skeletons":[{"name":"Mogg1b","id":0,"dimensionsAtRest":[1.1985,2.0496,0.4351],"bones":[
{"name":"Hips","index":0,"matrix":[1,0,0,0,0,0.9409,0.3385,0,0,0.3385,-0.9409,0,0,1.1224,-0.0043,1],"rest":[1,0,0,0,0,0.9409,0.3385,0,0,0.3385,-0.9409,0,0,1.1224,-0.0043,1],"parentBoneIndex":-1,"length":0.105
,"animation":{"dataType":3,"framePerSecond":30,"keys":[
{"frame":1,"values":[1,0,0,0,0,0.9409,0.3385,0,0,0.3385,-0.9409,0,0,1.1224,-0.0043,1]},
{"frame":2,"values":[1,0,0,0,0,0.9409,0.3385,0,0,0.3385,-0.9409,0,0,1.1124,-0.0043,1]},
{"frame":3,"values":[1,0,0,0,0,0.9409,0.3385,0,0,0.3385,-0.9409,0,0,1.0819,-0.0043,1]},
{"frame":4,"values":[1,0,0,0,0,0.9409,0.3385,0,0,0.3385,-0.9409,0,0,1.0368,-0.0043,1]},
{"frame":5,"values":[1,0,0,0,0,0.9409,0.3385,0,0,0.3385,-0.9409,0,0,0.9899,-0.0043,1]},
{"frame":6,"values":[1,0,0,0,0,0.9409,0.3385,0,0,0.3385,-0.9409,0,0,0.9519,-0.0043,1]},
{"frame":7,"values":[1,0,0,0,0,0.9409,0.3385,0,0,0.3385,-0.9409,0,0,0.9151,-0.0043,1]},
{"frame":8,"values":[1,0,0,0,0,0.9409,0.3385,0,0,0.3385,-0.9409,0,0,0.8741,-0.0043,1]},
{"frame":9,"values":[1,0,0,0,0,0.9409,0.3385,0,0,0.3385,-0.9409,0,0,0.8438,-0.0043,1]},
{"frame":10,"values":[1,0,0,0,0,0.9409,0.3385,0,0,0.3385,-0.9409,0,0,0.8336,-0.0043,1]},
{"frame":11,"values":[1,0,0,0,0,0.9409,0.3385,0,0,0.3385,-0.9409,0,0,0.8857,-0.0043,1]},
{"frame":12,"values":[1,0,0,0,0,0.9409,0.3385,0,0,0.3385,-0.9409,0,0,1.0325,-0.0043,1]},
{"frame":13,"values":[1,0,0,0,0,0.9409,0.3385,0,0,0.3385,-0.9409,0,0,1.2209,-0.0043,1]},
{"frame":14,"values":[1,0,0,0,0,0.9409,0.3385,0,0,0.3385,-0.9409,0,0,1.3677,-0.0043,1]},
{"frame":15,"values":[1,0,0,0,0,0.9409,0.3385,0,0,0.3385,-0.9409,0,0,1.4198,-0.0043,1]},
{"frame":16,"values":[1,0,0,0,0,0.9409,0.3385,0,0,0.3385,-0.9409,0,0,1.3724,-0.0043,1]},
{"frame":17,"values":[1,0,0,0,0,0.9409,0.3385,0,0,0.3385,-0.9409,0,0,1.2391,-0.0043,1]},
{"frame":18,"values":[1,0,0,0,0,0.9409,0.3385,0,0,0.3385,-0.9409,0,0,1.0678,-0.0043,1]},
{"frame":19,"values":[1,0,0,0,0,0.9409,0.3385,0,0,0.3385,-0.9409,0,0,0.9345,-0.0043,1]},
{"frame":20,"values":[1,0,0,0,0,0.9409,0.3385,0,0,0.3385,-0.9409,0,0,0.8871,-0.0043,1]},
{"frame":21,"values":[1,0,0,0,0,0.9409,0.3385,0,0,0.3385,-0.9409,0,0,0.9081,-0.0043,1]},
{"frame":22,"values":[1,0,0,0,0,0.9409,0.3385,0,0,0.3385,-0.9409,0,0,0.967,-0.0043,1]},
{"frame":23,"values":[1,0,0,0,0,0.9409,0.3385,0,0,0.3385,-0.9409,0,0,1.0426,-0.0043,1]},
{"frame":24,"values":[1,0,0,0,0,0.9409,0.3385,0,0,0.3385,-0.9409,0,0,1.1015,-0.0043,1]},
{"frame":25,"values":[1,0,0,0,0,0.9409,0.3385,0,0,0.3385,-0.9409,0,0,1.1224,-0.0043,1]},
{"frame":26,"values":[1,0,0,0,0,0.9409,0.3385,0,0,0.3385,-0.9409,0,0,1.1158,-0.0043,1]},
{"frame":27,"values":[1,0,0,0,0,0.9409,0.3385,0,0,0.3385,-0.9409,0,0,1.0954,-0.0043,1]},
{"frame":28,"values":[1,0,0,0,0,0.9409,0.3385,0,0,0.3385,-0.9409,0,0,1.0626,-0.0043,1]},
{"frame":29,"values":[1,0,0,0,0,0.9409,0.3385,0,0,0.3385,-0.9409,0,0,1.0232,-0.0043,1]},
{"frame":30,"values":[1,0,0,0,0,0.9409,0.3385,0,0,0.3385,-0.9409,0,0,0.9846,-0.0043,1]},
{"frame":31,"values":[1,0,0,0,0,0.9409,0.3385,0,0,0.3385,-0.9409,0,0,0.9519,-0.0043,1]},
{"frame":32,"values":[1,0,0,0,0,0.9409,0.3385,0,0,0.3385,-0.9409,0,0,0.9169,-0.0043,1]},
{"frame":33,"values":[1,0,0,0,0,0.9409,0.3385,0,0,0.3385,-0.9409,0,0,0.8758,-0.0043,1]},
{"frame":34,"values":[1,0,0,0,0,0.9409,0.3385,0,0,0.3385,-0.9409,0,0,0.8443,-0.0043,1]},
{"frame":35,"values":[1,0,0,0,0,0.9409,0.3385,0,0,0.3385,-0.9409,0,0,0.8336,-0.0043,1]},
{"frame":36,"values":[1,0,0,0,0,0.9409,0.3385,0,0,0.3385,-0.9409,0,0,0.8857,-0.0043,1]},
{"frame":37,"values":[1,0,0,0,0,0.9409,0.3385,0,0,0.3385,-0.9409,0,0,1.0325,-0.0043,1]},
{"frame":38,"values":[1,0,0,0,0,0.9409,0.3385,0,0,0.3385,-0.9409,0,0,1.2209,-0.0043,1]},
{"frame":39,"values":[1,0,0,0,0,0.9409,0.3385,0,0,0.3385,-0.9409,0,0,1.3677,-0.0043,1]},
{"frame":40,"values":[1,0,0,0,0,0.9409,0.3385,0,0,0.3385,-0.9409,0,0,1.4198,-0.0043,1]},
{"frame":41,"values":[1,0,0,0,0,0.9409,0.3385,0,0,0.3385,-0.9409,0,0,1.3724,-0.0043,1]},
{"frame":42,"values":[1,0,0,0,0,0.9409,0.3385,0,0,0.3385,-0.9409,0,0,1.2391,-0.0043,1]},
{"frame":43,"values":[1,0,0,0,0,0.9409,0.3385,0,0,0.3385,-0.9409,0,0,1.0678,-0.0043,1]},
{"frame":44,"values":[1,0,0,0,0,0.9409,0.3385,0,0,0.3385,-0.9409,0,0,0.9345,-0.0043,1]},
{"frame":45,"values":[1,0,0,0,0,0.9409,0.3385,0,0,0.3385,-0.9409,0,0,0.8871,-0.0043,1]},
{"frame":46,"values":[1,0,0,0,0,0.9409,0.3385,0,0,0.3385,-0.9409,0,0,0.9081,-0.0043,1]},
{"frame":47,"values":[1,0,0,0,0,0.9409,0.3385,0,0,0.3385,-0.9409,0,0,0.967,-0.0043,1]},
{"frame":48,"values":[1,0,0,0,0,0.9409,0.3385,0,0,0.3385,-0.9409,0,0,1.0426,-0.0043,1]},
{"frame":49,"values":[1,0,0,0,0,0.9409,0.3385,0,0,0.3385,-0.9409,0,0,1.1015,-0.0043,1]},
{"frame":50,"values":[1,0,0,0,0,0.9409,0.3385,0,0,0.3385,-0.9409,0,0,1.1224,-0.0043,1]},
{"frame":51,"values":[1,0,0,0,0,0.9409,0.3385,0,0,0.3385,-0.9409,0,0,1.1158,-0.0043,1]},
{"frame":52,"values":[1,0,0,0,0,0.9409,0.3385,0,0,0.3385,-0.9409,0,0,1.0954,-0.0043,1]},
{"frame":53,"values":[1,0,0,0,0,0.9409,0.3385,0,0,0.3385,-0.9409,0,0,1.0626,-0.0043,1]},
{"frame":54,"values":[1,0,0,0,0,0.9409,0.3385,0,0,0.3385,-0.9409,0,0,1.0232,-0.0043,1]},
{"frame":55,"values":[1,0,0,0,0,0.9409,0.3385,0,0,0.3385,-0.9409,0,0,0.9846,-0.0043,1]},
{"frame":56,"values":[1,0,0,0,0,0.9409,0.3385,0,0,0.3385,-0.9409,0,0,0.9519,-0.0043,1]},
{"frame":57,"values":[1,0,0,0,0,0.9409,0.3385,0,0,0.3385,-0.9409,0,0,0.9169,-0.0043,1]},
{"frame":58,"values":[1,0,0,0,0,0.9409,0.3385,0,0,0.3385,-0.9409,0,0,0.8758,-0.0043,1]},
{"frame":59,"values":[1,0,0,0,0,0.9409,0.3385,0,0,0.3385,-0.9409,0,0,0.8443,-0.0043,1]},
{"frame":60,"values":[1,0,0,0,0,0.9409,0.3385,0,0,0.3385,-0.9409,0,0,0.8336,-0.0043,1]},
{"frame":61,"values":[1,0,0,0,0,0.9409,0.3385,0,0,0.3385,-0.9409,0,0,0.8857,-0.0043,1]},
{"frame":62,"values":[1,0,0,0,0,0.9409,0.3385,0,0,0.3385,-0.9409,0,0,1.0325,-0.0043,1]},
{"frame":63,"values":[1,0,0,0,0,0.9409,0.3385,0,0,0.3385,-0.9409,0,0,1.2209,-0.0043,1]},
{"frame":64,"values":[1,0,0,0,0,0.9409,0.3385,0,0,0.3385,-0.9409,0,0,1.3677,-0.0043,1]},
{"frame":65,"values":[1,0,0,0,0,0.9409,0.3385,0,0,0.3385,-0.9409,0,0,1.4198,-0.0043,1]},
{"frame":66,"values":[1,0,0,0,0,0.9409,0.3385,0,0,0.3385,-0.9409,0,0,1.3724,-0.0043,1]},
{"frame":67,"values":[1,0,0,0,0,0.9409,0.3385,0,0,0.3385,-0.9409,0,0,1.2391,-0.0043,1]},
{"frame":68,"values":[1,0,0,0,0,0.9409,0.3385,0,0,0.3385,-0.9409,0,0,1.0678,-0.0043,1]},
{"frame":69,"values":[1,0,0,0,0,0.9409,0.3385,0,0,0.3385,-0.9409,0,0,0.9345,-0.0043,1]},
{"frame":70,"values":[1,0,0,0,0,0.9409,0.3385,0,0,0.3385,-0.9409,0,0,0.8871,-0.0043,1]},
{"frame":71,"values":[1,0,0,0,0,0.9409,0.3385,0,0,0.3385,-0.9409,0,0,0.9081,-0.0043,1]},
{"frame":72,"values":[1,0,0,0,0,0.9409,0.3385,0,0,0.3385,-0.9409,0,0,0.967,-0.0043,1]},
{"frame":73,"values":[1,0,0,0,0,0.9409,0.3385,0,0,0.3385,-0.9409,0,0,1.0426,-0.0043,1]},
{"frame":74,"values":[1,0,0,0,0,0.9409,0.3385,0,0,0.3385,-0.9409,0,0,1.1015,-0.0043,1]},
{"frame":75,"values":[1,0,0,0,0,0.9409,0.3385,0,0,0.3385,-0.9409,0,0,1.1224,-0.0043,1]}],"loopBehavior":1,"name":"anim","property":"_matrix"}},
{"name":"LowerBack","index":1,"matrix":[1,0,0,0,0,0.9361,0.3517,0,0,-0.3517,0.9361,0,0,0.105,0,1],"rest":[1,0,0,0,0,0.9361,0.3517,0,0,-0.3517,0.9361,0,0,0.105,0,1],"parentBoneIndex":0,"length":0.1656
,"animation":{"dataType":3,"framePerSecond":30,"keys":[
{"frame":1,"values":[1,0,0,0,0,0.9361,0.3517,0,0,-0.3517,0.9361,0,0,0.105,0,1]},
{"frame":75,"values":[1,0,0,0,0,0.9361,0.3517,0,0,-0.3517,0.9361,0,0,0.105,0,1]}],"loopBehavior":1,"name":"anim","property":"_matrix"}},
{"name":"Spine","index":2,"matrix":[1,0,0,0,0,0.9859,-0.1676,0,0,0.1676,0.9859,0,0,0.1656,0,1],"rest":[1,0,0,0,0,0.9859,-0.1676,0,0,0.1676,0.9859,0,0,0.1656,0,1],"parentBoneIndex":1,"length":0.1631
,"animation":{"dataType":3,"framePerSecond":30,"keys":[
{"frame":1,"values":[1,0,0,0,0,0.9859,-0.1676,0,0,0.1676,0.9859,0,0,0.1656,0,1]},
{"frame":75,"values":[1,0,0,0,0,0.9859,-0.1676,0,0,0.1676,0.9859,0,0,0.1656,0,1]}],"loopBehavior":1,"name":"anim","property":"_matrix"}},
{"name":"Spine1","index":3,"matrix":[1,0,0,0,0,0.9065,0.4221,0,0,-0.4221,0.9065,0,0,0.1631,0,1],"rest":[1,0,0,0,0,0.9065,0.4221,0,0,-0.4221,0.9065,0,0,0.1631,0,1],"parentBoneIndex":2,"length":0.2387
,"animation":{"dataType":3,"framePerSecond":30,"keys":[
{"frame":1,"values":[1,0,0,0,0,0.9065,0.4221,0,0,-0.4221,0.9065,0,0,0.1631,0,1]},
{"frame":75,"values":[1,0,0,0,0,0.9065,0.4221,0,0,-0.4221,0.9065,0,0,0.1631,0,1]}],"loopBehavior":1,"name":"anim","property":"_matrix"}},
{"name":"LeftShoulder","index":4,"matrix":[-0.1718,-0.9302,0.3243,0,0.9829,-0.1838,-0.0064,0,0.0656,0.3176,0.9459,0,0.0259,0.1652,0.04,1],"rest":[-0.1718,-0.9302,0.3243,0,0.9829,-0.1838,-0.0064,0,0.0656,0.3176,0.9459,0,0.0259,0.1652,0.04,1],"parentBoneIndex":3,"length":0.1771
,"animation":{"dataType":3,"framePerSecond":30,"keys":[
{"frame":1,"values":[-0.1718,-0.9302,0.3243,0,0.9829,-0.1838,-0.0064,0,0.0656,0.3176,0.9459,0,0.0259,0.1652,0.04,1]},
{"frame":75,"values":[-0.1718,-0.9302,0.3243,0,0.9829,-0.1838,-0.0064,0,0.0656,0.3176,0.9459,0,0.0259,0.1652,0.04,1]}],"loopBehavior":1,"name":"anim","property":"_matrix"}},
{"name":"Neck","index":5,"matrix":[1,0,0,0,0,1,0.0071,0,0,-0.0071,1,0,0,0.2387,0,1],"rest":[1,0,0,0,0,1,0.0071,0,0,-0.0071,1,0,0,0.2387,0,1],"parentBoneIndex":3,"length":0.0664
,"animation":{"dataType":3,"framePerSecond":30,"keys":[
{"frame":1,"values":[1,0,0,0,0,1,0.0071,0,0,-0.0071,1,0,0,0.2387,0,1]},
{"frame":75,"values":[1,0,0,0,0,1,0.0071,0,0,-0.0071,1,0,0,0.2387,0,1]}],"loopBehavior":1,"name":"anim","property":"_matrix"}},
{"name":"Head","index":6,"matrix":[1,0,0,0,0,0.972,-0.2351,0,0,0.2351,0.972,0,0,0.0664,0,1],"rest":[1,0,0,0,0,0.972,-0.2351,0,0,0.2351,0.972,0,0,0.0664,0,1],"parentBoneIndex":5,"length":0.2372
,"animation":{"dataType":3,"framePerSecond":30,"keys":[
{"frame":1,"values":[1,0,0,0,0,0.972,-0.2351,0,0,0.2351,0.972,0,0,0.0664,0,1]},
{"frame":75,"values":[1,0,0,0,0,0.972,-0.2351,0,0,0.2351,0.972,0,0,0.0664,0,1]}],"loopBehavior":1,"name":"anim","property":"_matrix"}},
{"name":"RightShoulder","index":7,"matrix":[-0.1718,0.9302,-0.3245,0,-0.9829,-0.1838,-0.0064,0,-0.0656,0.3178,0.9459,0,-0.0259,0.1652,0.04,1],"rest":[-0.1718,0.9302,-0.3245,0,-0.9829,-0.1838,-0.0064,0,-0.0656,0.3178,0.9459,0,-0.0259,0.1652,0.04,1],"parentBoneIndex":3,"length":0.1771
,"animation":{"dataType":3,"framePerSecond":30,"keys":[
{"frame":1,"values":[-0.1718,0.9302,-0.3245,0,-0.9829,-0.1838,-0.0064,0,-0.0656,0.3178,0.9459,0,-0.0259,0.1652,0.04,1]},
{"frame":75,"values":[-0.1718,0.9302,-0.3245,0,-0.9829,-0.1838,-0.0064,0,-0.0656,0.3178,0.9459,0,-0.0259,0.1652,0.04,1]}],"loopBehavior":1,"name":"anim","property":"_matrix"}},
{"name":"LeftArm","index":8,"matrix":[0.747,-0.6595,0.0845,0,0.6599,0.7509,0.0264,0,-0.0809,0.0361,0.9961,0,0,0.1771,0,1],"rest":[0.7803,-0.625,-0.023,0,0.6254,0.7799,0.0243,0,0.0028,-0.0333,0.9994,0,0,0.1771,0,1],"parentBoneIndex":4,"length":0.3171
,"animation":{"dataType":3,"framePerSecond":30,"keys":[
{"frame":1,"values":[0.747,-0.6595,0.0845,0,0.6599,0.7509,0.0264,0,-0.0809,0.0361,0.9961,0,0,0.1771,0,1]},
{"frame":2,"values":[0.7641,-0.6442,-0.0343,0,0.6413,0.7643,-0.0678,0,0.0699,0.0298,0.9971,0,0,0.1771,0,1]},
{"frame":3,"values":[0.7473,-0.5427,-0.3835,0,0.4997,0.8393,-0.2141,0,0.438,-0.0316,0.8984,0,0,0.1771,0,1]},
{"frame":4,"values":[0.6094,-0.3445,-0.7141,0,0.3024,0.9336,-0.1924,0,0.733,-0.0987,0.6731,0,0,0.1771,0,1]},
{"frame":5,"values":[0.4928,-0.196,-0.8478,0,0.2267,0.9696,-0.0924,0,0.8401,-0.1466,0.5223,0,0,0.1771,0,1]},
{"frame":6,"values":[0.4779,-0.112,-0.8712,0,0.1775,0.9837,-0.0291,0,0.8603,-0.1408,0.49,0,0,0.1771,0,1]},
{"frame":7,"values":[0.6035,-0.024,-0.797,0,-0.0738,0.9936,-0.0858,0,0.7939,0.1106,0.5978,0,0,0.1771,0,1]},
{"frame":8,"values":[0.8949,0.1617,-0.416,0,-0.3481,0.8363,-0.4236,0,0.2794,0.5239,0.8047,0,0,0.1771,0,1]},
{"frame":9,"values":[0.8841,0.2415,0.4002,0,-0.0669,0.9128,-0.403,0,-0.4626,0.3295,0.8231,0,0,0.1771,0,1]},
{"frame":10,"values":[0.5566,0.0958,0.8252,0,-0.1375,0.9902,-0.0222,0,-0.8193,-0.1011,0.5644,0,0,0.1771,0,1]},
{"frame":11,"values":[0.3201,-0.1117,0.9408,0,-0.3739,0.8975,0.2338,0,-0.8705,-0.4266,0.2455,0,0,0.1771,0,1]},
{"frame":12,"values":[0.2022,-0.2567,0.9451,0,-0.5887,0.7394,0.3267,0,-0.7826,-0.6225,-0.0016,0,0,0.1771,0,1]},
{"frame":13,"values":[0.1546,-0.3254,0.9329,0,-0.7126,0.6173,0.3334,0,-0.6843,-0.7163,-0.1364,0,0,0.1771,0,1]},
{"frame":14,"values":[0.1361,-0.355,0.9249,0,-0.7468,0.5767,0.3313,0,-0.651,-0.7358,-0.1866,0,0,0.1771,0,1]},
{"frame":15,"values":[0.1314,-0.3633,0.9224,0,-0.7448,0.5778,0.3337,0,-0.6542,-0.7309,-0.1947,0,0,0.1771,0,1]},
{"frame":16,"values":[0.1489,-0.3773,0.9141,0,-0.8648,0.3985,0.3054,0,-0.4795,-0.836,-0.2669,0,0,0.1771,0,1]},
{"frame":17,"values":[0.2109,-0.3967,0.8934,0,-0.8631,0.3534,0.3607,0,-0.4588,-0.8472,-0.2679,0,0,0.1771,0,1]},
{"frame":18,"values":[0.3161,-0.3466,0.8832,0,-0.8475,0.3153,0.427,0,-0.4264,-0.8834,-0.1941,0,0,0.1771,0,1]},
{"frame":19,"values":[0.4515,-0.1893,0.8719,0,-0.8146,0.3111,0.4894,0,-0.364,-0.9313,-0.0138,0,0,0.1771,0,1]},
{"frame":20,"values":[0.5636,-0.0684,0.8232,0,-0.7575,0.3546,0.5481,0,-0.3294,-0.9325,0.148,0,0,0.1771,0,1]},
{"frame":21,"values":[0.6651,-0.1085,0.7388,0,-0.4325,0.7506,0.4996,0,-0.6087,-0.6518,0.4523,0,0,0.1771,0,1]},
{"frame":22,"values":[0.766,-0.2858,0.5759,0,0.1459,0.9496,0.2773,0,-0.6261,-0.1284,0.7691,0,0,0.1771,0,1]},
{"frame":23,"values":[0.7915,-0.5044,0.345,0,0.5281,0.8487,0.0291,0,-0.3075,0.1591,0.9382,0,0,0.1771,0,1]},
{"frame":24,"values":[0.7611,-0.628,0.1625,0,0.6372,0.7707,-0.0061,0,-0.1213,0.1082,0.9867,0,0,0.1771,0,1]},
{"frame":25,"values":[0.747,-0.6595,0.0845,0,0.6599,0.7509,0.0264,0,-0.0809,0.0361,0.9961,0,0,0.1771,0,1]},
{"frame":26,"values":[0.7614,-0.6477,-0.0269,0,0.6451,0.7611,-0.0671,0,0.064,0.0337,0.9974,0,0,0.1771,0,1]},
{"frame":27,"values":[0.752,-0.5786,-0.3158,0,0.5421,0.8154,-0.2031,0,0.375,-0.0185,0.9268,0,0,0.1771,0,1]},
{"frame":28,"values":[0.6481,-0.423,-0.6333,0,0.3653,0.9023,-0.2289,0,0.6682,-0.083,0.7393,0,0,0.1771,0,1]},
{"frame":29,"values":[0.5286,-0.2754,-0.8029,0,0.2575,0.9534,-0.1575,0,0.8089,-0.1235,0.5749,0,0,0.1771,0,1]},
{"frame":30,"values":[0.472,-0.1791,-0.8632,0,0.223,0.9716,-0.0796,0,0.8529,-0.155,0.4985,0,0,0.1771,0,1]},
{"frame":31,"values":[0.4779,-0.112,-0.8712,0,0.1775,0.9837,-0.0291,0,0.8603,-0.1408,0.49,0,0,0.1771,0,1]},
{"frame":32,"values":[0.6016,-0.0292,-0.7983,0,-0.0677,0.9939,-0.0874,0,0.796,0.1067,0.5959,0,0,0.1771,0,1]},
{"frame":33,"values":[0.8958,0.1546,-0.4166,0,-0.3419,0.8386,-0.424,0,0.2839,0.5223,0.8041,0,0,0.1771,0,1]},
{"frame":34,"values":[0.884,0.2388,0.4019,0,-0.0637,0.9132,-0.4024,0,-0.4631,0.3301,0.8225,0,0,0.1771,0,1]},
{"frame":35,"values":[0.5566,0.0958,0.8252,0,-0.1375,0.9902,-0.0222,0,-0.8193,-0.1011,0.5644,0,0,0.1771,0,1]},
{"frame":36,"values":[0.3201,-0.1117,0.9408,0,-0.3739,0.8975,0.2338,0,-0.8705,-0.4266,0.2455,0,0,0.1771,0,1]},
{"frame":37,"values":[0.2022,-0.2567,0.9451,0,-0.5887,0.7394,0.3267,0,-0.7827,-0.6225,-0.0016,0,0,0.1771,0,1]},
{"frame":38,"values":[0.1546,-0.3254,0.9329,0,-0.7126,0.6173,0.3334,0,-0.6843,-0.7163,-0.1364,0,0,0.1771,0,1]},
{"frame":39,"values":[0.1361,-0.355,0.9249,0,-0.7468,0.5767,0.3313,0,-0.651,-0.7358,-0.1866,0,0,0.1771,0,1]},
{"frame":40,"values":[0.1314,-0.3633,0.9224,0,-0.7448,0.5778,0.3337,0,-0.6542,-0.7309,-0.1947,0,0,0.1771,0,1]},
{"frame":41,"values":[0.1489,-0.3773,0.9141,0,-0.8648,0.3985,0.3054,0,-0.4795,-0.836,-0.2669,0,0,0.1771,0,1]},
{"frame":42,"values":[0.2109,-0.3967,0.8934,0,-0.8631,0.3534,0.3607,0,-0.4588,-0.8472,-0.2679,0,0,0.1771,0,1]},
{"frame":43,"values":[0.3161,-0.3466,0.8832,0,-0.8475,0.3153,0.427,0,-0.4264,-0.8834,-0.1941,0,0,0.1771,0,1]},
{"frame":44,"values":[0.4515,-0.1893,0.8719,0,-0.8146,0.3111,0.4894,0,-0.364,-0.9313,-0.0138,0,0,0.1771,0,1]},
{"frame":45,"values":[0.5636,-0.0684,0.8232,0,-0.7575,0.3546,0.5481,0,-0.3294,-0.9325,0.148,0,0,0.1771,0,1]},
{"frame":46,"values":[0.6651,-0.1085,0.7388,0,-0.4325,0.7506,0.4996,0,-0.6087,-0.6518,0.4523,0,0,0.1771,0,1]},
{"frame":47,"values":[0.766,-0.2858,0.5759,0,0.1459,0.9496,0.2773,0,-0.6261,-0.1284,0.7691,0,0,0.1771,0,1]},
{"frame":48,"values":[0.7915,-0.5044,0.345,0,0.5281,0.8487,0.0291,0,-0.3075,0.1591,0.9382,0,0,0.1771,0,1]},
{"frame":49,"values":[0.7611,-0.628,0.1625,0,0.6372,0.7707,-0.0061,0,-0.1213,0.1082,0.9867,0,0,0.1771,0,1]},
{"frame":50,"values":[0.747,-0.6595,0.0845,0,0.6599,0.7509,0.0264,0,-0.0809,0.0361,0.9961,0,0,0.1771,0,1]},
{"frame":51,"values":[0.7614,-0.6477,-0.0269,0,0.6451,0.7611,-0.0671,0,0.064,0.0337,0.9974,0,0,0.1771,0,1]},
{"frame":52,"values":[0.752,-0.5786,-0.3158,0,0.5421,0.8154,-0.2031,0,0.375,-0.0185,0.9268,0,0,0.1771,0,1]},
{"frame":53,"values":[0.6481,-0.423,-0.6333,0,0.3653,0.9023,-0.2289,0,0.6682,-0.083,0.7393,0,0,0.1771,0,1]},
{"frame":54,"values":[0.5286,-0.2754,-0.8029,0,0.2575,0.9534,-0.1575,0,0.8089,-0.1235,0.5749,0,0,0.1771,0,1]},
{"frame":55,"values":[0.472,-0.1791,-0.8632,0,0.223,0.9716,-0.0796,0,0.8529,-0.155,0.4985,0,0,0.1771,0,1]},
{"frame":56,"values":[0.4779,-0.112,-0.8712,0,0.1775,0.9837,-0.0291,0,0.8603,-0.1408,0.49,0,0,0.1771,0,1]},
{"frame":57,"values":[0.6016,-0.0292,-0.7983,0,-0.0677,0.9939,-0.0874,0,0.796,0.1067,0.5959,0,0,0.1771,0,1]},
{"frame":58,"values":[0.8958,0.1546,-0.4166,0,-0.3419,0.8386,-0.424,0,0.2839,0.5223,0.8041,0,0,0.1771,0,1]},
{"frame":59,"values":[0.884,0.2388,0.4019,0,-0.0637,0.9132,-0.4024,0,-0.4631,0.3301,0.8225,0,0,0.1771,0,1]},
{"frame":60,"values":[0.5566,0.0958,0.8252,0,-0.1375,0.9902,-0.0222,0,-0.8193,-0.1011,0.5644,0,0,0.1771,0,1]},
{"frame":61,"values":[0.3201,-0.1117,0.9408,0,-0.3739,0.8975,0.2338,0,-0.8705,-0.4266,0.2455,0,0,0.1771,0,1]},
{"frame":62,"values":[0.2022,-0.2567,0.9451,0,-0.5887,0.7394,0.3267,0,-0.7827,-0.6225,-0.0016,0,0,0.1771,0,1]},
{"frame":63,"values":[0.1546,-0.3254,0.9329,0,-0.7126,0.6173,0.3334,0,-0.6843,-0.7163,-0.1364,0,0,0.1771,0,1]},
{"frame":64,"values":[0.1361,-0.355,0.9249,0,-0.7468,0.5767,0.3313,0,-0.651,-0.7358,-0.1866,0,0,0.1771,0,1]},
{"frame":65,"values":[0.1314,-0.3633,0.9224,0,-0.7448,0.5778,0.3337,0,-0.6542,-0.7309,-0.1947,0,0,0.1771,0,1]},
{"frame":66,"values":[0.1489,-0.3773,0.9141,0,-0.8648,0.3985,0.3054,0,-0.4795,-0.836,-0.2669,0,0,0.1771,0,1]},
{"frame":67,"values":[0.2109,-0.3967,0.8934,0,-0.8631,0.3534,0.3607,0,-0.4588,-0.8472,-0.2679,0,0,0.1771,0,1]},
{"frame":68,"values":[0.3161,-0.3466,0.8832,0,-0.8475,0.3153,0.427,0,-0.4264,-0.8834,-0.1941,0,0,0.1771,0,1]},
{"frame":69,"values":[0.4515,-0.1893,0.8719,0,-0.8146,0.3111,0.4894,0,-0.364,-0.9313,-0.0138,0,0,0.1771,0,1]},
{"frame":70,"values":[0.5636,-0.0684,0.8232,0,-0.7575,0.3546,0.5481,0,-0.3294,-0.9325,0.148,0,0,0.1771,0,1]},
{"frame":71,"values":[0.6634,-0.1087,0.7403,0,-0.4239,0.7607,0.4916,0,-0.6165,-0.64,0.4586,0,0,0.1771,0,1]},
{"frame":72,"values":[0.7634,-0.2847,0.5797,0,0.1685,0.9543,0.2468,0,-0.6235,-0.0907,0.7765,0,0,0.1771,0,1]},
{"frame":73,"values":[0.7946,-0.5027,0.3404,0,0.541,0.8407,-0.0212,0,-0.2755,0.201,0.9401,0,0,0.1771,0,1]},
{"frame":74,"values":[0.7649,-0.6271,0.1475,0,0.638,0.7691,-0.0383,0,-0.0894,0.1234,0.9883,0,0,0.1771,0,1]},
{"frame":75,"values":[0.747,-0.6595,0.0845,0,0.6599,0.7509,0.0264,0,-0.0809,0.0361,0.9961,0,0,0.1771,0,1]}],"loopBehavior":1,"name":"anim","property":"_matrix"}},
{"name":"LeftForeArm","index":9,"matrix":[0.9998,0.0185,-0.0018,0,-0.0117,0.7017,0.7124,0,0.0144,-0.7123,0.7018,0,0,0.3171,0,1],"rest":[0.9998,0.0185,-0.0018,0,-0.0117,0.7017,0.7124,0,0.0144,-0.7123,0.7018,0,0,0.3171,0,1],"parentBoneIndex":8,"length":0.313
,"animation":{"dataType":3,"framePerSecond":30,"keys":[
{"frame":1,"values":[0.9998,0.0185,-0.0018,0,-0.0117,0.7017,0.7124,0,0.0144,-0.7123,0.7018,0,0,0.3171,0,1]},
{"frame":2,"values":[0.9998,0.0215,0.002,0,-0.0136,0.5577,0.83,0,0.0168,-0.8298,0.5578,0,0,0.3171,0,1]},
{"frame":3,"values":[0.9996,0.0254,0.0115,0,-0.0161,0.1901,0.9816,0,0.0228,-0.9814,0.1905,0,0,0.3171,0,1]},
{"frame":4,"values":[0.9994,0.0254,0.0216,0,-0.0161,-0.1999,0.9797,0,0.0292,-0.9795,-0.1994,0,0,0.3171,0,1]},
{"frame":5,"values":[0.9993,0.0231,0.0282,0,-0.0146,-0.456,0.8899,0,0.0334,-0.8897,-0.4554,0,0,0.3171,0,1]},
{"frame":6,"values":[0.9993,0.021,0.0315,0,-0.0133,-0.5834,0.8121,0,0.0355,-0.8119,-0.5827,0,0,0.3171,0,1]},
{"frame":7,"values":[0.9992,0.0187,0.0343,0,-0.0119,-0.6903,0.7234,0,0.0372,-0.7233,-0.6895,0,0,0.3171,0,1]},
{"frame":8,"values":[0.9992,0.019,0.034,0,-0.0121,-0.6795,0.7336,0,0.0371,-0.7335,-0.6787,0,0,0.3171,0,1]},
{"frame":9,"values":[0.9994,0.0242,0.0257,0,-0.0153,-0.3564,0.9342,0,0.0318,-0.934,-0.3558,0,0,0.3171,0,1]},
{"frame":10,"values":[0.9996,0.0259,0.0152,0,-0.0164,0.0486,0.9987,0,0.0251,-0.9985,0.049,0,0,0.3171,0,1]},
{"frame":11,"values":[0.9997,0.0237,0.0059,0,-0.015,0.4057,0.9139,0,0.0192,-0.9137,0.4059,0,0,0.3171,0,1]},
{"frame":12,"values":[0.9998,0.0182,-0.0021,0,-0.0115,0.7133,0.7007,0,0.0142,-0.7006,0.7134,0,0,0.3171,0,1]},
{"frame":13,"values":[0.9999,0.0125,-0.0063,0,-0.0079,0.8762,0.4819,0,0.0115,-0.4818,0.8762,0,0,0.3171,0,1]},
{"frame":14,"values":[0.9999,0.0104,-0.0073,0,-0.0066,0.9158,0.4017,0,0.0109,-0.4016,0.9158,0,0,0.3171,0,1]},
{"frame":15,"values":[0.9999,0.0105,-0.0073,0,-0.0066,0.914,0.4057,0,0.0109,-0.4057,0.914,0,0,0.3171,0,1]},
{"frame":16,"values":[1,0.0001,-0.0095,0,-0.0001,1,0.0051,0,0.0095,-0.0051,0.9999,0,0,0.3171,0,1]},
{"frame":17,"values":[1,0.0001,-0.0095,0,-0.0001,1,0.0052,0,0.0095,-0.0052,0.9999,0,0,0.3171,0,1]},
{"frame":21,"values":[0.9998,0.0175,-0.0027,0,-0.0111,0.7361,0.6767,0,0.0138,-0.6766,0.7362,0,0,0.3171,0,1]},
{"frame":22,"values":[0.9996,0.0255,0.0117,0,-0.0161,0.182,0.9832,0,0.0229,-0.983,0.1824,0,0,0.3171,0,1]},
{"frame":23,"values":[0.9996,0.0256,0.0122,0,-0.0162,0.1643,0.9863,0,0.0232,-0.9861,0.1646,0,0,0.3171,0,1]},
{"frame":24,"values":[0.9997,0.0223,0.0032,0,-0.0141,0.5104,0.8598,0,0.0175,-0.8596,0.5106,0,0,0.3171,0,1]},
{"frame":25,"values":[0.9998,0.0185,-0.0018,0,-0.0117,0.7017,0.7124,0,0.0144,-0.7123,0.7018,0,0,0.3171,0,1]},
{"frame":26,"values":[0.9998,0.0206,0.0007,0,-0.013,0.6074,0.7943,0,0.0159,-0.7942,0.6075,0,0,0.3171,0,1]},
{"frame":27,"values":[0.9997,0.0244,0.0076,0,-0.0154,0.3405,0.9401,0,0.0203,-0.9399,0.3408,0,0,0.3171,0,1]},
{"frame":28,"values":[0.9995,0.0259,0.0164,0,-0.0164,0.0006,0.9999,0,0.0259,-0.9997,0.0011,0,0,0.3171,0,1]},
{"frame":29,"values":[0.9994,0.0248,0.0239,0,-0.0157,-0.2895,0.957,0,0.0307,-0.9569,-0.2889,0,0,0.3171,0,1]},
{"frame":30,"values":[0.9993,0.0228,0.0288,0,-0.0144,-0.4782,0.8781,0,0.0338,-0.8779,-0.4776,0,0,0.3171,0,1]},
{"frame":31,"values":[0.9993,0.021,0.0315,0,-0.0133,-0.5834,0.8121,0,0.0355,-0.8119,-0.5827,0,0,0.3171,0,1]},
{"frame":32,"values":[0.9992,0.0188,0.0342,0,-0.0119,-0.6869,0.7267,0,0.0372,-0.7265,-0.6861,0,0,0.3171,0,1]},
{"frame":33,"values":[0.9992,0.019,0.034,0,-0.0121,-0.6785,0.7345,0,0.0371,-0.7343,-0.6778,0,0,0.3171,0,1]},
{"frame":34,"values":[0.9994,0.0242,0.0257,0,-0.0153,-0.357,0.934,0,0.0318,-0.9338,-0.3564,0,0,0.3171,0,1]},
{"frame":35,"values":[0.9996,0.0259,0.0152,0,-0.0164,0.0486,0.9987,0,0.0251,-0.9985,0.049,0,0,0.3171,0,1]},
{"frame":36,"values":[0.9997,0.0237,0.0059,0,-0.015,0.4057,0.9139,0,0.0192,-0.9137,0.4059,0,0,0.3171,0,1]},
{"frame":37,"values":[0.9998,0.0182,-0.0021,0,-0.0115,0.7133,0.7007,0,0.0142,-0.7006,0.7134,0,0,0.3171,0,1]},
{"frame":38,"values":[0.9999,0.0125,-0.0063,0,-0.0079,0.8762,0.4819,0,0.0115,-0.4818,0.8762,0,0,0.3171,0,1]},
{"frame":39,"values":[0.9999,0.0104,-0.0073,0,-0.0066,0.9158,0.4017,0,0.0109,-0.4016,0.9158,0,0,0.3171,0,1]},
{"frame":40,"values":[0.9999,0.0105,-0.0073,0,-0.0066,0.914,0.4057,0,0.0109,-0.4057,0.914,0,0,0.3171,0,1]},
{"frame":41,"values":[1,0.0001,-0.0095,0,-0.0001,1,0.0051,0,0.0095,-0.0051,0.9999,0,0,0.3171,0,1]},
{"frame":42,"values":[1,0.0001,-0.0095,0,-0.0001,1,0.0052,0,0.0095,-0.0052,0.9999,0,0,0.3171,0,1]},
{"frame":46,"values":[0.9998,0.0175,-0.0027,0,-0.0111,0.7361,0.6767,0,0.0138,-0.6766,0.7362,0,0,0.3171,0,1]},
{"frame":47,"values":[0.9996,0.0255,0.0117,0,-0.0161,0.182,0.9832,0,0.0229,-0.983,0.1824,0,0,0.3171,0,1]},
{"frame":48,"values":[0.9996,0.0256,0.0122,0,-0.0162,0.1643,0.9863,0,0.0232,-0.9861,0.1646,0,0,0.3171,0,1]},
{"frame":49,"values":[0.9997,0.0223,0.0032,0,-0.0141,0.5104,0.8598,0,0.0175,-0.8596,0.5106,0,0,0.3171,0,1]},
{"frame":50,"values":[0.9998,0.0185,-0.0018,0,-0.0117,0.7017,0.7124,0,0.0144,-0.7123,0.7018,0,0,0.3171,0,1]},
{"frame":51,"values":[0.9998,0.0206,0.0007,0,-0.013,0.6074,0.7943,0,0.0159,-0.7942,0.6075,0,0,0.3171,0,1]},
{"frame":52,"values":[0.9997,0.0244,0.0076,0,-0.0154,0.3405,0.9401,0,0.0203,-0.9399,0.3408,0,0,0.3171,0,1]},
{"frame":53,"values":[0.9995,0.0259,0.0164,0,-0.0164,0.0006,0.9999,0,0.0259,-0.9997,0.0011,0,0,0.3171,0,1]},
{"frame":54,"values":[0.9994,0.0248,0.0239,0,-0.0157,-0.2895,0.957,0,0.0307,-0.9569,-0.2889,0,0,0.3171,0,1]},
{"frame":55,"values":[0.9993,0.0228,0.0288,0,-0.0144,-0.4782,0.8781,0,0.0338,-0.8779,-0.4776,0,0,0.3171,0,1]},
{"frame":56,"values":[0.9993,0.021,0.0315,0,-0.0133,-0.5834,0.8121,0,0.0355,-0.8119,-0.5827,0,0,0.3171,0,1]},
{"frame":57,"values":[0.9992,0.0188,0.0342,0,-0.0119,-0.6869,0.7267,0,0.0372,-0.7265,-0.6861,0,0,0.3171,0,1]},
{"frame":58,"values":[0.9992,0.019,0.034,0,-0.0121,-0.6785,0.7345,0,0.0371,-0.7343,-0.6778,0,0,0.3171,0,1]},
{"frame":59,"values":[0.9994,0.0242,0.0257,0,-0.0153,-0.357,0.934,0,0.0318,-0.9338,-0.3564,0,0,0.3171,0,1]},
{"frame":60,"values":[0.9996,0.0259,0.0152,0,-0.0164,0.0486,0.9987,0,0.0251,-0.9985,0.049,0,0,0.3171,0,1]},
{"frame":61,"values":[0.9997,0.0237,0.0059,0,-0.015,0.4057,0.9139,0,0.0192,-0.9137,0.4059,0,0,0.3171,0,1]},
{"frame":62,"values":[0.9998,0.0182,-0.0021,0,-0.0115,0.7133,0.7007,0,0.0142,-0.7006,0.7134,0,0,0.3171,0,1]},
{"frame":63,"values":[0.9999,0.0125,-0.0063,0,-0.0079,0.8762,0.4819,0,0.0115,-0.4818,0.8762,0,0,0.3171,0,1]},
{"frame":64,"values":[0.9999,0.0104,-0.0073,0,-0.0066,0.9158,0.4017,0,0.0109,-0.4016,0.9158,0,0,0.3171,0,1]},
{"frame":65,"values":[0.9999,0.0105,-0.0073,0,-0.0066,0.914,0.4057,0,0.0109,-0.4057,0.914,0,0,0.3171,0,1]},
{"frame":66,"values":[1,0.0001,-0.0095,0,-0.0001,1,0.0051,0,0.0095,-0.0051,0.9999,0,0,0.3171,0,1]},
{"frame":67,"values":[1,0.0001,-0.0095,0,-0.0001,1,0.0052,0,0.0095,-0.0052,0.9999,0,0,0.3171,0,1]},
{"frame":71,"values":[0.9998,0.018,-0.0022,0,-0.0114,0.7195,0.6944,0,0.0141,-0.6943,0.7196,0,0,0.3171,0,1]},
{"frame":72,"values":[0.9996,0.0256,0.0127,0,-0.0162,0.1438,0.9895,0,0.0235,-0.9893,0.1442,0,0,0.3171,0,1]},
{"frame":73,"values":[0.9996,0.0257,0.0129,0,-0.0163,0.1356,0.9906,0,0.0237,-0.9904,0.136,0,0,0.3171,0,1]},
{"frame":74,"values":[0.9997,0.0224,0.0033,0,-0.0142,0.5056,0.8626,0,0.0176,-0.8625,0.5058,0,0,0.3171,0,1]},
{"frame":75,"values":[0.9998,0.0185,-0.0018,0,-0.0117,0.7017,0.7124,0,0.0144,-0.7123,0.7018,0,0,0.3171,0,1]}],"loopBehavior":1,"name":"anim","property":"_matrix"}},
{"name":"LeftHand","index":10,"matrix":[0.9974,-0.0713,-0.0095,0,0.0718,0.9828,0.1699,0,-0.0027,-0.1701,0.9854,0,0,0.313,0,1],"rest":[0.9974,-0.0713,-0.0095,0,0.0718,0.9828,0.1699,0,-0.0027,-0.1701,0.9854,0,0,0.313,0,1],"parentBoneIndex":9,"length":0.0372
,"animation":{"dataType":3,"framePerSecond":30,"keys":[
{"frame":1,"values":[0.9974,-0.0713,-0.0095,0,0.0718,0.9828,0.1699,0,-0.0027,-0.1701,0.9854,0,0,0.313,0,1]},
{"frame":75,"values":[0.9974,-0.0713,-0.0095,0,0.0718,0.9828,0.1699,0,-0.0027,-0.1701,0.9854,0,0,0.313,0,1]}],"loopBehavior":1,"name":"anim","property":"_matrix"}},
{"name":"LThumb","index":11,"matrix":[-0.541,0.8398,0.0447,0,0.7004,0.4206,0.5767,0,0.4655,0.3433,-0.8157,0,0.0018,0.0452,0.0228,1],"rest":[-0.541,0.8398,0.0447,0,0.7004,0.4206,0.5767,0,0.4655,0.3433,-0.8157,0,0.0018,0.0452,0.0228,1],"parentBoneIndex":10,"length":0.0349
,"animation":{"dataType":3,"framePerSecond":30,"keys":[
{"frame":1,"values":[-0.541,0.8398,0.0447,0,0.7004,0.4206,0.5767,0,0.4655,0.3433,-0.8157,0,0.0018,0.0452,0.0228,1]},
{"frame":75,"values":[-0.541,0.8398,0.0447,0,0.7004,0.4206,0.5767,0,0.4655,0.3433,-0.8157,0,0.0018,0.0452,0.0228,1]}],"loopBehavior":1,"name":"anim","property":"_matrix"}},
{"name":"LeftFingerBase","index":12,"matrix":[-0.2524,0.2105,-0.9445,0,0.028,0.9772,0.2104,0,0.9672,0.0266,-0.2525,0,0,0.0372,0,1],"rest":[-0.2524,0.2105,-0.9445,0,0.028,0.9772,0.2104,0,0.9672,0.0266,-0.2525,0,0,0.0372,0,1],"parentBoneIndex":10,"length":0.0824
,"animation":{"dataType":3,"framePerSecond":30,"keys":[
{"frame":1,"values":[-0.2524,0.2105,-0.9445,0,0.028,0.9772,0.2104,0,0.9672,0.0266,-0.2525,0,0,0.0372,0,1]},
{"frame":75,"values":[-0.2524,0.2105,-0.9445,0,0.028,0.9772,0.2104,0,0.9672,0.0266,-0.2525,0,0,0.0372,0,1]}],"loopBehavior":1,"name":"anim","property":"_matrix"}},
{"name":"LeftHandFinger1","index":13,"matrix":[0.9946,-0.1033,-0.0037,0,0.1007,0.9606,0.2591,0,-0.0232,-0.2581,0.9658,0,0,0.0824,0,1],"rest":[0.9946,-0.1033,-0.0037,0,0.1007,0.9606,0.2591,0,-0.0232,-0.2581,0.9658,0,0,0.0824,0,1],"parentBoneIndex":12,"length":0.0288
,"animation":{"dataType":3,"framePerSecond":30,"keys":[
{"frame":1,"values":[0.9946,-0.1033,-0.0037,0,0.1007,0.9606,0.2591,0,-0.0232,-0.2581,0.9658,0,0,0.0824,0,1]},
{"frame":75,"values":[0.9946,-0.1033,-0.0037,0,0.1007,0.9606,0.2591,0,-0.0232,-0.2581,0.9658,0,0,0.0824,0,1]}],"loopBehavior":1,"name":"anim","property":"_matrix"}},
{"name":"RightArm","index":14,"matrix":[0.7136,0.6802,-0.168,0,-0.6857,0.7272,0.0313,0,0.1435,0.0928,0.9853,0,0,0.1771,0,1],"rest":[0.7803,0.625,0.023,0,-0.6254,0.7799,0.0242,0,-0.0029,-0.0332,0.9994,0,0,0.1771,0,1],"parentBoneIndex":7,"length":0.3171
,"animation":{"dataType":3,"framePerSecond":30,"keys":[
{"frame":1,"values":[0.7136,0.6802,-0.168,0,-0.6857,0.7272,0.0313,0,0.1435,0.0928,0.9853,0,0,0.1771,0,1]},
{"frame":2,"values":[0.7395,0.6727,-0.0256,0,-0.6728,0.7373,-0.0601,0,-0.0216,0.0616,0.9979,0,0,0.1771,0,1]},
{"frame":3,"values":[0.7248,0.5819,0.3689,0,-0.5542,0.8105,-0.1894,0,-0.4092,-0.0671,0.91,0,0,0.1771,0,1]},
{"frame":4,"values":[0.5875,0.4081,0.6988,0,-0.4362,0.887,-0.1514,0,-0.6816,-0.2159,0.6991,0,0,0.1771,0,1]},
{"frame":5,"values":[0.4816,0.2819,0.8298,0,-0.4376,0.8977,-0.0511,0,-0.7593,-0.3385,0.5557,0,0,0.1771,0,1]},
{"frame":6,"values":[0.4717,0.2033,0.858,0,-0.4221,0.9064,0.0172,0,-0.7742,-0.3703,0.5134,0,0,0.1771,0,1]},
{"frame":7,"values":[0.6006,0.1187,0.7907,0,-0.2106,0.9775,0.0132,0,-0.7714,-0.1745,0.612,0,0,0.1771,0,1]},
{"frame":8,"values":[0.9187,-0.0684,0.389,0,0.1733,0.9548,-0.2414,0,-0.3549,0.2891,0.8891,0,0,0.1771,0,1]},
{"frame":9,"values":[0.8813,-0.1596,-0.4449,0,0.0349,0.9607,-0.2754,0,0.4713,0.2271,0.8522,0,0,0.1771,0,1]},
{"frame":10,"values":[0.5752,-0.0258,-0.8176,0,0.1456,0.9868,0.0713,0,0.8049,-0.16,0.5714,0,0,0.1771,0,1]},
{"frame":11,"values":[0.3714,0.1881,-0.9092,0,0.3482,0.8796,0.3242,0,0.8607,-0.437,0.2611,0,0,0.1771,0,1]},
{"frame":12,"values":[0.2494,0.3779,-0.8916,0,0.485,0.7482,0.4528,0,0.8382,-0.5453,0.0034,0,0,0.1771,0,1]},
{"frame":13,"values":[0.1906,0.4814,-0.8555,0,0.5246,0.6867,0.5032,0,0.8298,-0.5447,-0.1217,0,0,0.1771,0,1]},
{"frame":14,"values":[0.1645,0.5281,-0.8331,0,0.5042,0.6809,0.5312,0,0.8478,-0.5075,-0.1543,0,0,0.1771,0,1]},
{"frame":15,"values":[0.1571,0.5411,-0.8262,0,0.4877,0.6849,0.5413,0,0.8588,-0.4879,-0.1562,0,0,0.1771,0,1]},
{"frame":16,"values":[0.1744,0.5448,-0.8202,0,0.5356,0.6465,0.5433,0,0.8263,-0.5341,-0.179,0,0,0.1771,0,1]},
{"frame":17,"values":[0.2282,0.534,-0.8141,0,0.6656,0.5247,0.5307,0,0.7106,-0.663,-0.2357,0,0,0.1771,0,1]},
{"frame":18,"values":[0.3226,0.4521,-0.8316,0,0.8418,0.2647,0.4704,0,0.4328,-0.8518,-0.2952,0,0,0.1771,0,1]},
{"frame":19,"values":[0.4559,0.2769,-0.8459,0,0.8041,0.2793,0.5248,0,0.3816,-0.9194,-0.0954,0,0,0.1771,0,1]},
{"frame":20,"values":[0.5774,0.1493,-0.8027,0,0.5622,0.6401,0.5236,0,0.592,-0.7536,0.2857,0,0,0.1771,0,1]},
{"frame":21,"values":[0.6791,0.1847,-0.7104,0,0.1892,0.8911,0.4125,0,0.7092,-0.4145,0.5702,0,0,0.1771,0,1]},
{"frame":22,"values":[0.7574,0.3523,-0.5498,0,-0.2899,0.9359,0.2004,0,0.5851,0.0076,0.8109,0,0,0.1771,0,1]},
{"frame":23,"values":[0.7519,0.5447,-0.3713,0,-0.5904,0.807,-0.0116,0,0.2934,0.228,0.9284,0,0,0.1771,0,1]},
{"frame":24,"values":[0.7174,0.6502,-0.25,0,-0.6762,0.7363,-0.0254,0,0.1675,0.1873,0.9679,0,0,0.1771,0,1]},
{"frame":25,"values":[0.7136,0.6802,-0.168,0,-0.6857,0.7272,0.0313,0,0.1435,0.0928,0.9853,0,0,0.1771,0,1]},
{"frame":26,"values":[0.7395,0.6732,0.0004,0,-0.673,0.7393,-0.0231,0,-0.0159,0.0168,0.9997,0,0,0.1771,0,1]},
{"frame":27,"values":[0.7239,0.6048,0.332,0,-0.5962,0.7905,-0.14,0,-0.3472,-0.0966,0.9328,0,0,0.1771,0,1]},
{"frame":28,"values":[0.6173,0.4672,0.6329,0,-0.4812,0.8607,-0.166,0,-0.6224,-0.2021,0.7562,0,0,0.1771,0,1]},
{"frame":29,"values":[0.5116,0.3486,0.7853,0,-0.4385,0.892,-0.1103,0,-0.7389,-0.2879,0.6092,0,0,0.1771,0,1]},
{"frame":30,"values":[0.4628,0.2668,0.8454,0,-0.4459,0.8943,-0.0381,0,-0.7661,-0.3593,0.5328,0,0,0.1771,0,1]},
{"frame":31,"values":[0.4717,0.2033,0.858,0,-0.4221,0.9064,0.0172,0,-0.7742,-0.3703,0.5134,0,0,0.1771,0,1]},
{"frame":32,"values":[0.5981,0.1238,0.7918,0,-0.2158,0.9764,0.0103,0,-0.7719,-0.177,0.6106,0,0,0.1771,0,1]},
{"frame":33,"values":[0.918,-0.0611,0.3919,0,0.1669,0.9558,-0.2421,0,-0.3597,0.2877,0.8876,0,0,0.1771,0,1]},
{"frame":34,"values":[0.8816,-0.1572,-0.4451,0,0.0324,0.9609,-0.2751,0,0.4709,0.2281,0.8522,0,0,0.1771,0,1]},
{"frame":35,"values":[0.5752,-0.0258,-0.8176,0,0.1456,0.9868,0.0713,0,0.8049,-0.16,0.5714,0,0,0.1771,0,1]},
{"frame":36,"values":[0.3714,0.1881,-0.9092,0,0.3482,0.8796,0.3242,0,0.8607,-0.437,0.2611,0,0,0.1771,0,1]},
{"frame":37,"values":[0.2494,0.3779,-0.8916,0,0.485,0.7482,0.4528,0,0.8382,-0.5453,0.0034,0,0,0.1771,0,1]},
{"frame":38,"values":[0.1906,0.4814,-0.8555,0,0.5246,0.6867,0.5032,0,0.8298,-0.5447,-0.1217,0,0,0.1771,0,1]},
{"frame":39,"values":[0.1645,0.5281,-0.8331,0,0.5042,0.6809,0.5312,0,0.8478,-0.5075,-0.1543,0,0,0.1771,0,1]},
{"frame":40,"values":[0.1571,0.5411,-0.8262,0,0.4877,0.6849,0.5413,0,0.8588,-0.4879,-0.1562,0,0,0.1771,0,1]},
{"frame":41,"values":[0.1744,0.5448,-0.8202,0,0.5356,0.6465,0.5433,0,0.8263,-0.5341,-0.179,0,0,0.1771,0,1]},
{"frame":42,"values":[0.2282,0.534,-0.8141,0,0.6656,0.5247,0.5307,0,0.7106,-0.663,-0.2357,0,0,0.1771,0,1]},
{"frame":43,"values":[0.3226,0.4521,-0.8316,0,0.8418,0.2647,0.4704,0,0.4328,-0.8518,-0.2952,0,0,0.1771,0,1]},
{"frame":44,"values":[0.4559,0.2769,-0.8459,0,0.8041,0.2793,0.5248,0,0.3816,-0.9194,-0.0954,0,0,0.1771,0,1]},
{"frame":45,"values":[0.5774,0.1493,-0.8027,0,0.5622,0.6401,0.5236,0,0.592,-0.7536,0.2857,0,0,0.1771,0,1]},
{"frame":46,"values":[0.6791,0.1847,-0.7104,0,0.1892,0.8911,0.4125,0,0.7092,-0.4145,0.5702,0,0,0.1771,0,1]},
{"frame":47,"values":[0.7574,0.3523,-0.5498,0,-0.2899,0.9359,0.2004,0,0.5851,0.0076,0.8109,0,0,0.1771,0,1]},
{"frame":48,"values":[0.7519,0.5447,-0.3713,0,-0.5904,0.807,-0.0116,0,0.2934,0.228,0.9284,0,0,0.1771,0,1]},
{"frame":49,"values":[0.7174,0.6502,-0.25,0,-0.6762,0.7363,-0.0254,0,0.1675,0.1873,0.9679,0,0,0.1771,0,1]},
{"frame":50,"values":[0.7136,0.6802,-0.168,0,-0.6857,0.7272,0.0313,0,0.1435,0.0928,0.9853,0,0,0.1771,0,1]},
{"frame":51,"values":[0.7395,0.6732,0.0004,0,-0.673,0.7393,-0.0231,0,-0.0159,0.0168,0.9997,0,0,0.1771,0,1]},
{"frame":52,"values":[0.7239,0.6048,0.332,0,-0.5962,0.7905,-0.14,0,-0.3472,-0.0966,0.9328,0,0,0.1771,0,1]},
{"frame":53,"values":[0.6173,0.4672,0.6329,0,-0.4812,0.8607,-0.166,0,-0.6224,-0.2021,0.7562,0,0,0.1771,0,1]},
{"frame":54,"values":[0.5116,0.3486,0.7853,0,-0.4385,0.892,-0.1103,0,-0.7389,-0.2879,0.6092,0,0,0.1771,0,1]},
{"frame":55,"values":[0.4628,0.2668,0.8454,0,-0.4459,0.8943,-0.0381,0,-0.7661,-0.3593,0.5328,0,0,0.1771,0,1]},
{"frame":56,"values":[0.4717,0.2033,0.858,0,-0.4221,0.9064,0.0172,0,-0.7742,-0.3703,0.5134,0,0,0.1771,0,1]},
{"frame":57,"values":[0.5981,0.1238,0.7918,0,-0.2158,0.9764,0.0103,0,-0.7719,-0.177,0.6106,0,0,0.1771,0,1]},
{"frame":58,"values":[0.918,-0.0611,0.3919,0,0.1669,0.9558,-0.2421,0,-0.3597,0.2877,0.8876,0,0,0.1771,0,1]},
{"frame":59,"values":[0.8816,-0.1572,-0.4451,0,0.0324,0.9609,-0.2751,0,0.4709,0.2281,0.8522,0,0,0.1771,0,1]},
{"frame":60,"values":[0.5752,-0.0258,-0.8176,0,0.1456,0.9868,0.0713,0,0.8049,-0.16,0.5714,0,0,0.1771,0,1]},
{"frame":61,"values":[0.3714,0.1881,-0.9092,0,0.3482,0.8796,0.3242,0,0.8607,-0.437,0.2611,0,0,0.1771,0,1]},
{"frame":62,"values":[0.2494,0.3779,-0.8916,0,0.485,0.7482,0.4528,0,0.8382,-0.5453,0.0034,0,0,0.1771,0,1]},
{"frame":63,"values":[0.1906,0.4814,-0.8555,0,0.5246,0.6867,0.5032,0,0.8298,-0.5447,-0.1217,0,0,0.1771,0,1]},
{"frame":64,"values":[0.1645,0.5281,-0.8331,0,0.5042,0.6809,0.5312,0,0.8478,-0.5075,-0.1543,0,0,0.1771,0,1]},
{"frame":65,"values":[0.1571,0.5411,-0.8262,0,0.4877,0.6849,0.5413,0,0.8588,-0.4879,-0.1562,0,0,0.1771,0,1]},
{"frame":66,"values":[0.1744,0.5448,-0.8202,0,0.5356,0.6465,0.5433,0,0.8263,-0.5341,-0.179,0,0,0.1771,0,1]},
{"frame":67,"values":[0.2282,0.534,-0.8141,0,0.6656,0.5247,0.5307,0,0.7106,-0.663,-0.2357,0,0,0.1771,0,1]},
{"frame":68,"values":[0.3226,0.4521,-0.8316,0,0.8418,0.2647,0.4704,0,0.4328,-0.8518,-0.2952,0,0,0.1771,0,1]},
{"frame":69,"values":[0.4559,0.2769,-0.8459,0,0.8041,0.2793,0.5248,0,0.3816,-0.9194,-0.0954,0,0,0.1771,0,1]},
{"frame":70,"values":[0.5774,0.1493,-0.8027,0,0.5622,0.6401,0.5236,0,0.592,-0.7536,0.2857,0,0,0.1771,0,1]},
{"frame":71,"values":[0.6816,0.1839,-0.7083,0,0.1769,0.8977,0.4034,0,0.71,-0.4003,0.5793,0,0,0.1771,0,1]},
{"frame":72,"values":[0.771,0.3503,-0.5318,0,-0.3158,0.9355,0.1583,0,0.553,0.0458,0.832,0,0,0.1771,0,1]},
{"frame":73,"values":[0.7738,0.5452,-0.3225,0,-0.592,0.8036,-0.0619,0,0.2254,0.2388,0.9445,0,0,0.1771,0,1]},
{"frame":74,"values":[0.7318,0.6517,-0.1995,0,-0.6703,0.7411,-0.0379,0,0.1231,0.1615,0.9792,0,0,0.1771,0,1]},
{"frame":75,"values":[0.7136,0.6802,-0.168,0,-0.6857,0.7272,0.0313,0,0.1435,0.0928,0.9853,0,0,0.1771,0,1]}],"loopBehavior":1,"name":"anim","property":"_matrix"}},
