{"producer":{"name":"Blender","version":"2.76 (sub 0)","exporter_version":"5.4.0","file":"mogg2e.babylon"},
"autoClear":true,"clearColor":[0.0509,0.0509,0.0509],"ambientColor":[0,0,0],"gravity":[0,-9.81,0],
"materials":[{"name":"mogg2e.flag","id":"mogg2e.flag","ambient":[0.8,0.8,0.8],"diffuse":[0.64,0.64,0.64],"specular":[0.1071,0.1071,0.1071],"emissive":[0,0,0],"specularPower":50,"alpha":1,"backFaceCulling":true,"checkReadyOnlyOnce":false,"maxSimultaneousLights":4, 
"diffuseTexture":{"name":"flag2b.png","level":1,"hasAlpha":1,"coordinatesMode":0,"uOffset":0,"vOffset":0,"uScale":1,"vScale":1,"uAng":0,"vAng":0,"wAng":0,"wrapU":1,"wrapV":1,"coordinatesIndex":0}},
{"name":"mogg2e.suit","id":"mogg2e.suit","ambient":[1,1,1],"diffuse":[0.8,0.8,0.8],"specular":[0,0,0],"emissive":[0,0,0],"specularPower":10,"alpha":1,"backFaceCulling":true,"checkReadyOnlyOnce":false,"maxSimultaneousLights":4, 
"diffuseTexture":{"name":"vc_baked_1024_uvs_trump3.png","level":1,"hasAlpha":1,"coordinatesMode":0,"uOffset":0,"vOffset":0,"uScale":1,"vScale":1,"uAng":0,"vAng":0,"wAng":0,"wrapU":1,"wrapV":1,"coordinatesIndex":0}},
{"name":"mogg2e.glass","id":"mogg2e.glass","ambient":[0.528,0.5135,0.8],"diffuse":[0.4224,0.4108,0.64],"specular":[0.5,0.5,0.5],"emissive":[0,0,0],"specularPower":50,"alpha":0.5429,"backFaceCulling":true,"checkReadyOnlyOnce":false,"maxSimultaneousLights":4},
{"name":"mogg2e.frame","id":"mogg2e.frame","ambient":[0.2079,0.128,0.0881],"diffuse":[0.1663,0.1024,0.0705],"specular":[0.5,0.5,0.5],"emissive":[0,0,0],"specularPower":50,"alpha":1,"backFaceCulling":true,"checkReadyOnlyOnce":false,"maxSimultaneousLights":4}],
"multiMaterials":[{"name":"mogg2e.Multimaterial#0","id":"mogg2e.Multimaterial#0","materials":["mogg2e.glass","mogg2e.frame"]}],
"skeletons":[{"name":"Mogg1b","id":0,"dimensionsAtRest":[1.1985,2.0496,0.4351],"bones":[
{"name":"Hips","index":0,"matrix":[1,0,0,0,0,0.9409,0.3385,0,0,0.3385,-0.9409,0,0,1.1224,-0.0043,1],"rest":[1,0,0,0,0,0.9409,0.3385,0,0,0.3385,-0.9409,0,0,1.1224,-0.0043,1],"parentBoneIndex":-1,"length":0.105
,"animation":{"dataType":3,"framePerSecond":30,"keys":[
{"frame":1,"values":[1,0,0,0,0,0.9409,0.3385,0,0,0.3385,-0.9409,0,0,1.1224,-0.0043,1]},
{"frame":2,"values":[1,0,0,0,0,0.9409,0.3385,0,0,0.3385,-0.9409,0,0,1.1124,-0.0043,1]},
{"frame":3,"values":[1,0,0,0,0,0.9409,0.3385,0,0,0.3385,-0.9409,0,0,1.0819,-0.0043,1]},
{"frame":4,"values":[1,0,0,0,0,0.9409,0.3385,0,0,0.3385,-0.9409,0,0,1.0368,-0.0043,1]},
{"frame":5,"values":[1,0,0,0,0,0.9409,0.3385,0,0,0.3385,-0.9409,0,0,0.9899,-0.0043,1]},
{"frame":6,"values":[1,0,0,0,0,0.9409,0.3385,0,0,0.3385,-0.9409,0,0,0.9519,-0.0043,1]},
{"frame":7,"values":[1,0,0,0,0,0.9409,0.3385,0,0,0.3385,-0.9409,0,0,0.9151,-0.0043,1]},
{"frame":8,"values":[1,0,0,0,0,0.9409,0.3385,0,0,0.3385,-0.9409,0,0,0.8741,-0.0043,1]},
{"frame":9,"values":[1,0,0,0,0,0.9409,0.3385,0,0,0.3385,-0.9409,0,0,0.8438,-0.0043,1]},
{"frame":10,"values":[1,0,0,0,0,0.9409,0.3385,0,0,0.3385,-0.9409,0,0,0.8336,-0.0043,1]},
{"frame":11,"values":[1,0,0,0,0,0.9409,0.3385,0,0,0.3385,-0.9409,0,0,0.8857,-0.0043,1]},
{"frame":12,"values":[1,0,0,0,0,0.9409,0.3385,0,0,0.3385,-0.9409,0,0,1.0325,-0.0043,1]},
{"frame":13,"values":[1,0,0,0,0,0.9409,0.3385,0,0,0.3385,-0.9409,0,0,1.2209,-0.0043,1]},
{"frame":14,"values":[1,0,0,0,0,0.9409,0.3385,0,0,0.3385,-0.9409,0,0,1.3677,-0.0043,1]},
{"frame":15,"values":[1,0,0,0,0,0.9409,0.3385,0,0,0.3385,-0.9409,0,0,1.4198,-0.0043,1]},
{"frame":16,"values":[1,0,0,0,0,0.9409,0.3385,0,0,0.3385,-0.9409,0,0,1.3724,-0.0043,1]},
{"frame":17,"values":[1,0,0,0,0,0.9409,0.3385,0,0,0.3385,-0.9409,0,0,1.2391,-0.0043,1]},
{"frame":18,"values":[1,0,0,0,0,0.9409,0.3385,0,0,0.3385,-0.9409,0,0,1.0678,-0.0043,1]},
{"frame":19,"values":[1,0,0,0,0,0.9409,0.3385,0,0,0.3385,-0.9409,0,0,0.9345,-0.0043,1]},
{"frame":20,"values":[1,0,0,0,0,0.9409,0.3385,0,0,0.3385,-0.9409,0,0,0.8871,-0.0043,1]},
{"frame":21,"values":[1,0,0,0,0,0.9409,0.3385,0,0,0.3385,-0.9409,0,0,0.9081,-0.0043,1]},
{"frame":22,"values":[1,0,0,0,0,0.9409,0.3385,0,0,0.3385,-0.9409,0,0,0.967,-0.0043,1]},
{"frame":23,"values":[1,0,0,0,0,0.9409,0.3385,0,0,0.3385,-0.9409,0,0,1.0426,-0.0043,1]},
{"frame":24,"values":[1,0,0,0,0,0.9409,0.3385,0,0,0.3385,-0.9409,0,0,1.1015,-0.0043,1]},
{"frame":25,"values":[1,0,0,0,0,0.9409,0.3385,0,0,0.3385,-0.9409,0,0,1.1224,-0.0043,1]},
{"frame":26,"values":[1,0,0,0,0,0.9409,0.3385,0,0,0.3385,-0.9409,0,0,1.1158,-0.0043,1]},
{"frame":27,"values":[1,0,0,0,0,0.9409,0.3385,0,0,0.3385,-0.9409,0,0,1.0954,-0.0043,1]},
{"frame":28,"values":[1,0,0,0,0,0.9409,0.3385,0,0,0.3385,-0.9409,0,0,1.0626,-0.0043,1]},
{"frame":29,"values":[1,0,0,0,0,0.9409,0.3385,0,0,0.3385,-0.9409,0,0,1.0232,-0.0043,1]},
{"frame":30,"values":[1,0,0,0,0,0.9409,0.3385,0,0,0.3385,-0.9409,0,0,0.9846,-0.0043,1]},
{"frame":31,"values":[1,0,0,0,0,0.9409,0.3385,0,0,0.3385,-0.9409,0,0,0.9519,-0.0043,1]},
{"frame":32,"values":[1,0,0,0,0,0.9409,0.3385,0,0,0.3385,-0.9409,0,0,0.9169,-0.0043,1]},
{"frame":33,"values":[1,0,0,0,0,0.9409,0.3385,0,0,0.3385,-0.9409,0,0,0.8758,-0.0043,1]},
{"frame":34,"values":[1,0,0,0,0,0.9409,0.3385,0,0,0.3385,-0.9409,0,0,0.8443,-0.0043,1]},
{"frame":35,"values":[1,0,0,0,0,0.9409,0.3385,0,0,0.3385,-0.9409,0,0,0.8336,-0.0043,1]},
{"frame":36,"values":[1,0,0,0,0,0.9409,0.3385,0,0,0.3385,-0.9409,0,0,0.8857,-0.0043,1]},
{"frame":37,"values":[1,0,0,0,0,0.9409,0.3385,0,0,0.3385,-0.9409,0,0,1.0325,-0.0043,1]},
{"frame":38,"values":[1,0,0,0,0,0.9409,0.3385,0,0,0.3385,-0.9409,0,0,1.2209,-0.0043,1]},
{"frame":39,"values":[1,0,0,0,0,0.9409,0.3385,0,0,0.3385,-0.9409,0,0,1.3677,-0.0043,1]},
{"frame":40,"values":[1,0,0,0,0,0.9409,0.3385,0,0,0.3385,-0.9409,0,0,1.4198,-0.0043,1]},
{"frame":41,"values":[1,0,0,0,0,0.9409,0.3385,0,0,0.3385,-0.9409,0,0,1.3724,-0.0043,1]},
{"frame":42,"values":[1,0,0,0,0,0.9409,0.3385,0,0,0.3385,-0.9409,0,0,1.2391,-0.0043,1]},
{"frame":43,"values":[1,0,0,0,0,0.9409,0.3385,0,0,0.3385,-0.9409,0,0,1.0678,-0.0043,1]},
{"frame":44,"values":[1,0,0,0,0,0.9409,0.3385,0,0,0.3385,-0.9409,0,0,0.9345,-0.0043,1]},
{"frame":45,"values":[1,0,0,0,0,0.9409,0.3385,0,0,0.3385,-0.9409,0,0,0.8871,-0.0043,1]},
{"frame":46,"values":[1,0,0,0,0,0.9409,0.3385,0,0,0.3385,-0.9409,0,0,0.9081,-0.0043,1]},
{"frame":47,"values":[1,0,0,0,0,0.9409,0.3385,0,0,0.3385,-0.9409,0,0,0.967,-0.0043,1]},
{"frame":48,"values":[1,0,0,0,0,0.9409,0.3385,0,0,0.3385,-0.9409,0,0,1.0426,-0.0043,1]},
{"frame":49,"values":[1,0,0,0,0,0.9409,0.3385,0,0,0.3385,-0.9409,0,0,1.1015,-0.0043,1]},
{"frame":50,"values":[1,0,0,0,0,0.9409,0.3385,0,0,0.3385,-0.9409,0,0,1.1224,-0.0043,1]},
{"frame":51,"values":[1,0,0,0,0,0.9409,0.3385,0,0,0.3385,-0.9409,0,0,1.1158,-0.0043,1]},
{"frame":52,"values":[1,0,0,0,0,0.9409,0.3385,0,0,0.3385,-0.9409,0,0,1.0954,-0.0043,1]},
{"frame":53,"values":[1,0,0,0,0,0.9409,0.3385,0,0,0.3385,-0.9409,0,0,1.0626,-0.0043,1]},
{"frame":54,"values":[1,0,0,0,0,0.9409,0.3385,0,0,0.3385,-0.9409,0,0,1.0232,-0.0043,1]},
{"frame":55,"values":[1,0,0,0,0,0.9409,0.3385,0,0,0.3385,-0.9409,0,0,0.9846,-0.0043,1]},
{"frame":56,"values":[1,0,0,0,0,0.9409,0.3385,0,0,0.3385,-0.9409,0,0,0.9519,-0.0043,1]},
{"frame":57,"values":[1,0,0,0,0,0.9409,0.3385,0,0,0.3385,-0.9409,0,0,0.9169,-0.0043,1]},
{"frame":58,"values":[1,0,0,0,0,0.9409,0.3385,0,0,0.3385,-0.9409,0,0,0.8758,-0.0043,1]},
{"frame":59,"values":[1,0,0,0,0,0.9409,0.3385,0,0,0.3385,-0.9409,0,0,0.8443,-0.0043,1]},
{"frame":60,"values":[1,0,0,0,0,0.9409,0.3385,0,0,0.3385,-0.9409,0,0,0.8336,-0.0043,1]},
{"frame":61,"values":[1,0,0,0,0,0.9409,0.3385,0,0,0.3385,-0.9409,0,0,0.8857,-0.0043,1]},
{"frame":62,"values":[1,0,0,0,0,0.9409,0.3385,0,0,0.3385,-0.9409,0,0,1.0325,-0.0043,1]},
{"frame":63,"values":[1,0,0,0,0,0.9409,0.3385,0,0,0.3385,-0.9409,0,0,1.2209,-0.0043,1]},
{"frame":64,"values":[1,0,0,0,0,0.9409,0.3385,0,0,0.3385,-0.9409,0,0,1.3677,-0.0043,1]},
{"frame":65,"values":[1,0,0,0,0,0.9409,0.3385,0,0,0.3385,-0.9409,0,0,1.4198,-0.0043,1]},
{"frame":66,"values":[1,0,0,0,0,0.9409,0.3385,0,0,0.3385,-0.9409,0,0,1.3724,-0.0043,1]},
{"frame":67,"values":[1,0,0,0,0,0.9409,0.3385,0,0,0.3385,-0.9409,0,0,1.2391,-0.0043,1]},
{"frame":68,"values":[1,0,0,0,0,0.9409,0.3385,0,0,0.3385,-0.9409,0,0,1.0678,-0.0043,1]},
{"frame":69,"values":[1,0,0,0,0,0.9409,0.3385,0,0,0.3385,-0.9409,0,0,0.9345,-0.0043,1]},
{"frame":70,"values":[1,0,0,0,0,0.9409,0.3385,0,0,0.3385,-0.9409,0,0,0.8871,-0.0043,1]},
{"frame":71,"values":[1,0,0,0,0,0.9409,0.3385,0,0,0.3385,-0.9409,0,0,0.9081,-0.0043,1]},
{"frame":72,"values":[1,0,0,0,0,0.9409,0.3385,0,0,0.3385,-0.9409,0,0,0.967,-0.0043,1]},
{"frame":73,"values":[1,0,0,0,0,0.9409,0.3385,0,0,0.3385,-0.9409,0,0,1.0426,-0.0043,1]},
{"frame":74,"values":[1,0,0,0,0,0.9409,0.3385,0,0,0.3385,-0.9409,0,0,1.1015,-0.0043,1]},
{"frame":75,"values":[1,0,0,0,0,0.9409,0.3385,0,0,0.3385,-0.9409,0,0,1.1224,-0.0043,1]},
{"frame":76,"values":[1,0,0,0,0,0.9409,0.3385,0,0,0.3385,-0.9409,0,0,1.1218,-0.0043,1]},
{"frame":77,"values":[1,0,0,0,0,0.9409,0.3385,0,0,0.3385,-0.9409,0,0,1.12,-0.0043,1]},
{"frame":78,"values":[1,0,0,0,0,0.9409,0.3385,0,0,0.3385,-0.9409,0,0,1.1168,-0.0043,1]},
{"frame":79,"values":[1,0,0,0,0,0.9409,0.3385,0,0,0.3385,-0.9409,0,0,1.1124,-0.0043,1]},
{"frame":80,"values":[1,0,0,0,0,0.9409,0.3385,0,0,0.3385,-0.9409,0,0,1.1066,-0.0043,1]},
{"frame":81,"values":[1,0,0,0,0,0.9409,0.3385,0,0,0.3385,-0.9409,0,0,1.0996,-0.0043,1]},
{"frame":82,"values":[1,0,0,0,0,0.9409,0.3385,0,0,0.3385,-0.9409,0,0,1.0913,-0.0043,1]},
{"frame":83,"values":[1,0,0,0,0,0.9409,0.3385,0,0,0.3385,-0.9409,0,0,1.0819,-0.0043,1]},
{"frame":84,"values":[1,0,0,0,0,0.9409,0.3385,0,0,0.3385,-0.9409,0,0,1.0716,-0.0043,1]},
{"frame":85,"values":[1,0,0,0,0,0.9409,0.3385,0,0,0.3385,-0.9409,0,0,1.0604,-0.0043,1]},
{"frame":86,"values":[1,0,0,0,0,0.9409,0.3385,0,0,0.3385,-0.9409,0,0,1.0488,-0.0043,1]},
{"frame":87,"values":[1,0,0,0,0,0.9409,0.3385,0,0,0.3385,-0.9409,0,0,1.0368,-0.0043,1]},
{"frame":88,"values":[1,0,0,0,0,0.9409,0.3385,0,0,0.3385,-0.9409,0,0,1.0247,-0.0043,1]},
{"frame":89,"values":[1,0,0,0,0,0.9409,0.3385,0,0,0.3385,-0.9409,0,0,1.0127,-0.0043,1]},
{"frame":90,"values":[1,0,0,0,0,0.9409,0.3385,0,0,0.3385,-0.9409,0,0,1.001,-0.0043,1]},
{"frame":91,"values":[1,0,0,0,0,0.9409,0.3385,0,0,0.3385,-0.9409,0,0,0.9899,-0.0043,1]},
{"frame":92,"values":[1,0,0,0,0,0.9409,0.3385,0,0,0.3385,-0.9409,0,0,0.9793,-0.0043,1]},
{"frame":93,"values":[1,0,0,0,0,0.9409,0.3385,0,0,0.3385,-0.9409,0,0,0.9694,-0.0043,1]},
{"frame":94,"values":[1,0,0,0,0,0.9409,0.3385,0,0,0.3385,-0.9409,0,0,0.9602,-0.0043,1]},
{"frame":95,"values":[1,0,0,0,0,0.9409,0.3385,0,0,0.3385,-0.9409,0,0,0.9519,-0.0043,1]},
{"frame":96,"values":[1,0,0,0,0,0.9409,0.3385,0,0,0.3385,-0.9409,0,0,0.9437,-0.0046,1]},
{"frame":97,"values":[1,0,0,0,0,0.9409,0.3385,0,0,0.3385,-0.9409,0,0,0.9351,-0.0056,1]},
{"frame":98,"values":[1,0,0,0,0,0.9409,0.3385,0,0,0.3385,-0.9409,0,0,0.9261,-0.0071,1]},
{"frame":99,"values":[1,0,0,0,0,0.9409,0.3385,0,0,0.3385,-0.9409,0,0,0.9168,-0.009,1]},
{"frame":100,"values":[1,0,0,0,0,0.9409,0.3385,0,0,0.3385,-0.9409,0,0,0.9073,-0.0113,1]},
{"frame":101,"values":[1,0,0,0,0,0.9409,0.3385,0,0,0.3385,-0.9409,0,0,0.8977,-0.0138,1]},
{"frame":102,"values":[1,0,0,0,0,0.9409,0.3385,0,0,0.3385,-0.9409,0,0,0.8883,-0.0163,1]},
{"frame":103,"values":[1,0,0,0,0,0.9409,0.3385,0,0,0.3385,-0.9409,0,0,0.8792,-0.0184,1]},
{"frame":104,"values":[1,0,0,0,0,0.9409,0.3385,0,0,0.3385,-0.9409,0,0,0.8706,-0.0201,1]},
{"frame":105,"values":[1,0,0,0,0,0.9409,0.3385,0,0,0.3385,-0.9409,0,0,0.8627,-0.0209,1]},
{"frame":106,"values":[1,0,0,0,0,0.9409,0.3385,0,0,0.3385,-0.9409,0,0,0.8556,-0.0209,1]},
{"frame":107,"values":[1,0,0,0,0,0.9409,0.3385,0,0,0.3385,-0.9409,0,0,0.8493,-0.0198,1]},
{"frame":108,"values":[1,0,0,0,0,0.9409,0.3385,0,0,0.3385,-0.9409,0,0,0.844,-0.0176,1]},
{"frame":109,"values":[1,0,0,0,0,0.9409,0.3385,0,0,0.3385,-0.9409,0,0,0.8397,-0.0143,1]},
{"frame":110,"values":[1,0,0,0,0,0.9409,0.3385,0,0,0.3385,-0.9409,0,0,0.8362,-0.0098,1]},
{"frame":111,"values":[1,0,0,0,0,0.9409,0.3385,0,0,0.3385,-0.9409,0,0,0.8336,-0.0043,1]},
{"frame":112,"values":[1,0,0,0,0,0.9409,0.3385,0,0,0.3385,-0.9409,0,0,0.8352,0.0031,1]},
{"frame":113,"values":[1,0,0,0,0,0.9409,0.3385,0,0,0.3385,-0.9409,0,0,0.8442,0.0135,1]},
{"frame":114,"values":[1,0,0,0,0,0.9409,0.3385,0,0,0.3385,-0.9409,0,0,0.8608,0.0268,1]},
{"frame":115,"values":[1,0,0,0,0,0.9409,0.3385,0,0,0.3385,-0.9409,0,0,0.8847,0.0433,1]},
{"frame":116,"values":[1,0,0,0,0,0.9409,0.3385,0,0,0.3385,-0.9409,0,0,0.9156,0.0627,1]},
{"frame":117,"values":[1,0,0,0,0,0.9409,0.3385,0,0,0.3385,-0.9409,0,0,0.9528,0.0851,1]},
{"frame":118,"values":[1,0,0,0,0,0.9409,0.3385,0,0,0.3385,-0.9409,0,0,0.9956,0.1103,1]},
{"frame":119,"values":[1,0,0,0,0,0.9409,0.3385,0,0,0.3385,-0.9409,0,0,1.0426,0.138,1]},
{"frame":120,"values":[1,0,0,0,0,0.9409,0.3385,0,0,0.3385,-0.9409,0,0,1.0926,0.1678,1]},
{"frame":121,"values":[1,0,0,0,0,0.9409,0.3385,0,0,0.3385,-0.9409,0,0,1.1438,0.1993,1]},
{"frame":122,"values":[1,0,0,0,0,0.9409,0.3385,0,0,0.3385,-0.9409,0,0,1.1947,0.2319,1]},
{"frame":123,"values":[1,0,0,0,0,0.9409,0.3385,0,0,0.3385,-0.9409,0,0,1.2434,0.2651,1]},
{"frame":124,"values":[1,0,0,0,0,0.9409,0.3385,0,0,0.3385,-0.9409,0,0,1.2885,0.2983,1]},
{"frame":125,"values":[1,0,0,0,0,0.9409,0.3385,0,0,0.3385,-0.9409,0,0,1.3285,0.331,1]},
{"frame":126,"values":[1,0,0,0,0,0.9409,0.3385,0,0,0.3385,-0.9409,0,0,1.3624,0.3628,1]},
{"frame":127,"values":[1,0,0,0,0,0.9409,0.3385,0,0,0.3385,-0.9409,0,0,1.3893,0.3933,1]},
{"frame":128,"values":[1,0,0,0,0,0.9409,0.3385,0,0,0.3385,-0.9409,0,0,1.4087,0.4223,1]},
{"frame":129,"values":[1,0,0,0,0,0.9409,0.3385,0,0,0.3385,-0.9409,0,0,1.4202,0.4494,1]},
{"frame":130,"values":[1,0,0,0,0,0.9409,0.3385,0,0,0.3385,-0.9409,0,0,1.4239,0.4747,1]},
{"frame":131,"values":[1,0,0,0,0,0.9409,0.3385,0,0,0.3385,-0.9409,0,0,1.4198,0.498,1]},
{"frame":132,"values":[1,0,0,0,0,0.9407,0.3393,0,0,0.3393,-0.9407,0,0,1.4051,0.5201,1]},
{"frame":133,"values":[1,0,0,0,0,0.9399,0.3415,0,0,0.3415,-0.9399,0,0,1.3771,0.5418,1]},
{"frame":134,"values":[1,0,0,0,0,0.9385,0.3454,0,0,0.3454,-0.9385,0,0,1.3357,0.5631,1]},
{"frame":135,"values":[1,0,0,0,0,0.9363,0.3511,0,0,0.3511,-0.9363,0,0,1.2812,0.5838,1]},
{"frame":136,"values":[1,0,0,0,0,0.9334,0.3588,0,0,0.3588,-0.9334,0,0,1.2142,0.6037,1]},
{"frame":137,"values":[1,0,0,0,0,0.9296,0.3686,0,0,0.3686,-0.9296,0,0,1.1357,0.6227,1]},
{"frame":138,"values":[1,0,0,0,0,0.9247,0.3806,0,0,0.3806,-0.9247,0,0,1.0474,0.6407,1]},
{"frame":139,"values":[1,0,0,0,0,0.9187,0.3948,0,0,0.3948,-0.9187,0,0,0.9513,0.6574,1]},
{"frame":140,"values":[1,0,0,0,0,0.9115,0.4113,0,0,0.4113,-0.9115,0,0,0.8499,0.6728,1]},
{"frame":141,"values":[1,0,0,0,0,0.9029,0.4298,0,0,0.4298,-0.9029,0,0,0.746,0.6867,1]},
{"frame":142,"values":[1,0,0,0,0,0.8929,0.4503,0,0,0.4503,-0.8929,0,0,0.6427,0.699,1]},
{"frame":143,"values":[1,0,0,0,0,0.8813,0.4725,0,0,0.4725,-0.8813,0,0,0.5429,0.7097,1]},
{"frame":144,"values":[1,0,0,0,0,0.8682,0.4961,0,0,0.4961,-0.8682,0,0,0.4495,0.7189,1]},
{"frame":145,"values":[1,0,0,0,0,0.8536,0.5209,0,0,0.5209,-0.8536,0,0,0.3649,0.7265,1]},
{"frame":146,"values":[1,0,0,0,0,0.8375,0.5464,0,0,0.5464,-0.8375,0,0,0.2911,0.7326,1]},
{"frame":147,"values":[1,0,0,0,0,0.82,0.5724,0,0,0.5724,-0.82,0,0,0.2296,0.7374,1]},
{"frame":148,"values":[1,0,0,0,0,0.8011,0.5985,0,0,0.5985,-0.8011,0,0,0.1812,0.7408,1]},
{"frame":149,"values":[1,0,0,0,0,0.7809,0.6246,0,0,0.6246,-0.7809,0,0,0.1466,0.7432,1]},
{"frame":150,"values":[1,0,0,0,0,0.7596,0.6504,0,0,0.6504,-0.7596,0,0,0.1259,0.7445,1]},
{"frame":151,"values":[1,0,0,0,0,0.7372,0.6757,0,0,0.6757,-0.7372,0,0,0.1191,0.7449,1]},
{"frame":152,"values":[1,0,0,0,0,0.7119,0.7023,0,0,0.7023,-0.7119,0,0,0.1191,0.7449,1]},
{"frame":153,"values":[1,0,0,0,0,0.6814,0.7319,0,0,0.7319,-0.6814,0,0,0.1191,0.7449,1]},
{"frame":154,"values":[1,0,0,0,0,0.6451,0.7641,0,0,0.7641,-0.6451,0,0,0.1191,0.7449,1]},
{"frame":155,"values":[1,0,0,0,0,0.6025,0.7981,0,0,0.7981,-0.6025,0,0,0.1191,0.7449,1]},
{"frame":156,"values":[1,0,0,0,0,0.5531,0.8331,0,0,0.8331,-0.5531,0,0,0.1191,0.7449,1]},
{"frame":157,"values":[1,0,0,0,0,0.4968,0.8679,0,0,0.8679,-0.4968,0,0,0.1191,0.7449,1]},
{"frame":158,"values":[1,0,0,0,0,0.4334,0.9012,0,0,0.9012,-0.4334,0,0,0.1191,0.7449,1]},
{"frame":159,"values":[1,0,0,0,0,0.3635,0.9316,0,0,0.9316,-0.3635,0,0,0.1191,0.7449,1]},
{"frame":160,"values":[1,0,0,0,0,0.2878,0.9577,0,0,0.9577,-0.2878,0,0,0.1191,0.7449,1]},
{"frame":161,"values":[1,0,0,0,0,0.2076,0.9782,0,0,0.9782,-0.2076,0,0,0.1191,0.7449,1]},
{"frame":162,"values":[1,0,0,0,0,0.1248,0.9922,0,0,0.9922,-0.1248,0,0,0.1191,0.7449,1]},
{"frame":163,"values":[1,0,0,0,0,0.0414,0.9991,0,0,0.9991,-0.0414,0,0,0.1191,0.7449,1]},
{"frame":164,"values":[1,0,0,0,0,-0.0404,0.9992,0,0,0.9992,0.0404,0,0,0.1191,0.7449,1]},
{"frame":165,"values":[1,0,0,0,0,-0.1185,0.993,0,0,0.993,0.1185,0,0,0.1191,0.7449,1]},
{"frame":166,"values":[1,0,0,0,0,-0.1911,0.9816,0,0,0.9816,0.1911,0,0,0.1191,0.7449,1]},
{"frame":167,"values":[1,0,0,0,0,-0.2569,0.9664,0,0,0.9664,0.2569,0,0,0.1191,0.7449,1]},
{"frame":168,"values":[1,0,0,0,0,-0.3148,0.9491,0,0,0.9491,0.3148,0,0,0.1191,0.7449,1]},
{"frame":169,"values":[1,0,0,0,0,-0.3645,0.9312,0,0,0.9312,0.3645,0,0,0.1191,0.7449,1]},
{"frame":170,"values":[1,0,0,0,0,-0.4058,0.914,0,0,0.914,0.4058,0,0,0.1191,0.7449,1]},
{"frame":171,"values":[1,0,0,0,0,-0.4388,0.8986,0,0,0.8986,0.4388,0,0,0.1191,0.7449,1]},
{"frame":172,"values":[1,0,0,0,0,-0.4639,0.8859,0,0,0.8859,0.4639,0,0,0.1191,0.7449,1]},
{"frame":173,"values":[1,0,0,0,0,-0.4814,0.8765,0,0,0.8765,0.4814,0,0,0.1191,0.7449,1]},
{"frame":174,"values":[1,0,0,0,0,-0.4917,0.8708,0,0,0.8708,0.4917,0,0,0.1191,0.7449,1]},
{"frame":175,"values":[1,0,0,0,0,-0.4951,0.8689,0,0,0.8689,0.4951,0,0,0.1191,0.7449,1]},
{"frame":176,"values":[1,0,0,0,0,-0.4699,0.8827,0,0,0.8827,0.4699,0,0,0.1191,0.7449,1]},
{"frame":177,"values":[1,0,0,0,0,-0.3966,0.918,0,0,0.918,0.3966,0,0,0.1191,0.7449,1]},
{"frame":178,"values":[1,0,0,0,0,-0.2985,0.9544,0,0,0.9544,0.2985,0,0,0.1191,0.7449,1]},
{"frame":179,"values":[1,0,0,0,0,-0.2199,0.9755,0,0,0.9755,0.2199,0,0,0.1191,0.7449,1]},
{"frame":180,"values":[1,0,0,0,0,-0.1918,0.9814,0,0,0.9814,0.1918,0,0,0.1191,0.7449,1]},
{"frame":181,"values":[1,0,0,0,0,-0.1937,0.9811,0,0,0.9811,0.1937,0,0,0.1191,0.7449,1]},
{"frame":182,"values":[1,0,0,0,0,-0.1994,0.9799,0,0,0.9799,0.1994,0,0,0.1191,0.7449,1]},
{"frame":183,"values":[1,0,0,0,0,-0.209,0.9779,0,0,0.9779,0.209,0,0,0.1191,0.7449,1]},
{"frame":184,"values":[1,0,0,0,0,-0.2224,0.975,0,0,0.975,0.2224,0,0,0.1191,0.7449,1]},
{"frame":185,"values":[1,0,0,0,0,-0.2394,0.9709,0,0,0.9709,0.2394,0,0,0.1191,0.7449,1]},
{"frame":186,"values":[1,0,0,0,0,-0.2596,0.9657,0,0,0.9657,0.2596,0,0,0.1191,0.7449,1]},
{"frame":187,"values":[1,0,0,0,0,-0.2826,0.9592,0,0,0.9592,0.2826,0,0,0.1191,0.7449,1]},
{"frame":188,"values":[1,0,0,0,0,-0.3077,0.9515,0,0,0.9515,0.3077,0,0,0.1191,0.7449,1]},
{"frame":189,"values":[1,0,0,0,0,-0.3343,0.9425,0,0,0.9425,0.3343,0,0,0.1191,0.7449,1]},
{"frame":190,"values":[1,0,0,0,0,-0.3614,0.9324,0,0,0.9324,0.3614,0,0,0.1191,0.7449,1]},
{"frame":191,"values":[1,0,0,0,0,-0.3882,0.9216,0,0,0.9216,0.3882,0,0,0.1191,0.7449,1]},
{"frame":192,"values":[1,0,0,0,0,-0.4139,0.9103,0,0,0.9103,0.4139,0,0,0.1191,0.7449,1]},
{"frame":193,"values":[1,0,0,0,0,-0.4377,0.8991,0,0,0.8991,0.4377,0,0,0.1191,0.7449,1]},
{"frame":194,"values":[1,0,0,0,0,-0.4591,0.8884,0,0,0.8884,0.4591,0,0,0.1191,0.7449,1]},
{"frame":195,"values":[1,0,0,0,0,-0.4775,0.8786,0,0,0.8786,0.4775,0,0,0.1191,0.7449,1]},
{"frame":196,"values":[1,0,0,0,0,-0.4927,0.8702,0,0,0.8702,0.4927,0,0,0.1191,0.7449,1]},
{"frame":197,"values":[1,0,0,0,0,-0.5046,0.8633,0,0,0.8633,0.5046,0,0,0.1191,0.7449,1]},
{"frame":198,"values":[1,0,0,0,0,-0.5131,0.8584,0,0,0.8584,0.5131,0,0,0.1191,0.7449,1]},
{"frame":199,"values":[1,0,0,0,0,-0.5181,0.8553,0,0,0.8553,0.5181,0,0,0.1191,0.7449,1]},
{"frame":200,"values":[1,0,0,0,0,-0.5197,0.8543,0,0,0.8543,0.5197,0,0,0.1191,0.7449,1]},
{"frame":201,"values":[1,0,0,0,0,-0.5181,0.8553,0,0,0.8553,0.5181,0,0,0.1191,0.7449,1]},
{"frame":202,"values":[1,0,0,0,0,-0.5131,0.8584,0,0,0.8584,0.5131,0,0,0.1191,0.7449,1]},
{"frame":203,"values":[1,0,0,0,0,-0.5046,0.8633,0,0,0.8633,0.5046,0,0,0.1191,0.7449,1]},
{"frame":204,"values":[1,0,0,0,0,-0.4927,0.8702,0,0,0.8702,0.4927,0,0,0.1191,0.7449,1]},
{"frame":205,"values":[1,0,0,0,0,-0.4775,0.8786,0,0,0.8786,0.4775,0,0,0.1191,0.7449,1]},
{"frame":206,"values":[1,0,0,0,0,-0.4591,0.8884,0,0,0.8884,0.4591,0,0,0.1191,0.7449,1]},
{"frame":207,"values":[1,0,0,0,0,-0.4377,0.8991,0,0,0.8991,0.4377,0,0,0.1191,0.7449,1]},
{"frame":208,"values":[1,0,0,0,0,-0.4139,0.9103,0,0,0.9103,0.4139,0,0,0.1191,0.7449,1]},
{"frame":209,"values":[1,0,0,0,0,-0.3882,0.9216,0,0,0.9216,0.3882,0,0,0.1191,0.7449,1]},
{"frame":210,"values":[1,0,0,0,0,-0.3614,0.9324,0,0,0.9324,0.3614,0,0,0.1191,0.7449,1]},
{"frame":211,"values":[1,0,0,0,0,-0.3343,0.9425,0,0,0.9425,0.3343,0,0,0.1191,0.7449,1]},
{"frame":212,"values":[1,0,0,0,0,-0.3077,0.9515,0,0,0.9515,0.3077,0,0,0.1191,0.7449,1]},
{"frame":213,"values":[1,0,0,0,0,-0.2826,0.9592,0,0,0.9592,0.2826,0,0,0.1191,0.7449,1]},
{"frame":214,"values":[1,0,0,0,0,-0.2596,0.9657,0,0,0.9657,0.2596,0,0,0.1191,0.7449,1]},
{"frame":215,"values":[1,0,0,0,0,-0.2394,0.9709,0,0,0.9709,0.2394,0,0,0.1191,0.7449,1]},
{"frame":216,"values":[1,0,0,0,0,-0.2224,0.975,0,0,0.975,0.2224,0,0,0.1191,0.7449,1]},
{"frame":217,"values":[1,0,0,0,0,-0.209,0.9779,0,0,0.9779,0.209,0,0,0.1191,0.7449,1]},
{"frame":218,"values":[1,0,0,0,0,-0.1994,0.9799,0,0,0.9799,0.1994,0,0,0.1191,0.7449,1]},
{"frame":219,"values":[1,0,0,0,0,-0.1937,0.9811,0,0,0.9811,0.1937,0,0,0.1191,0.7449,1]},
{"frame":220,"values":[1,0,0,0,0,-0.1918,0.9814,0,0,0.9814,0.1918,0,0,0.1191,0.7449,1]},
{"frame":221,"values":[1,0,0,0,0,-0.1935,0.9811,0,0,0.9811,0.1935,0,0,0.1191,0.7449,1]},
{"frame":222,"values":[1,0,0,0,0,-0.1988,0.98,0,0,0.98,0.1988,0,0,0.1191,0.7449,1]},
{"frame":223,"values":[1,0,0,0,0,-0.2076,0.9782,0,0,0.9782,0.2076,0,0,0.1191,0.7449,1]},
{"frame":224,"values":[1,0,0,0,0,-0.2199,0.9755,0,0,0.9755,0.2199,0,0,0.1191,0.7449,1]},
{"frame":225,"values":[1,0,0,0,0,-0.2355,0.9719,0,0,0.9719,0.2355,0,0,0.1191,0.7449,1]},
{"frame":226,"values":[1,0,0,0,0,-0.2541,0.9672,0,0,0.9672,0.2541,0,0,0.1191,0.7449,1]},
{"frame":227,"values":[1,0,0,0,0,-0.2753,0.9614,0,0,0.9614,0.2753,0,0,0.1191,0.7449,1]},
{"frame":228,"values":[1,0,0,0,0,-0.2985,0.9544,0,0,0.9544,0.2985,0,0,0.1191,0.7449,1]},
{"frame":229,"values":[1,0,0,0,0,-0.323,0.9464,0,0,0.9464,0.323,0,0,0.1191,0.7449,1]},
{"frame":230,"values":[1,0,0,0,0,-0.348,0.9375,0,0,0.9375,0.348,0,0,0.1191,0.7449,1]},
{"frame":231,"values":[1,0,0,0,0,-0.3728,0.9279,0,0,0.9279,0.3728,0,0,0.1191,0.7449,1]},
{"frame":232,"values":[1,0,0,0,0,-0.3966,0.918,0,0,0.918,0.3966,0,0,0.1191,0.7449,1]},
{"frame":233,"values":[1,0,0,0,0,-0.4187,0.9081,0,0,0.9081,0.4187,0,0,0.1191,0.7449,1]},
{"frame":234,"values":[1,0,0,0,0,-0.4385,0.8987,0,0,0.8987,0.4385,0,0,0.1191,0.7449,1]},
{"frame":235,"values":[1,0,0,0,0,-0.4556,0.8902,0,0,0.8902,0.4556,0,0,0.1191,0.7449,1]},
{"frame":236,"values":[1,0,0,0,0,-0.4699,0.8827,0,0,0.8827,0.4699,0,0,0.1191,0.7449,1]},
{"frame":237,"values":[1,0,0,0,0,-0.4809,0.8768,0,0,0.8768,0.4809,0,0,0.1191,0.7449,1]},
{"frame":238,"values":[1,0,0,0,0,-0.4888,0.8724,0,0,0.8724,0.4888,0,0,0.1191,0.7449,1]},
{"frame":239,"values":[1,0,0,0,0,-0.4935,0.8697,0,0,0.8697,0.4935,0,0,0.1191,0.7449,1]},
{"frame":240,"values":[1,0,0,0,0,-0.4951,0.8689,0,0,0.8689,0.4951,0,0,0.1191,0.7449,1]}],"loopBehavior":1,"name":"anim","property":"_matrix"}},
{"name":"LowerBack","index":1,"matrix":[1,0,0,0,0,0.9361,0.3517,0,0,-0.3517,0.9361,0,0,0.105,0,1],"rest":[1,0,0,0,0,0.9361,0.3517,0,0,-0.3517,0.9361,0,0,0.105,0,1],"parentBoneIndex":0,"length":0.1656
,"animation":{"dataType":3,"framePerSecond":30,"keys":[
{"frame":1,"values":[1,0,0,0,0,0.9361,0.3517,0,0,-0.3517,0.9361,0,0,0.105,0,1]},
{"frame":240,"values":[1,0,0,0,0,0.9361,0.3517,0,0,-0.3517,0.9361,0,0,0.105,0,1]}],"loopBehavior":1,"name":"anim","property":"_matrix"}},
{"name":"Spine","index":2,"matrix":[1,0,0,0,0,0.9748,0.2232,0,0,-0.2232,0.9748,0,0,0.1656,0,1],"rest":[1,0,0,0,0,0.9859,-0.1676,0,0,0.1676,0.9859,0,0,0.1656,0,1],"parentBoneIndex":1,"length":0.1631
,"animation":{"dataType":3,"framePerSecond":30,"keys":[
{"frame":1,"values":[1,0,0,0,0,0.9748,0.2232,0,0,-0.2232,0.9748,0,0,0.1656,0,1]},
{"frame":240,"values":[1,0,0,0,0,0.9748,0.2232,0,0,-0.2232,0.9748,0,0,0.1656,0,1]}],"loopBehavior":1,"name":"anim","property":"_matrix"}},
{"name":"Spine1","index":3,"matrix":[1,0,0,0,0,0.9065,0.4221,0,0,-0.4221,0.9065,0,0,0.1631,0,1],"rest":[1,0,0,0,0,0.9065,0.4221,0,0,-0.4221,0.9065,0,0,0.1631,0,1],"parentBoneIndex":2,"length":0.2387
,"animation":{"dataType":3,"framePerSecond":30,"keys":[
{"frame":1,"values":[1,0,0,0,0,0.9065,0.4221,0,0,-0.4221,0.9065,0,0,0.1631,0,1]},
{"frame":240,"values":[1,0,0,0,0,0.9065,0.4221,0,0,-0.4221,0.9065,0,0,0.1631,0,1]}],"loopBehavior":1,"name":"anim","property":"_matrix"}},
{"name":"LeftShoulder","index":4,"matrix":[-0.1155,-0.9377,0.3276,0,0.9908,-0.1323,-0.0293,0,0.0708,0.3212,0.9444,0,0.0259,0.1652,0.04,1],"rest":[-0.1718,-0.9302,0.3243,0,0.9829,-0.1838,-0.0064,0,0.0656,0.3176,0.9459,0,0.0259,0.1652,0.04,1],"parentBoneIndex":3,"length":0.1771
,"animation":{"dataType":3,"framePerSecond":30,"keys":[
{"frame":1,"values":[-0.1155,-0.9377,0.3276,0,0.9908,-0.1323,-0.0293,0,0.0708,0.3212,0.9444,0,0.0259,0.1652,0.04,1]},
{"frame":11,"values":[-0.0994,-0.9396,0.3275,0,0.9925,-0.1171,-0.0347,0,0.0709,0.3216,0.9442,0,0.0259,0.1652,0.04,1]},
{"frame":12,"values":[-0.0539,-0.9435,0.3269,0,0.996,-0.0741,-0.0499,0,0.0714,0.3229,0.9437,0,0.0259,0.1652,0.04,1]},
{"frame":13,"values":[0.0048,-0.9457,0.325,0,0.9974,-0.0188,-0.0695,0,0.0718,0.3245,0.9431,0,0.0259,0.1652,0.04,1]},
{"frame":14,"values":[0.0505,-0.9451,0.3228,0,0.9961,0.0243,-0.0846,0,0.0721,0.3258,0.9427,0,0.0259,0.1652,0.04,1]},
{"frame":15,"values":[0.0667,-0.9444,0.3218,0,0.9952,0.0396,-0.0899,0,0.0722,0.3263,0.9425,0,0.0259,0.1652,0.04,1]},
{"frame":16,"values":[0.0657,-0.9445,0.3219,0,0.9952,0.0387,-0.0896,0,0.0722,0.3263,0.9425,0,0.0259,0.1652,0.04,1]},
{"frame":17,"values":[0.0627,-0.9446,0.3221,0,0.9954,0.0358,-0.0886,0,0.0721,0.3262,0.9426,0,0.0259,0.1652,0.04,1]},
{"frame":18,"values":[0.0576,-0.9449,0.3224,0,0.9957,0.031,-0.0869,0,0.0721,0.326,0.9426,0,0.0259,0.1652,0.04,1]},
{"frame":19,"values":[0.0505,-0.9451,0.3228,0,0.9961,0.0243,-0.0846,0,0.0721,0.3258,0.9427,0,0.0259,0.1652,0.04,1]},
{"frame":20,"values":[0.0415,-0.9454,0.3233,0,0.9965,0.0158,-0.0816,0,0.072,0.3256,0.9428,0,0.0259,0.1652,0.04,1]},
{"frame":21,"values":[0.0307,-0.9456,0.3239,0,0.9969,0.0057,-0.078,0,0.072,0.3253,0.9429,0,0.0259,0.1652,0.04,1]},
{"frame":22,"values":[0.0184,-0.9457,0.3244,0,0.9972,-0.006,-0.074,0,0.0719,0.3249,0.943,0,0.0259,0.1652,0.04,1]},
{"frame":23,"values":[0.0048,-0.9457,0.325,0,0.9974,-0.0188,-0.0695,0,0.0718,0.3245,0.9431,0,0.0259,0.1652,0.04,1]},
{"frame":24,"values":[-0.0096,-0.9455,0.3256,0,0.9974,-0.0324,-0.0647,0,0.0717,0.3241,0.9433,0,0.0259,0.1652,0.04,1]},
{"frame":25,"values":[-0.0245,-0.945,0.3261,0,0.9971,-0.0465,-0.0597,0,0.0716,0.3237,0.9434,0,0.0259,0.1652,0.04,1]},
{"frame":26,"values":[-0.0394,-0.9444,0.3265,0,0.9967,-0.0605,-0.0548,0,0.0715,0.3233,0.9436,0,0.0259,0.1652,0.04,1]},
{"frame":27,"values":[-0.0539,-0.9435,0.3269,0,0.996,-0.0741,-0.0499,0,0.0714,0.3229,0.9437,0,0.0259,0.1652,0.04,1]},
{"frame":28,"values":[-0.0674,-0.9426,0.3272,0,0.9952,-0.0869,-0.0454,0,0.0712,0.3225,0.9439,0,0.0259,0.1652,0.04,1]},
{"frame":29,"values":[-0.0797,-0.9415,0.3273,0,0.9943,-0.0985,-0.0413,0,0.0711,0.3222,0.944,0,0.0259,0.1652,0.04,1]},
{"frame":30,"values":[-0.0904,-0.9405,0.3275,0,0.9934,-0.1086,-0.0377,0,0.071,0.3219,0.9441,0,0.0259,0.1652,0.04,1]},
{"frame":31,"values":[-0.0994,-0.9396,0.3275,0,0.9925,-0.1171,-0.0347,0,0.0709,0.3216,0.9442,0,0.0259,0.1652,0.04,1]},
{"frame":32,"values":[-0.1065,-0.9388,0.3276,0,0.9918,-0.1237,-0.0323,0,0.0709,0.3214,0.9443,0,0.0259,0.1652,0.04,1]},
{"frame":33,"values":[-0.1115,-0.9382,0.3276,0,0.9912,-0.1285,-0.0306,0,0.0708,0.3213,0.9443,0,0.0259,0.1652,0.04,1]},
{"frame":34,"values":[-0.1145,-0.9379,0.3276,0,0.9909,-0.1313,-0.0296,0,0.0708,0.3212,0.9444,0,0.0259,0.1652,0.04,1]},
{"frame":35,"values":[-0.1155,-0.9377,0.3276,0,0.9908,-0.1323,-0.0293,0,0.0708,0.3212,0.9444,0,0.0259,0.1652,0.04,1]},
{"frame":36,"values":[-0.0994,-0.9396,0.3275,0,0.9925,-0.1171,-0.0347,0,0.0709,0.3216,0.9442,0,0.0259,0.1652,0.04,1]},
{"frame":37,"values":[-0.0539,-0.9435,0.3269,0,0.996,-0.0741,-0.0499,0,0.0714,0.3229,0.9437,0,0.0259,0.1652,0.04,1]},
{"frame":38,"values":[0.0048,-0.9457,0.325,0,0.9974,-0.0188,-0.0695,0,0.0718,0.3245,0.9431,0,0.0259,0.1652,0.04,1]},
{"frame":39,"values":[0.0505,-0.9451,0.3228,0,0.9961,0.0243,-0.0846,0,0.0721,0.3258,0.9427,0,0.0259,0.1652,0.04,1]},
{"frame":40,"values":[0.0667,-0.9444,0.3218,0,0.9952,0.0396,-0.0899,0,0.0722,0.3263,0.9425,0,0.0259,0.1652,0.04,1]},
{"frame":41,"values":[0.0657,-0.9445,0.3219,0,0.9952,0.0387,-0.0896,0,0.0722,0.3263,0.9425,0,0.0259,0.1652,0.04,1]},
{"frame":42,"values":[0.0627,-0.9446,0.3221,0,0.9954,0.0358,-0.0886,0,0.0721,0.3262,0.9426,0,0.0259,0.1652,0.04,1]},
{"frame":43,"values":[0.0576,-0.9449,0.3224,0,0.9957,0.031,-0.0869,0,0.0721,0.326,0.9426,0,0.0259,0.1652,0.04,1]},
{"frame":44,"values":[0.0505,-0.9451,0.3228,0,0.9961,0.0243,-0.0846,0,0.0721,0.3258,0.9427,0,0.0259,0.1652,0.04,1]},
{"frame":45,"values":[0.0415,-0.9454,0.3233,0,0.9965,0.0158,-0.0816,0,0.072,0.3256,0.9428,0,0.0259,0.1652,0.04,1]},
{"frame":46,"values":[0.0307,-0.9456,0.3239,0,0.9969,0.0057,-0.078,0,0.072,0.3253,0.9429,0,0.0259,0.1652,0.04,1]},
{"frame":47,"values":[0.0184,-0.9457,0.3244,0,0.9972,-0.006,-0.074,0,0.0719,0.3249,0.943,0,0.0259,0.1652,0.04,1]},
{"frame":48,"values":[0.0048,-0.9457,0.325,0,0.9974,-0.0188,-0.0695,0,0.0718,0.3245,0.9431,0,0.0259,0.1652,0.04,1]},
{"frame":49,"values":[-0.0096,-0.9455,0.3256,0,0.9974,-0.0324,-0.0647,0,0.0717,0.3241,0.9433,0,0.0259,0.1652,0.04,1]},
{"frame":50,"values":[-0.0245,-0.945,0.3261,0,0.9971,-0.0465,-0.0597,0,0.0716,0.3237,0.9434,0,0.0259,0.1652,0.04,1]},
{"frame":51,"values":[-0.0394,-0.9444,0.3265,0,0.9967,-0.0605,-0.0548,0,0.0715,0.3233,0.9436,0,0.0259,0.1652,0.04,1]},
{"frame":52,"values":[-0.0539,-0.9435,0.3269,0,0.996,-0.0741,-0.0499,0,0.0714,0.3229,0.9437,0,0.0259,0.1652,0.04,1]},
{"frame":53,"values":[-0.0674,-0.9426,0.3272,0,0.9952,-0.0869,-0.0454,0,0.0712,0.3225,0.9439,0,0.0259,0.1652,0.04,1]},
{"frame":54,"values":[-0.0797,-0.9415,0.3273,0,0.9943,-0.0985,-0.0413,0,0.0711,0.3222,0.944,0,0.0259,0.1652,0.04,1]},
{"frame":55,"values":[-0.0904,-0.9405,0.3275,0,0.9934,-0.1086,-0.0377,0,0.071,0.3219,0.9441,0,0.0259,0.1652,0.04,1]},
{"frame":56,"values":[-0.0994,-0.9396,0.3275,0,0.9925,-0.1171,-0.0347,0,0.0709,0.3216,0.9442,0,0.0259,0.1652,0.04,1]},
{"frame":57,"values":[-0.1065,-0.9388,0.3276,0,0.9918,-0.1237,-0.0323,0,0.0709,0.3214,0.9443,0,0.0259,0.1652,0.04,1]},
{"frame":58,"values":[-0.1115,-0.9382,0.3276,0,0.9912,-0.1285,-0.0306,0,0.0708,0.3213,0.9443,0,0.0259,0.1652,0.04,1]},
{"frame":59,"values":[-0.1145,-0.9379,0.3276,0,0.9909,-0.1313,-0.0296,0,0.0708,0.3212,0.9444,0,0.0259,0.1652,0.04,1]},
{"frame":60,"values":[-0.1155,-0.9377,0.3276,0,0.9908,-0.1323,-0.0293,0,0.0708,0.3212,0.9444,0,0.0259,0.1652,0.04,1]},
{"frame":61,"values":[-0.0994,-0.9396,0.3275,0,0.9925,-0.1171,-0.0347,0,0.0709,0.3216,0.9442,0,0.0259,0.1652,0.04,1]},
{"frame":62,"values":[-0.0539,-0.9435,0.3269,0,0.996,-0.0741,-0.0499,0,0.0714,0.3229,0.9437,0,0.0259,0.1652,0.04,1]},
{"frame":63,"values":[0.0048,-0.9457,0.325,0,0.9974,-0.0188,-0.0695,0,0.0718,0.3245,0.9431,0,0.0259,0.1652,0.04,1]},
{"frame":64,"values":[0.0505,-0.9451,0.3228,0,0.9961,0.0243,-0.0846,0,0.0721,0.3258,0.9427,0,0.0259,0.1652,0.04,1]},
{"frame":65,"values":[0.0667,-0.9444,0.3218,0,0.9952,0.0396,-0.0899,0,0.0722,0.3263,0.9425,0,0.0259,0.1652,0.04,1]},
{"frame":240,"values":[0.0667,-0.9444,0.3218,0,0.9952,0.0396,-0.0899,0,0.0722,0.3263,0.9425,0,0.0259,0.1652,0.04,1]}],"loopBehavior":1,"name":"anim","property":"_matrix"}},
{"name":"Neck","index":5,"matrix":[1,0,0,0,0,1,0.0071,0,0,-0.0071,1,0,0,0.2387,0,1],"rest":[1,0,0,0,0,1,0.0071,0,0,-0.0071,1,0,0,0.2387,0,1],"parentBoneIndex":3,"length":0.0664
,"animation":{"dataType":3,"framePerSecond":30,"keys":[
{"frame":1,"values":[1,0,0,0,0,1,0.0071,0,0,-0.0071,1,0,0,0.2387,0,1]},
{"frame":240,"values":[1,0,0,0,0,1,0.0071,0,0,-0.0071,1,0,0,0.2387,0,1]}],"loopBehavior":1,"name":"anim","property":"_matrix"}},
{"name":"Head","index":6,"matrix":[1,0,0,0,0,0.972,-0.2351,0,0,0.2351,0.972,0,0,0.0664,0,1],"rest":[1,0,0,0,0,0.972,-0.2351,0,0,0.2351,0.972,0,0,0.0664,0,1],"parentBoneIndex":5,"length":0.2372
,"animation":{"dataType":3,"framePerSecond":30,"keys":[
{"frame":1,"values":[1,0,0,0,0,0.972,-0.2351,0,0,0.2351,0.972,0,0,0.0664,0,1]},
{"frame":152,"values":[1,0,0,0,0,0.9718,-0.2358,0,0,0.2358,0.9718,0,0,0.0664,0,1]},
{"frame":153,"values":[1,0,0,0,0,0.9713,-0.238,0,0,0.238,0.9713,0,0,0.0664,0,1]},
{"frame":154,"values":[1,0,0,0,0,0.9703,-0.2417,0,0,0.2417,0.9703,0,0,0.0664,0,1]},
{"frame":155,"values":[1,0,0,0,0,0.969,-0.2469,0,0,0.2469,0.969,0,0,0.0664,0,1]},
{"frame":156,"values":[1,0,0,0,0,0.9673,-0.2535,0,0,0.2535,0.9673,0,0,0.0664,0,1]},
{"frame":157,"values":[1,0,0,0,0,0.9652,-0.2614,0,0,0.2614,0.9652,0,0,0.0664,0,1]},
{"frame":158,"values":[1,0,0,0,0,0.9627,-0.2706,0,0,0.2706,0.9627,0,0,0.0664,0,1]},
{"frame":159,"values":[1,0,0,0,0,0.9597,-0.2809,0,0,0.2809,0.9597,0,0,0.0664,0,1]},
{"frame":160,"values":[1,0,0,0,0,0.9564,-0.2922,0,0,0.2922,0.9564,0,0,0.0664,0,1]},
{"frame":161,"values":[1,0,0,0,0,0.9526,-0.3042,0,0,0.3042,0.9526,0,0,0.0664,0,1]},
{"frame":162,"values":[1,0,0,0,0,0.9485,-0.3167,0,0,0.3167,0.9485,0,0,0.0664,0,1]},
{"frame":163,"values":[1,0,0,0,0,0.9442,-0.3293,0,0,0.3293,0.9442,0,0,0.0664,0,1]},
{"frame":164,"values":[1,0,0,0,0,0.9397,-0.342,0,0,0.342,0.9397,0,0,0.0664,0,1]},
{"frame":165,"values":[1,0,0,0,0,0.9351,-0.3543,0,0,0.3543,0.9351,0,0,0.0664,0,1]},
{"frame":166,"values":[1,0,0,0,0,0.9306,-0.366,0,0,0.366,0.9306,0,0,0.0664,0,1]},
{"frame":167,"values":[1,0,0,0,0,0.9263,-0.3769,0,0,0.3769,0.9263,0,0,0.0664,0,1]},
{"frame":168,"values":[1,0,0,0,0,0.9222,-0.3868,0,0,0.3868,0.9222,0,0,0.0664,0,1]},
{"frame":169,"values":[1,0,0,0,0,0.9184,-0.3956,0,0,0.3956,0.9184,0,0,0.0664,0,1]},
{"frame":170,"values":[1,0,0,0,0,0.9151,-0.4032,0,0,0.4032,0.9151,0,0,0.0664,0,1]},
{"frame":171,"values":[1,0,0,0,0,0.9124,-0.4094,0,0,0.4094,0.9124,0,0,0.0664,0,1]},
{"frame":172,"values":[1,0,0,0,0,0.9102,-0.4142,0,0,0.4142,0.9102,0,0,0.0664,0,1]},
{"frame":173,"values":[1,0,0,0,0,0.9086,-0.4177,0,0,0.4177,0.9086,0,0,0.0664,0,1]},
{"frame":174,"values":[1,0,0,0,0,0.9077,-0.4197,0,0,0.4197,0.9077,0,0,0.0664,0,1]},
{"frame":175,"values":[1,0,0,0,0,0.9073,-0.4204,0,0,0.4204,0.9073,0,0,0.0664,0,1]},
{"frame":181,"values":[1,0.0034,0.0074,0,0,0.9114,-0.4115,0,-0.0082,0.4115,0.9114,0,0,0.0664,0,1]},
{"frame":182,"values":[0.9995,0.0131,0.03,0,-0.0006,0.9232,-0.3844,0,-0.0328,0.3842,0.9227,0,0,0.0664,0,1]},
{"frame":183,"values":[0.9973,0.0276,0.0676,0,-0.003,0.9406,-0.3394,0,-0.0729,0.3383,0.9382,0,0,0.0664,0,1]},
{"frame":184,"values":[0.9921,0.0438,0.1178,0,-0.0092,0.9602,-0.2793,0,-0.1253,0.276,0.953,0,0,0.0664,0,1]},
{"frame":185,"values":[0.9827,0.0581,0.1756,0,-0.0202,0.9775,-0.2099,0,-0.1839,0.2028,0.9618,0,0,0.0664,0,1]},
{"frame":186,"values":[0.9699,0.0679,0.2337,0,-0.0355,0.9895,-0.1403,0,-0.2408,0.1278,0.9621,0,0,0.0664,0,1]},
{"frame":187,"values":[0.9559,0.0728,0.2846,0,-0.0522,0.9955,-0.0792,0,-0.2891,0.0609,0.9554,0,0,0.0664,0,1]},
{"frame":188,"values":[0.9435,0.0741,0.3229,0,-0.0669,0.9972,-0.0333,0,-0.3245,0.0098,0.9458,0,0,0.0664,0,1]},
{"frame":189,"values":[0.9353,0.0739,0.3462,0,-0.0768,0.997,-0.0054,0,-0.3455,-0.0215,0.9382,0,0,0.0664,0,1]},
{"frame":190,"values":[0.9324,0.0737,0.3538,0,-0.0802,0.9968,0.0037,0,-0.3524,-0.0319,0.9353,0,0,0.0664,0,1]},
{"frame":191,"values":[0.9343,0.0743,0.3488,0,-0.0772,0.997,-0.0056,0,-0.3481,-0.0217,0.9372,0,0,0.0664,0,1]},
{"frame":192,"values":[0.9398,0.0758,0.3331,0,-0.0684,0.9971,-0.0339,0,-0.3347,0.0091,0.9423,0,0,0.0664,0,1]},
{"frame":193,"values":[0.9488,0.077,0.3063,0,-0.0548,0.9953,-0.0803,0,-0.311,0.0594,0.9485,0,0,0.0664,0,1]},
{"frame":194,"values":[0.9602,0.076,0.2689,0,-0.0387,0.9892,-0.1414,0,-0.2767,0.1254,0.9527,0,0,0.0664,0,1]},
{"frame":195,"values":[0.9722,0.0708,0.2232,0,-0.0228,0.9773,-0.2107,0,-0.2331,0.1998,0.9517,0,0,0.0664,0,1]},
{"frame":196,"values":[0.983,0.0608,0.1731,0,-0.0102,0.9601,-0.2796,0,-0.1831,0.2731,0.9444,0,0,0.0664,0,1]},
{"frame":197,"values":[0.9913,0.0466,0.1229,0,-0.0022,0.9406,-0.3395,0,-0.1314,0.3363,0.9326,0,0,0.0664,0,1]},
{"frame":198,"values":[0.9966,0.0303,0.0762,0,0.0013,0.9232,-0.3844,0,-0.0819,0.3832,0.92,0,0,0.0664,0,1]},
{"frame":199,"values":[0.9993,0.0141,0.035,0,0.0016,0.9114,-0.4115,0,-0.0377,0.4112,0.9107,0,0,0.0664,0,1]},
{"frame":200,"values":[1,0,0,0,0,0.9073,-0.4204,0,0,0.4204,0.9073,0,0,0.0664,0,1]},
{"frame":201,"values":[0.9993,-0.0131,-0.0342,0,-0.0021,0.9128,-0.4084,0,0.0366,0.4082,0.9122,0,0,0.0664,0,1]},
{"frame":202,"values":[0.997,-0.026,-0.0733,0,-0.0031,0.9284,-0.3716,0,0.0777,0.3707,0.9255,0,0,0.0664,0,1]},
{"frame":203,"values":[0.9925,-0.0366,-0.1166,0,-0.0014,0.9506,-0.3103,0,0.1222,0.3081,0.9435,0,0,0.0664,0,1]},
{"frame":204,"values":[0.9858,-0.0428,-0.1622,0,0.0049,0.9737,-0.2277,0,0.1677,0.2236,0.9601,0,0,0.0664,0,1]},
{"frame":205,"values":[0.9775,-0.0433,-0.2066,0,0.016,0.9911,-0.132,0,0.2105,0.1257,0.9695,0,0,0.0664,0,1]},
{"frame":206,"values":[0.9685,-0.0384,-0.246,0,0.0306,0.9989,-0.0355,0,0.2471,0.0268,0.9686,0,0,0.0664,0,1]},
{"frame":207,"values":[0.9604,-0.0305,-0.2771,0,0.0459,0.9977,0.0492,0,0.275,-0.0599,0.9596,0,0,0.0664,0,1]},
{"frame":208,"values":[0.9541,-0.0225,-0.2986,0,0.0587,0.9919,0.113,0,0.2936,-0.1253,0.9477,0,0,0.0664,0,1]},
{"frame":209,"values":[0.9503,-0.0168,-0.3108,0,0.0671,0.9862,0.1516,0,0.3039,-0.1649,0.9383,0,0,0.0664,0,1]},
{"frame":210,"values":[0.9491,-0.0149,-0.3146,0,0.0699,0.9839,0.1643,0,0.3071,-0.1779,0.9349,0,0,0.0664,0,1]},
{"frame":211,"values":[0.9512,-0.0166,-0.3081,0,0.0664,0.9862,0.1518,0,0.3013,-0.1648,0.9392,0,0,0.0664,0,1]},
{"frame":212,"values":[0.9573,-0.0215,-0.2882,0,0.0564,0.9919,0.1136,0,0.2834,-0.125,0.9508,0,0,0.0664,0,1]},
{"frame":213,"values":[0.9666,-0.0275,-0.2548,0,0.0417,0.9979,0.0503,0,0.2529,-0.0592,0.9657,0,0,0.0664,0,1]},
{"frame":214,"values":[0.9772,-0.032,-0.21,0,0.0253,0.9991,-0.0344,0,0.2109,0.0282,0.9771,0,0,0.0664,0,1]},
{"frame":215,"values":[0.9869,-0.0322,-0.1581,0,0.0113,0.9913,-0.1312,0,0.161,0.1277,0.9787,0,0,0.0664,0,1]},
{"frame":216,"values":[0.994,-0.0271,-0.1061,0,0.0023,0.9738,-0.2274,0,0.1095,0.2258,0.968,0,0,0.0664,0,1]},
{"frame":217,"values":[0.998,-0.0184,-0.0608,0,-0.0014,0.9506,-0.3103,0,0.0635,0.3098,0.9487,0,0,0.0664,0,1]},
{"frame":218,"values":[0.9996,-0.0091,-0.027,0,-0.0016,0.9283,-0.3717,0,0.0285,0.3716,0.928,0,0,0.0664,0,1]},
{"frame":219,"values":[1,-0.0024,-0.0067,0,-0.0005,0.9128,-0.4084,0,0.0071,0.4084,0.9128,0,0,0.0664,0,1]},
{"frame":220,"values":[1,0,0,0,0,0.9073,-0.4204,0,0,0.4204,0.9073,0,0,0.0664,0,1]},
{"frame":240,"values":[1,0,0,0,0,0.9073,-0.4204,0,0,0.4204,0.9073,0,0,0.0664,0,1]}],"loopBehavior":1,"name":"anim","property":"_matrix"}},
{"name":"RightShoulder","index":7,"matrix":[-0.1005,0.9384,-0.3306,0,-0.9837,-0.1435,-0.1081,0,-0.1489,0.3143,0.9376,0,-0.0259,0.1652,0.04,1],"rest":[-0.1718,0.9302,-0.3245,0,-0.9829,-0.1838,-0.0064,0,-0.0656,0.3178,0.9459,0,-0.0259,0.1652,0.04,1],"parentBoneIndex":3,"length":0.1771
