{"producer":{"name":"Blender","version":"2.76 (sub 0)","exporter_version":"4.5.0","file":"dressrig1n10.babylon"},
"autoClear":true,"clearColor":[0.0509,0.0509,0.0509],"ambientColor":[0,0,0],"gravity":[0,-9.81,0],
"materials":[
{"name":"dressrig1n10.Material","id":"dressrig1n10.Material","ambient":[0.1473,0.0599,0.0111],"diffuse":[0.1179,0.0479,0.0089],"specular":[0.5,0.3382,0.1431],"emissive":[0,0,0],"specularPower":55,"alpha":1,"backFaceCulling":true,"checkReadyOnlyOnce":false},
{"name":"dressrig1n10.eyeball","id":"dressrig1n10.eyeball","ambient":[1,1,1],"diffuse":[0.8,0.8,0.8],"specular":[0,0,0],"emissive":[0,0,0],"specularPower":50,"alpha":1,"backFaceCulling":true,"checkReadyOnlyOnce":false},
{"name":"dressrig1n10.eyecolor","id":"dressrig1n10.eyecolor","ambient":[0.1329,0.0395,0.008],"diffuse":[0.1063,0.0316,0.0064],"specular":[0,0,0],"emissive":[0,0,0],"specularPower":50,"alpha":1,"backFaceCulling":true,"checkReadyOnlyOnce":false},
{"name":"dressrig1n10.iris","id":"dressrig1n10.iris","ambient":[0,0,0],"diffuse":[0,0,0],"specular":[0,0,0],"emissive":[0,0,0],"specularPower":50,"alpha":1,"backFaceCulling":true,"checkReadyOnlyOnce":false},
{"name":"dressrig1n10.mydress1","id":"dressrig1n10.mydress1","ambient":[0,0,0.1651],"diffuse":[0,0,0.1321],"specular":[0,0,0.0308],"emissive":[0,0,0],"specularPower":5,"alpha":1,"backFaceCulling":true,"checkReadyOnlyOnce":false},
{"name":"dressrig1n10.mydress1Skin","id":"dressrig1n10.mydress1Skin","ambient":[1,1,1],"diffuse":[0.7945,0.7945,0.7945],"specular":[0,0,0.031],"emissive":[0,0,0],"specularPower":5,"alpha":1,"backFaceCulling":true,"checkReadyOnlyOnce":false, 
"diffuseTexture":{"name":"4k_base_text4k_50x2.png","level":1,"hasAlpha":1,"coordinatesMode":0,"uOffset":0,"vOffset":0,"uScale":1,"vScale":1,"uAng":0,"vAng":0,"wAng":0,"wrapU":1,"wrapV":1,"coordinatesIndex":0}},
{"name":"dressrig1n10.hair","id":"dressrig1n10.hair","ambient":[1,1,1],"diffuse":[0.8,0.8,0.8],"specular":[0,0,0],"emissive":[0,0,0],"specularPower":5,"alpha":1,"backFaceCulling":true,"checkReadyOnlyOnce":false, 
"diffuseTexture":{"name":"short_bob_blue512.jpg","level":1,"hasAlpha":1,"coordinatesMode":0,"uOffset":0,"vOffset":0,"uScale":1,"vScale":1,"uAng":0,"vAng":0,"wAng":0,"wrapU":1,"wrapV":1,"coordinatesIndex":0}},

{"name":"dressrig1n10.beret","id":"dressrig1n10.beret","ambient":[0,0,0.1651],"diffuse":[0,0,0.1321],"specular":[0,0,0.031],"emissive":[0,0,0],"specularPower":5,"alpha":1,"backFaceCulling":true,"checkReadyOnlyOnce":false}],
"multiMaterials":[{"name":"dressrig1n10.Multimaterial#0","id":"dressrig1n10.Multimaterial#0","materials":["dressrig1n10.eyeball","dressrig1n10.eyecolor","dressrig1n10.iris"]},{"name":"dressrig1n10.Multimaterial#1","id":"dressrig1n10.Multimaterial#1","materials":["dressrig1n10.hair","dressrig1n10.beret"]}],
"skeletons":[{"name":"mydress1","id":0,"bones":[
{"name":"hips","index":0,"matrix":[-0.0128,0.0399,-0.9991,0,0.1315,0.9906,0.0379,0,-0.9912,0.1309,0.0179,0,0,0.9813,-0.0004,1],"rest":[1,0,0,0,0,0.9747,0.2236,0,0,0.2236,-0.9747,0,0,0.9951,-0.0176,1],"parentBoneIndex":-1,"length":0.0753
,"animation":{"dataType":3,"framePerSecond":30,"keys":[
{"frame":1,"values":[-0.0128,0.0399,-0.9991,0,0.1315,0.9906,0.0379,0,-0.9912,0.1309,0.0179,0,0,0.9813,-0.0004,1]},
{"frame":2,"values":[-0.0074,0.0435,-0.999,0,0.1366,0.9897,0.0421,0,-0.9906,0.1362,0.0133,0,0,0.9813,-0.0005,1]},
{"frame":3,"values":[-0.002,0.047,-0.9989,0,0.1416,0.9888,0.0462,0,-0.9899,0.1414,0.0087,0,0,0.9812,-0.0005,1]},
{"frame":4,"values":[-0.0009,0.0492,-0.9988,0,0.1447,0.9883,0.0486,0,-0.9895,0.1445,0.008,0,0,0.9811,-0.0005,1]},
{"frame":5,"values":[0.0003,0.0515,-0.9987,0,0.1478,0.9877,0.0509,0,-0.989,0.1476,0.0073,0,0,0.981,-0.0005,1]},
{"frame":6,"values":[-0.0005,0.051,-0.9987,0,0.1477,0.9877,0.0504,0,-0.989,0.1475,0.008,0,0,0.981,-0.0005,1]},
{"frame":7,"values":[-0.0012,0.0505,-0.9987,0,0.1476,0.9878,0.0498,0,-0.989,0.1473,0.0087,0,0,0.9809,-0.0005,1]},
{"frame":8,"values":[-0.002,0.05,-0.9987,0,0.1475,0.9878,0.0492,0,-0.9891,0.1472,0.0093,0,0,0.9808,-0.0005,1]},
{"frame":9,"values":[-0.0107,0.0543,-0.9985,0,0.1453,0.988,0.0522,0,-0.9893,0.1445,0.0184,0,0,0.9808,-0.0005,1]},
{"frame":10,"values":[-0.0194,0.0585,-0.9981,0,0.1431,0.9882,0.0552,0,-0.9895,0.1417,0.0275,0,0,0.9807,-0.0005,1]},
{"frame":11,"values":[-0.0344,0.0585,-0.9977,0,0.1394,0.9888,0.0531,0,-0.9896,0.1373,0.0422,0,0,0.9806,-0.0005,1]},
{"frame":12,"values":[-0.0495,0.0584,-0.9971,0,0.1358,0.9894,0.0512,0,-0.9895,0.1328,0.0569,0,0,0.9805,-0.0005,1]},
{"frame":13,"values":[-0.0648,0.0559,-0.9963,0,0.1297,0.9904,0.0472,0,-0.9894,0.1262,0.0714,0,0,0.9804,-0.0005,1]},
{"frame":14,"values":[-0.0801,0.0534,-0.9954,0,0.1236,0.9914,0.0432,0,-0.9891,0.1196,0.086,0,0,0.9803,-0.0005,1]},
{"frame":15,"values":[-0.0913,0.0526,-0.9944,0,0.1199,0.9919,0.0414,0,-0.9886,0.1155,0.0969,0,0,0.9778,-0.0011,1]},
{"frame":16,"values":[-0.1026,0.0517,-0.9934,0,0.1162,0.9924,0.0397,0,-0.9879,0.1113,0.1078,0,0,0.9753,-0.0016,1]},
{"frame":17,"values":[-0.1104,0.0471,-0.9928,0,0.1164,0.9926,0.0341,0,-0.9871,0.1118,0.115,0,0,0.9736,-0.002,1]},
{"frame":18,"values":[-0.1182,0.0424,-0.9921,0,0.1165,0.9928,0.0286,0,-0.9861,0.1122,0.1223,0,0,0.9719,-0.0024,1]},
{"frame":19,"values":[-0.126,0.0378,-0.9913,0,0.1166,0.9929,0.023,0,-0.9852,0.1127,0.1295,0,0,0.9702,-0.0028,1]},
{"frame":20,"values":[-0.1333,0.0143,-0.991,0,0.1333,0.9911,-0.0036,0,-0.9821,0.1326,0.1341,0,0,0.9676,-0.0034,1]},
{"frame":21,"values":[-0.1411,-0.0089,-0.99,0,0.1497,0.9883,-0.0303,0,-0.9786,0.1525,0.1381,0,0,0.9651,-0.0039,1]},
{"frame":22,"values":[-0.1363,-0.0279,-0.9903,0,0.1646,0.9851,-0.0504,0,-0.9769,0.1698,0.1297,0,0,0.9625,-0.0045,1]},
{"frame":23,"values":[-0.1317,-0.0469,-0.9902,0,0.1795,0.9812,-0.0703,0,-0.9749,0.187,0.1209,0,0,0.96,-0.0051,1]},
{"frame":24,"values":[-0.1355,-0.0492,-0.9896,0,0.1856,0.9798,-0.0742,0,-0.9732,0.1937,0.1236,0,0,0.9574,-0.0056,1]},
{"frame":25,"values":[-0.1392,-0.0516,-0.9889,0,0.1917,0.9784,-0.078,0,-0.9715,0.2004,0.1263,0,0,0.9549,-0.0062,1]},
{"frame":26,"values":[-0.1334,-0.0473,-0.9899,0,0.1919,0.9787,-0.0726,0,-0.9723,0.1996,0.1215,0,0,0.9557,-0.006,1]},
{"frame":27,"values":[-0.1276,-0.0429,-0.9909,0,0.192,0.9791,-0.0671,0,-0.9731,0.1988,0.1167,0,0,0.9566,-0.0058,1]},
{"frame":28,"values":[-0.1218,-0.0386,-0.9918,0,0.1922,0.9794,-0.0617,0,-0.9738,0.1981,0.1118,0,0,0.9574,-0.0056,1]},
{"frame":29,"values":[-0.0981,-0.0392,-0.9944,0,0.1867,0.9808,-0.0571,0,-0.9775,0.1913,0.0889,0,0,0.9587,-0.0053,1]},
{"frame":30,"values":[-0.0745,-0.0397,-0.9964,0,0.1812,0.982,-0.0527,0,-0.9806,0.1844,0.066,0,0,0.96,-0.005,1]},
{"frame":31,"values":[-0.0399,-0.0412,-0.9984,0,0.1837,0.9818,-0.0478,0,-0.9822,0.1853,0.0316,0,0,0.9613,-0.0047,1]},
{"frame":32,"values":[-0.0052,-0.0427,-0.9991,0,0.186,0.9816,-0.0429,0,-0.9825,0.1861,-0.0028,0,0,0.9625,-0.0044,1]},
{"frame":33,"values":[0.0283,-0.0425,-0.9987,0,0.1898,0.9811,-0.0364,0,-0.9814,0.1885,-0.0359,0,0,0.9638,-0.0041,1]},
{"frame":34,"values":[0.0618,-0.0425,-0.9972,0,0.1934,0.9807,-0.0298,0,-0.9792,0.191,-0.0688,0,0,0.9651,-0.0038,1]},
{"frame":35,"values":[0.0861,-0.0315,-0.9958,0,0.1936,0.981,-0.0143,0,-0.9773,0.1915,-0.0905,0,0,0.9659,-0.0036,1]},
{"frame":36,"values":[0.1103,-0.0205,-0.9937,0,0.1934,0.9811,0.0012,0,-0.9749,0.1923,-0.1122,0,0,0.9668,-0.0033,1]},
{"frame":37,"values":[0.1344,-0.0095,-0.9909,0,0.1928,0.9811,0.0168,0,-0.972,0.1933,-0.1337,0,0,0.9676,-0.0031,1]},
{"frame":38,"values":[0.1563,-0.0046,-0.9877,0,0.1937,0.9807,0.0261,0,-0.9685,0.1954,-0.1542,0,0,0.9668,-0.0033,1]},
{"frame":39,"values":[0.1781,0.0003,-0.984,0,0.1943,0.9803,0.0355,0,-0.9646,0.1975,-0.1745,0,0,0.966,-0.0035,1]},
{"frame":40,"values":[0.1998,0.0052,-0.9798,0,0.1947,0.9798,0.0449,0,-0.9603,0.1997,-0.1948,0,0,0.9652,-0.0037,1]},
{"frame":41,"values":[0.2188,0.0093,-0.9757,0,0.203,0.9776,0.0548,0,-0.9544,0.2101,-0.2121,0,0,0.964,-0.0039,1]},
{"frame":42,"values":[0.2378,0.0132,-0.9712,0,0.2112,0.9753,0.0649,0,-0.9481,0.2205,-0.2292,0,0,0.9628,-0.0042,1]},
{"frame":43,"values":[0.2311,0.03,-0.9725,0,0.2124,0.9739,0.0805,0,-0.9495,0.2251,-0.2187,0,0,0.9616,-0.0045,1]},
{"frame":44,"values":[0.2243,0.0469,-0.9734,0,0.2137,0.9722,0.0961,0,-0.9508,0.2295,-0.2081,0,0,0.9603,-0.0047,1]},
{"frame":45,"values":[0.1991,0.0615,-0.9781,0,0.2093,0.9723,0.1038,0,-0.9574,0.2254,-0.1807,0,0,0.9591,-0.005,1]},
{"frame":46,"values":[0.1736,0.0761,-0.9819,0,0.2052,0.9723,0.1116,0,-0.9632,0.2208,-0.1532,0,0,0.9579,-0.0053,1]},
{"frame":47,"values":[0.1326,0.0816,-0.9878,0,0.2012,0.9736,0.1075,0,-0.9705,0.213,-0.1126,0,0,0.9597,-0.0048,1]},
{"frame":48,"values":[0.0913,0.0869,-0.992,0,0.197,0.9749,0.1035,0,-0.9761,0.2049,-0.0719,0,0,0.9614,-0.0044,1]},
{"frame":49,"values":[0.0577,0.0885,-0.9944,0,0.1936,0.9762,0.0981,0,-0.9794,0.1981,-0.0392,0,0,0.9626,-0.0042,1]},
{"frame":50,"values":[0.0241,0.0898,-0.9957,0,0.1899,0.9774,0.0927,0,-0.9815,0.1913,-0.0065,0,0,0.9637,-0.0039,1]},
{"frame":51,"values":[-0.0095,0.0909,-0.9958,0,0.1861,0.9786,0.0875,0,-0.9825,0.1844,0.0262,0,0,0.9649,-0.0036,1]},
{"frame":52,"values":[-0.0538,0.0865,-0.9948,0,0.1781,0.9811,0.0757,0,-0.9825,0.1731,0.0682,0,0,0.9666,-0.0032,1]},
{"frame":53,"values":[-0.098,0.0816,-0.9918,0,0.1697,0.9834,0.0642,0,-0.9806,0.162,0.1103,0,0,0.9684,-0.0028,1]},
{"frame":54,"values":[-0.1321,0.0739,-0.9885,0,0.1601,0.9857,0.0523,0,-0.9782,0.1513,0.1421,0,0,0.9701,-0.0024,1]},
{"frame":55,"values":[-0.166,0.0657,-0.9839,0,0.15,0.9878,0.0407,0,-0.9747,0.1409,0.1738,0,0,0.9719,-0.0019,1]},
{"frame":56,"values":[-0.1885,0.0609,-0.9802,0,0.145,0.9889,0.0335,0,-0.9713,0.1358,0.1952,0,0,0.9736,-0.0015,1]},
{"frame":57,"values":[-0.2109,0.0559,-0.9759,0,0.1398,0.9898,0.0265,0,-0.9675,0.1308,0.2166,0,0,0.9753,-0.0011,1]},
{"frame":58,"values":[-0.2211,0.0479,-0.9741,0,0.1417,0.9898,0.0165,0,-0.9649,0.1343,0.2256,0,0,0.9771,-0.0007,1]},
{"frame":59,"values":[-0.2313,0.0399,-0.9721,0,0.1435,0.9896,0.0065,0,-0.9623,0.1379,0.2346,0,0,0.9788,-0.0003,1]},
{"frame":60,"values":[-0.234,0.0389,-0.9715,0,0.1452,0.9894,0.0047,0,-0.9613,0.1399,0.2371,0,0,0.9784,-0.0004,1]},
{"frame":61,"values":[-0.2367,0.0379,-0.9708,0,0.1469,0.9892,0.0028,0,-0.9604,0.1419,0.2397,0,0,0.9779,-0.0005,1]},
{"frame":62,"values":[-0.2394,0.0369,-0.9702,0,0.1485,0.9889,0.001,0,-0.9595,0.1439,0.2423,0,0,0.9775,-0.0006,1]},
{"frame":63,"values":[-0.232,0.0314,-0.9722,0,0.1525,0.9883,-0.0045,0,-0.9607,0.1493,0.2341,0,0,0.9768,-0.0007,1]},
{"frame":64,"values":[-0.2245,0.0259,-0.9741,0,0.1566,0.9876,-0.0099,0,-0.9618,0.1548,0.2258,0,0,0.9762,-0.0008,1]},
{"frame":65,"values":[-0.2034,0.0205,-0.9789,0,0.1634,0.9865,-0.0133,0,-0.9654,0.1627,0.204,0,0,0.9755,-0.001,1]},
{"frame":66,"values":[-0.1822,0.0149,-0.9832,0,0.1703,0.9853,-0.0166,0,-0.9684,0.1704,0.182,0,0,0.9749,-0.0011,1]},
{"frame":67,"values":[-0.1528,0.0144,-0.9882,0,0.1795,0.9837,-0.0134,0,-0.9718,0.1794,0.1529,0,0,0.9742,-0.0013,1]},
{"frame":68,"values":[-0.1233,0.0136,-0.9923,0,0.1886,0.982,-0.01,0,-0.9743,0.1883,0.1236,0,0,0.9735,-0.0014,1]},
{"frame":69,"values":[-0.1033,0.0186,-0.9945,0,0.204,0.979,-0.0029,0,-0.9735,0.2032,0.105,0,0,0.9729,-0.0015,1]},
{"frame":70,"values":[-0.0833,0.0233,-0.9963,0,0.2192,0.9757,0.0045,0,-0.9721,0.218,0.0864,0,0,0.9722,-0.0017,1]},
{"frame":71,"values":[-0.0716,0.0253,-0.9971,0,0.227,0.9739,0.0084,0,-0.9713,0.2257,0.0755,0,0,0.9719,-0.0017,1]},
{"frame":72,"values":[-0.0599,0.0273,-0.9978,0,0.2347,0.972,0.0125,0,-0.9702,0.2335,0.0646,0,0,0.9716,-0.0018,1]},
{"frame":73,"values":[-0.0481,0.0291,-0.9984,0,0.2424,0.97,0.0166,0,-0.969,0.2412,0.0537,0,0,0.9712,-0.0019,1]},
{"frame":74,"values":[-0.0364,0.0308,-0.9989,0,0.2499,0.968,0.0207,0,-0.9676,0.2489,0.0429,0,0,0.9709,-0.0019,1]},
{"frame":75,"values":[-0.0262,0.0255,-0.9993,0,0.2538,0.9671,0.0181,0,-0.9669,0.2532,0.0318,0,0,0.9703,-0.0021,1]},
{"frame":76,"values":[-0.016,0.0202,-0.9997,0,0.2577,0.9661,0.0154,0,-0.9661,0.2574,0.0206,0,0,0.9696,-0.0022,1]},
{"frame":77,"values":[-0.0136,0.0197,-0.9997,0,0.2596,0.9656,0.0155,0,-0.9656,0.2593,0.0183,0,0,0.9689,-0.0024,1]},
{"frame":78,"values":[-0.0113,0.0192,-0.9998,0,0.2614,0.9651,0.0156,0,-0.9652,0.2612,0.0159,0,0,0.9683,-0.0025,1]},
{"frame":79,"values":[-0.0121,0.016,-0.9998,0,0.2623,0.9649,0.0123,0,-0.9649,0.2621,0.0159,0,0,0.9676,-0.0026,1]},
{"frame":80,"values":[-0.0129,0.0128,-0.9998,0,0.2631,0.9647,0.009,0,-0.9647,0.263,0.0158,0,0,0.967,-0.0028,1]},
{"frame":81,"values":[-0.0128,0.0115,-0.9999,0,0.2622,0.965,0.0078,0,-0.9649,0.2621,0.0154,0,0,0.9663,-0.0029,1]},
{"frame":82,"values":[-0.0127,0.0102,-0.9999,0,0.2613,0.9652,0.0066,0,-0.9652,0.2612,0.0149,0,0,0.9656,-0.003,1]},
{"frame":83,"values":[-0.0084,0.0094,-0.9999,0,0.2693,0.963,0.0068,0,-0.963,0.2692,0.0107,0,0,0.965,-0.0032,1]},
{"frame":84,"values":[-0.0042,0.0086,-1,0,0.2773,0.9608,0.0071,0,-0.9608,0.2773,0.0064,0,0,0.9643,-0.0033,1]},
{"frame":85,"values":[0.015,0.0162,-0.9998,0,0.2884,0.9573,0.0198,0,-0.9574,0.2886,-0.0097,0,0,0.96,-0.0043,1]},
{"frame":86,"values":[0.0342,0.0236,-0.9991,0,0.2991,0.9537,0.0327,0,-0.9536,0.3,-0.0256,0,0,0.9556,-0.0053,1]},
{"frame":87,"values":[0.0692,0.0557,-0.996,0,0.3057,0.9492,0.0744,0,-0.9496,0.3096,-0.0486,0,0,0.9512,-0.0063,1]},
{"frame":88,"values":[0.1043,0.0875,-0.9907,0,0.3108,0.9434,0.116,0,-0.9447,0.32,-0.0712,0,0,0.9468,-0.0073,1]},
{"frame":89,"values":[0.1144,0.1116,-0.9871,0,0.2958,0.9448,0.1411,0,-0.9484,0.3081,-0.075,0,0,0.9424,-0.0083,1]},
{"frame":90,"values":[0.124,0.1358,-0.9829,0,0.2805,0.9454,0.166,0,-0.9518,0.2963,-0.0791,0,0,0.9381,-0.0092,1]},
{"frame":91,"values":[0.0942,0.1312,-0.9869,0,0.2718,0.9502,0.1523,0,-0.9577,0.2826,-0.0539,0,0,0.941,-0.0086,1]},
{"frame":92,"values":[0.0645,0.1262,-0.9899,0,0.2627,0.9548,0.1388,0,-0.9627,0.269,-0.0284,0,0,0.9439,-0.0079,1]},
{"frame":93,"values":[0.0347,0.1207,-0.9921,0,0.2532,0.9592,0.1256,0,-0.9668,0.2555,-0.0027,0,0,0.9468,-0.0072,1]},
{"frame":94,"values":[-0.0651,0.1157,-0.9912,0,0.2457,0.9645,0.0964,0,-0.9672,0.2372,0.0912,0,0,0.9512,-0.0062,1]},
{"frame":95,"values":[-0.1642,0.1088,-0.9804,0,0.2353,0.9695,0.0682,0,-0.958,0.2195,0.1848,0,0,0.9556,-0.0052,1]},
{"frame":96,"values":[-0.3014,0.0913,-0.9491,0,0.2211,0.975,0.0236,0,-0.9275,0.2027,0.314,0,0,0.96,-0.0042,1]},
{"frame":97,"values":[-0.4325,0.0716,-0.8988,0,0.2008,0.9795,-0.0186,0,-0.879,0.1885,0.438,0,0,0.9644,-0.0031,1]},
{"frame":98,"values":[-0.5434,0.0411,-0.8385,0,0.1625,0.9851,-0.057,0,-0.8236,0.1672,0.5419,0,0,0.9687,-0.0021,1]},
{"frame":99,"values":[-0.6447,0.0081,-0.7644,0,0.1196,0.9887,-0.0904,0,-0.755,0.1497,0.6384,0,0,0.9731,-0.0011,1]},
{"frame":100,"values":[-0.6954,-0.0209,-0.7183,0,0.0792,0.9913,-0.1055,0,-0.7142,0.1303,0.6877,0,0,0.9715,-0.0015,1]},
{"frame":101,"values":[-0.7418,-0.0511,-0.6687,0,0.0378,0.9923,-0.1178,0,-0.6695,0.1126,0.7342,0,0,0.9698,-0.0018,1]},
{"frame":102,"values":[-0.7508,-0.0673,-0.6571,0,0.0234,0.9915,-0.1283,0,-0.6601,0.1117,0.7428,0,0,0.969,-0.002,1]},
{"frame":103,"values":[-0.7594,-0.0835,-0.6452,0,0.0089,0.9903,-0.1386,0,-0.6506,0.111,0.7513,0,0,0.9682,-0.0022,1]},
{"frame":104,"values":[-0.7676,-0.0998,-0.6331,0,-0.0058,0.9889,-0.1488,0,-0.6409,0.1105,0.7597,0,0,0.9673,-0.0024,1]},
{"frame":105,"values":[-0.7755,-0.1159,-0.6206,0,-0.0206,0.9871,-0.1586,0,-0.631,0.1102,0.7679,0,0,0.9665,-0.0026,1]},
{"frame":106,"values":[-0.7599,-0.1262,-0.6376,0,-0.0263,0.9861,-0.1638,0,-0.6495,0.1077,0.7527,0,0,0.9648,-0.0029,1]},
{"frame":107,"values":[-0.7439,-0.1364,-0.6542,0,-0.0319,0.9851,-0.1692,0,-0.6675,0.105,0.7371,0,0,0.9632,-0.0033,1]},
{"frame":108,"values":[-0.7179,-0.1368,-0.6826,0,-0.0278,0.9854,-0.1682,0,-0.6956,0.1018,0.7111,0,0,0.9615,-0.0037,1]},
{"frame":109,"values":[-0.6907,-0.137,-0.71,0,-0.0238,0.9856,-0.1671,0,-0.7227,0.0986,0.6841,0,0,0.9599,-0.004,1]},
{"frame":110,"values":[-0.6438,-0.1145,-0.7566,0,0.0019,0.9885,-0.1512,0,-0.7652,0.0988,0.6362,0,0,0.9582,-0.0044,1]},
{"frame":111,"values":[-0.5936,-0.0918,-0.7995,0,0.0265,0.9907,-0.1335,0,-0.8043,0.1004,0.5857,0,0,0.9566,-0.0048,1]},
{"frame":112,"values":[-0.5067,-0.0692,-0.8593,0,0.0539,0.9923,-0.1117,0,-0.8604,0.1029,0.4991,0,0,0.9549,-0.0051,1]},
{"frame":113,"values":[-0.4137,-0.0469,-0.9092,0,0.0788,0.9931,-0.0871,0,-0.907,0.1077,0.4072,0,0,0.9533,-0.0055,1]},
{"frame":114,"values":[-0.3602,-0.0273,-0.9325,0,0.0949,0.9933,-0.0658,0,-0.928,0.1122,0.3552,0,0,0.9522,-0.0057,1]},
{"frame":115,"values":[-0.3052,-0.0081,-0.9523,0,0.1097,0.993,-0.0436,0,-0.9459,0.1178,0.3022,0,0,0.9511,-0.006,1]},
{"frame":116,"values":[-0.2489,0.0108,-0.9685,0,0.1232,0.9922,-0.0206,0,-0.9607,0.1244,0.2483,0,0,0.95,-0.0062,1]},
{"frame":117,"values":[-0.1904,0.0704,-0.9792,0,0.1697,0.9848,0.0378,0,-0.9669,0.1589,0.1994,0,0,0.9483,-0.0066,1]},
{"frame":118,"values":[-0.1286,0.1275,-0.9835,0,0.2122,0.9723,0.0983,0,-0.9687,0.1961,0.1521,0,0,0.9466,-0.0069,1]},
{"frame":119,"values":[-0.0716,0.1423,-0.9872,0,0.2244,0.9667,0.123,0,-0.9719,0.2127,0.1012,0,0,0.945,-0.0073,1]},
{"frame":120,"values":[-0.0143,0.156,-0.9877,0,0.2351,0.9606,0.1483,0,-0.9719,0.2301,0.0504,0,0,0.9433,-0.0077,1]},
{"frame":121,"values":[0.0329,0.1616,-0.9863,0,0.2341,0.9582,0.1648,0,-0.9717,0.2363,0.0063,0,0,0.9465,-0.0069,1]},
{"frame":122,"values":[0.0799,0.167,-0.9827,0,0.2322,0.9556,0.1813,0,-0.9694,0.2427,-0.0376,0,0,0.9496,-0.0062,1]},
{"frame":123,"values":[0.1364,0.1558,-0.9783,0,0.2445,0.9517,0.1857,0,-0.96,0.2646,-0.0917,0,0,0.9528,-0.0055,1]},
{"frame":124,"values":[0.1923,0.1434,-0.9708,0,0.2565,0.9475,0.1908,0,-0.9472,0.2857,-0.1454,0,0,0.9559,-0.0047,1]},
{"frame":125,"values":[0.2314,0.1353,-0.9634,0,0.2591,0.9459,0.1951,0,-0.9377,0.2948,-0.1838,0,0,0.958,-0.0042,1]},
{"frame":126,"values":[0.2701,0.1269,-0.9544,0,0.2616,0.9443,0.1996,0,-0.9266,0.3036,-0.2219,0,0,0.9601,-0.0037,1]},
{"frame":127,"values":[0.3084,0.1181,-0.9439,0,0.2639,0.9427,0.2042,0,-0.9139,0.312,-0.2595,0,0,0.9622,-0.0033,1]},
{"frame":128,"values":[0.3366,0.0775,-0.9385,0,0.2604,0.9501,0.1719,0,-0.9049,0.3022,-0.2996,0,0,0.9654,-0.0025,1]},
{"frame":129,"values":[0.3645,0.0371,-0.9305,0,0.258,0.9561,0.1392,0,-0.8947,0.2908,-0.3389,0,0,0.9685,-0.0018,1]},
{"frame":130,"values":[0.3606,0.0196,-0.9325,0,0.2525,0.9604,0.1178,0,-0.8979,0.2779,-0.3413,0,0,0.9717,-0.001,1]},
{"frame":131,"values":[0.3567,0.0021,-0.9342,0,0.2469,0.9642,0.0964,0,-0.901,0.265,-0.3434,0,0,0.9749,-0.0003,1]},
{"frame":132,"values":[0.3446,-0.017,-0.9386,0,0.2557,0.9637,0.0764,0,-0.9033,0.2663,-0.3365,0,0,0.9723,-0.0009,1]},
{"frame":133,"values":[0.3323,-0.0361,-0.9425,0,0.2642,0.9628,0.0563,0,-0.9054,0.2678,-0.3295,0,0,0.9698,-0.0014,1]},
{"frame":134,"values":[0.3212,-0.0645,-0.9448,0,0.2761,0.9607,0.0283,0,-0.9058,0.27,-0.3264,0,0,0.9681,-0.0018,1]},
{"frame":135,"values":[0.3098,-0.0929,-0.9463,0,0.2877,0.9577,0.0001,0,-0.9062,0.2723,-0.3234,0,0,0.9664,-0.0022,1]},
{"frame":136,"values":[0.298,-0.1212,-0.9468,0,0.2989,0.9539,-0.028,0,-0.9066,0.2746,-0.3205,0,0,0.9647,-0.0026,1]},
{"frame":137,"values":[0.2549,-0.1317,-0.958,0,0.3038,0.9514,-0.05,0,-0.918,0.2783,-0.2825,0,0,0.9622,-0.0031,1]},
{"frame":138,"values":[0.2112,-0.1419,-0.9671,0,0.3077,0.9488,-0.072,0,-0.9277,0.2823,-0.2441,0,0,0.9596,-0.0037,1]},
{"frame":139,"values":[0.1364,-0.1426,-0.9803,0,0.2994,0.9492,-0.0964,0,-0.9443,0.2804,-0.1721,0,0,0.9571,-0.0043,1]},
{"frame":140,"values":[0.0607,-0.1434,-0.9878,0,0.2893,0.9497,-0.1201,0,-0.9553,0.2785,-0.0991,0,0,0.9546,-0.0048,1]},
{"frame":141,"values":[-0.0561,-0.1285,-0.9901,0,0.2651,0.9542,-0.1389,0,-0.9626,0.2703,0.0195,0,0,0.9581,-0.004,1]},
{"frame":142,"values":[-0.1725,-0.1147,-0.9783,0,0.2388,0.9587,-0.1546,0,-0.9556,0.2603,0.138,0,0,0.9617,-0.0032,1]},
{"frame":143,"values":[-0.3214,-0.0809,-0.9435,0,0.2139,0.9644,-0.1555,0,-0.9225,0.2518,0.2927,0,0,0.9653,-0.0023,1]},
{"frame":144,"values":[-0.4631,-0.0488,-0.885,0,0.1891,0.9701,-0.1524,0,-0.8659,0.238,0.44,0,0,0.9689,-0.0015,1]},
{"frame":145,"values":[-0.5615,-0.0264,-0.8271,0,0.1701,0.9745,-0.1465,0,-0.8098,0.2229,0.5426,0,0,0.9712,-0.001,1]},
{"frame":146,"values":[-0.6529,-0.0058,-0.7575,0,0.1517,0.9787,-0.1383,0,-0.7421,0.2052,0.6381,0,0,0.9736,-0.0004,1]},
{"frame":147,"values":[-0.7354,0.0124,-0.6775,0,0.1345,0.9826,-0.128,0,-0.6642,0.1853,0.7243,0,0,0.976,0.0002,1]},
{"frame":148,"values":[-0.8317,0.0391,-0.5539,0,0.1228,0.9858,-0.1149,0,-0.5415,0.1636,0.8246,0,0,0.9796,0.001,1]},
{"frame":149,"values":[-0.9073,0.062,-0.4159,0,0.1133,0.9885,-0.1,0,-0.4049,0.1379,0.9039,0,0,0.9832,0.0018,1]},
{"frame":150,"values":[-0.9593,0.0997,-0.2643,0,0.1254,0.9887,-0.082,0,-0.2531,0.1118,0.961,0,0,0.9867,0.0027,1]},
{"frame":151,"values":[-0.9856,0.1327,-0.1051,0,0.1401,0.9879,-0.0661,0,-0.095,0.0799,0.9923,0,0,0.9903,0.0035,1]},
{"frame":153,"values":[-0.9743,0.1621,0.1563,0,0.1546,0.9862,-0.0585,0,0.1636,0.0328,0.986,0,0,0.9865,0.0026,1]},
{"frame":154,"values":[-0.952,0.1616,0.2598,0,0.1508,0.9867,-0.061,0,0.2662,0.0189,0.9637,0,0,0.9846,0.0022,1]},
{"frame":155,"values":[-0.919,0.1596,0.3604,0,0.1468,0.9872,-0.063,0,0.3658,0.005,0.9307,0,0,0.9827,0.0018,1]},
{"frame":156,"values":[-0.8883,0.1609,0.4302,0,0.1457,0.987,-0.0684,0,0.4356,-0.0019,0.9002,0,0,0.9814,0.0015,1]},
{"frame":157,"values":[-0.8523,0.1617,0.4975,0,0.1442,0.9868,-0.0737,0,0.5029,-0.0089,0.8643,0,0,0.9801,0.0012,1]},
{"frame":158,"values":[-0.8113,0.1619,0.5618,0,0.1422,0.9867,-0.0789,0,0.5671,-0.0159,0.8235,0,0,0.9788,0.0009,1]},
{"frame":159,"values":[-0.7538,0.1517,0.6394,0,0.1424,0.9876,-0.0664,0,0.6415,-0.041,0.766,0,0,0.9769,0.0005,1]},
{"frame":160,"values":[-0.6893,0.1392,0.711,0,0.1437,0.9881,-0.054,0,0.7101,-0.0649,0.7011,0,0,0.975,0.0001,1]},
{"frame":161,"values":[-0.6353,0.1339,0.7606,0,0.144,0.9881,-0.0536,0,0.7587,-0.0755,0.6471,0,0,0.9731,-0.0003,1]},
{"frame":162,"values":[-0.5779,0.1278,0.806,0,0.1443,0.9881,-0.0532,0,0.8032,-0.0856,0.5895,0,0,0.9712,-0.0008,1]},
{"frame":163,"values":[-0.4957,0.0723,0.8655,0,0.0945,0.9951,-0.029,0,0.8633,-0.0675,0.5001,0,0,0.9693,-0.0012,1]},
{"frame":164,"values":[-0.4054,0.0187,0.914,0,0.0473,0.9989,0.0005,0,0.9129,-0.0435,0.4058,0,0,0.9673,-0.0016,1]},
{"frame":165,"values":[-0.2459,-0.0067,0.9693,0,0.0262,0.9996,0.0136,0,0.9689,-0.0288,0.2456,0,0,0.9654,-0.002,1]},
{"frame":166,"values":[-0.0789,-0.0293,0.9965,0,0.0076,0.9995,0.03,0,0.9969,-0.01,0.0786,0,0,0.9635,-0.0025,1]},
{"frame":167,"values":[0.0661,-0.0421,0.9969,0,0.0058,0.9991,0.0418,0,0.9978,-0.003,-0.0663,0,0,0.9622,-0.0027,1]},
{"frame":168,"values":[0.2105,-0.0538,0.9761,0,0.0057,0.9985,0.0538,0,0.9776,0.0058,-0.2105,0,0,0.961,-0.003,1]},
{"frame":169,"values":[0.3496,-0.0641,0.9347,0,0.0073,0.9978,0.0657,0,0.9369,0.0161,-0.3493,0,0,0.9597,-0.0033,1]},
{"frame":170,"values":[0.4871,-0.0639,0.871,0,0.0076,0.9976,0.0689,0,0.8733,0.0269,-0.4864,0,0,0.9609,-0.003,1]},
{"frame":171,"values":[0.614,-0.062,0.7869,0,0.0085,0.9974,0.072,0,0.7893,0.0376,-0.6129,0,0,0.9621,-0.0027,1]},
{"frame":172,"values":[0.7261,-0.0586,0.6851,0,0.0097,0.9971,0.075,0,0.6875,0.0478,-0.7246,0,0,0.9633,-0.0024,1]},
{"frame":173,"values":[0.8461,-0.0451,0.5312,0,-0.0038,0.9959,0.0907,0,0.5331,0.0788,-0.8424,0,0,0.9651,-0.002,1]},
{"frame":174,"values":[0.9336,-0.0259,0.3573,0,-0.014,0.994,0.1087,0,0.358,0.1065,-0.9276,0,0,0.9669,-0.0016,1]},
{"frame":175,"values":[0.9814,-0.0018,0.1921,0,-0.0258,0.9897,0.1411,0,0.1903,0.1434,-0.9712,0,0,0.9688,-0.0012,1]},
{"frame":176,"values":[0.9994,0.0284,0.0219,0,-0.0318,0.9841,0.1749,0,0.0166,0.1755,-0.9843,0,0,0.9706,-0.0007,1]},
{"frame":177,"values":[0.993,0.0569,-0.1034,0,-0.0336,0.9763,0.214,0,-0.1131,0.209,-0.9714,0,0,0.9724,-0.0003,1]},
{"frame":178,"values":[0.9701,0.0894,-0.2257,0,-0.0303,0.9671,0.2526,0,-0.2409,0.2382,-0.9409,0,0,0.9742,0.0001,1]},
{"frame":179,"values":[0.9589,0.0925,-0.2681,0,-0.0203,0.9653,0.2602,0,-0.2829,0.2441,-0.9276,0,0,0.9754,0.0004,1]},
{"frame":180,"values":[0.9459,0.0958,-0.31,0,-0.01,0.9635,0.2673,0,-0.3243,0.2498,-0.9124,0,0,0.9766,0.0007,1]},
{"frame":181,"values":[0.931,0.0994,-0.3512,0,0.0007,0.9617,0.274,0,-0.365,0.2553,-0.8953,0,0,0.9778,0.001,1]},
{"frame":182,"values":[0.9179,0.1039,-0.383,0,0.0062,0.9613,0.2754,0,-0.3968,0.2552,-0.8817,0,0,0.9755,0.0005,1]},
{"frame":183,"values":[0.9036,0.1083,-0.4144,0,0.0117,0.9609,0.2767,0,-0.4282,0.2549,-0.867,0,0,0.9731,-0.0001,1]},
{"frame":184,"values":[0.883,0.1079,-0.4568,0,0.0253,0.9609,0.2759,0,-0.4687,0.2551,-0.8457,0,0,0.9707,-0.0006,1]},
{"frame":185,"values":[0.8604,0.1074,-0.4981,0,0.0389,0.9608,0.2744,0,-0.5081,0.2554,-0.8225,0,0,0.9683,-0.0011,1]},
{"frame":186,"values":[0.8216,0.0934,-0.5624,0,0.0717,0.9617,0.2644,0,-0.5655,0.2575,-0.7835,0,0,0.9659,-0.0017,1]},
{"frame":187,"values":[0.7779,0.0794,-0.6234,0,0.1037,0.9622,0.252,0,-0.6198,0.2607,-0.7402,0,0,0.9636,-0.0022,1]},
{"frame":188,"values":[0.7369,0.0893,-0.67,0,0.1087,0.9626,0.248,0,-0.6671,0.2556,-0.6997,0,0,0.962,-0.0025,1]},
{"frame":189,"values":[0.6931,0.0989,-0.714,0,0.1135,0.9632,0.2436,0,-0.7118,0.2499,-0.6564,0,0,0.9604,-0.0029,1]},
{"frame":190,"values":[0.6466,0.1081,-0.7552,0,0.118,0.9638,0.239,0,-0.7537,0.2437,-0.6104,0,0,0.9588,-0.0033,1]},
{"frame":191,"values":[0.569,0.0782,-0.8186,0,0.1483,0.9694,0.1956,0,-0.8088,0.2327,-0.54,0,0,0.9639,-0.0021,1]},
{"frame":192,"values":[0.4854,0.0471,-0.873,0,0.1741,0.9733,0.1493,0,-0.8568,0.2245,-0.4643,0,0,0.969,-0.0009,1]},
{"frame":193,"values":[0.3905,0.015,-0.9205,0,0.1769,0.98,0.091,0,-0.9034,0.1983,-0.3801,0,0,0.9741,0.0003,1]},
{"frame":194,"values":[0.2916,-0.0198,-0.9563,0,0.1734,0.9843,0.0325,0,-0.9407,0.1753,-0.2905,0,0,0.9792,0.0015,1]},
{"frame":195,"values":[0.2067,-0.0491,-0.9772,0,0.1597,0.987,-0.0158,0,-0.9653,0.1528,-0.2118,0,0,0.9843,0.0027,1]},
{"frame":196,"values":[0.1206,-0.0802,-0.9895,0,0.1417,0.9879,-0.0628,0,-0.9825,0.1326,-0.1306,0,0,0.9894,0.0039,1]},
{"frame":197,"values":[0.083,-0.1322,-0.9877,0,0.1527,0.9811,-0.1185,0,-0.9848,0.141,-0.1017,0,0,0.9876,0.0035,1]},
{"frame":198,"values":[0.0448,-0.1835,-0.982,0,0.1616,0.9714,-0.1741,0,-0.9858,0.1509,-0.0732,0,0,0.9858,0.0031,1]},
{"frame":199,"values":[0.0427,-0.1863,-0.9816,0,0.1601,0.9711,-0.1773,0,-0.9862,0.1495,-0.0713,0,0,0.9846,0.0028,1]},
{"frame":200,"values":[0.0406,-0.1891,-0.9811,0,0.1585,0.9707,-0.1805,0,-0.9865,0.1481,-0.0694,0,0,0.9834,0.0025,1]},
{"frame":201,"values":[0.0386,-0.1919,-0.9807,0,0.1569,0.9704,-0.1837,0,-0.9869,0.1468,-0.0675,0,0,0.9822,0.0022,1]},
{"frame":202,"values":[0.0504,-0.2036,-0.9778,0,0.1536,0.9689,-0.1938,0,-0.9869,0.1404,-0.0801,0,0,0.9804,0.0018,1]},
{"frame":203,"values":[0.0623,-0.2152,-0.9746,0,0.1504,0.9674,-0.204,0,-0.9867,0.1338,-0.0926,0,0,0.9786,0.0014,1]},
{"frame":204,"values":[0.09,-0.2168,-0.9721,0,0.1493,0.9679,-0.202,0,-0.9847,0.127,-0.1195,0,0,0.9768,0.001,1]},
{"frame":205,"values":[0.1177,-0.2181,-0.9688,0,0.1482,0.9685,-0.2001,0,-0.9819,0.1201,-0.1463,0,0,0.975,0.0006,1]},
{"frame":206,"values":[0.1576,-0.2036,-0.9663,0,0.1391,0.9733,-0.1824,0,-0.9777,0.1057,-0.1817,0,0,0.9731,0.0002,1]},
{"frame":207,"values":[0.197,-0.1885,-0.9621,0,0.1292,0.9778,-0.1651,0,-0.9718,0.0918,-0.217,0,0,0.9713,-0.0002,1]},
{"frame":208,"values":[0.242,-0.1623,-0.9566,0,0.121,0.9833,-0.1362,0,-0.9627,0.0828,-0.2576,0,0,0.9695,-0.0006,1]},
{"frame":209,"values":[0.2863,-0.1356,-0.9485,0,0.1115,0.9879,-0.1076,0,-0.9516,0.075,-0.298,0,0,0.9677,-0.001,1]},
{"frame":210,"values":[0.3163,-0.1052,-0.9428,0,0.1022,0.9918,-0.0763,0,-0.9431,0.0723,-0.3244,0,0,0.9665,-0.0012,1]},
{"frame":211,"values":[0.3457,-0.0745,-0.9354,0,0.092,0.9947,-0.0453,0,-0.9338,0.0704,-0.3507,0,0,0.9653,-0.0015,1]},
{"frame":212,"values":[0.3744,-0.0438,-0.9262,0,0.0808,0.9966,-0.0145,0,-0.9237,0.0694,-0.3767,0,0,0.9641,-0.0018,1]},
{"frame":213,"values":[0.4084,-0.0057,-0.9128,0,0.0776,0.9966,0.0285,0,-0.9095,0.0825,-0.4075,0,0,0.9629,-0.002,1]},
{"frame":214,"values":[0.4418,0.0319,-0.8966,0,0.0729,0.9948,0.0713,0,-0.8941,0.0969,-0.4372,0,0,0.9617,-0.0023,1]},
{"frame":215,"values":[0.4744,0.0688,-0.8776,0,0.0666,0.9913,0.1137,0,-0.8778,0.1124,-0.4656,0,0,0.9605,-0.0026,1]},
{"frame":216,"values":[0.5572,0.0716,-0.8273,0,0.0569,0.9906,0.124,0,-0.8284,0.1162,-0.5479,0,0,0.9655,-0.0014,1]},
{"frame":217,"values":[0.6348,0.074,-0.7692,0,0.0462,0.99,0.1333,0,-0.7713,0.1202,-0.625,0,0,0.9704,-0.0002,1]},
{"frame":218,"values":[0.7306,0.0792,-0.6782,0,0.0233,0.9898,0.1406,0,-0.6825,0.1185,-0.7213,0,0,0.9754,0.0009,1]},
{"frame":219,"values":[0.8135,0.0845,-0.5754,0,-0.0004,0.9895,0.1447,0,-0.5816,0.1175,-0.8049,0,0,0.9804,0.0021,1]},
{"frame":220,"values":[0.8881,0.0914,-0.4506,0,-0.0269,0.9887,0.1475,0,-0.459,0.1189,-0.8805,0,0,0.9854,0.0032,1]},
{"frame":221,"values":[0.9436,0.0979,-0.3161,0,-0.0534,0.9878,0.1465,0,-0.3266,0.1213,-0.9373,0,0,0.9904,0.0044,1]},
{"frame":222,"values":[0.9717,0.0979,-0.2151,0,-0.0695,0.9883,0.1357,0,-0.2258,0.1169,-0.9671,0,0,0.9937,0.0051,1]},
{"frame":223,"values":[0.9889,0.0983,-0.1113,0,-0.0844,0.9888,0.1232,0,-0.1222,0.1125,-0.9861,0,0,0.997,0.0059,1]},
{"frame":224,"values":[0.995,0.0992,-0.0066,0,-0.0979,0.9892,0.1093,0,-0.0174,0.1081,-0.994,0,0,1.0003,0.0067,1]},
{"frame":225,"values":[0.9833,0.091,0.1576,0,-0.1055,0.9906,0.0866,0,0.1483,0.1018,-0.9837,0,0,1.0053,0.0078,1]},
{"frame":226,"values":[0.9445,0.0839,0.3177,0,-0.1093,0.992,0.0629,0,0.3099,0.0942,-0.9461,0,0,1.0103,0.009,1]},
{"frame":227,"values":[0.8731,0.0496,0.485,0,-0.0879,0.9945,0.0565,0,0.4796,0.092,-0.8727,0,0,1.0092,0.0088,1]},
{"frame":228,"values":[0.7714,0.0162,0.6361,0,-0.0656,0.9964,0.0541,0,0.633,0.0835,-0.7697,0,0,1.0082,0.0085,1]},
{"frame":229,"values":[0.65,-0.0439,0.7586,0,-0.0163,0.9973,0.0717,0,0.7597,0.0589,-0.6475,0,0,1.0071,0.0083,1]},
{"frame":230,"values":[0.5061,-0.0987,0.8568,0,0.0292,0.9948,0.0974,0,0.862,0.0243,-0.5064,0,0,1.0061,0.0081,1]},
{"frame":231,"values":[0.4012,-0.0953,0.911,0,0.0256,0.9954,0.0928,0,0.9156,0.0139,-0.4018,0,0,1.005,0.0079,1]},
{"frame":232,"values":[0.2908,-0.0906,0.9525,0,0.0225,0.9959,0.0878,0,0.9565,0.0041,-0.2916,0,0,1.004,0.0076,1]},
{"frame":233,"values":[0.2255,-0.0875,0.9703,0,-0.0006,0.9959,0.0899,0,0.9742,0.0209,-0.2246,0,0,1.0032,0.0075,1]},
{"frame":234,"values":[0.1591,-0.0855,0.9835,0,-0.0238,0.9956,0.0904,0,0.987,0.0378,-0.1564,0,0,1.0025,0.0073,1]},
{"frame":235,"values":[0.092,-0.0848,0.9921,0,-0.047,0.9949,0.0894,0,0.9946,0.0549,-0.0876,0,0,1.0018,0.0072,1]},
{"frame":236,"values":[0.024,-0.0683,0.9974,0,-0.0583,0.9959,0.0696,0,0.998,0.0598,-0.02,0,0,1.0011,0.007,1]},
{"frame":237,"values":[-0.0443,-0.0522,0.9977,0,-0.0682,0.9965,0.0491,0,0.9967,0.0658,0.0477,0,0,1.0004,0.0069,1]},
{"frame":238,"values":[-0.1125,-0.0365,0.993,0,-0.0766,0.9967,0.028,0,0.9907,0.0729,0.1149,0,0,0.9997,0.0067,1]},
{"frame":239,"values":[-0.221,-0.0291,0.9748,0,-0.0651,0.9978,0.0151,0,0.9731,0.0601,0.2224,0,0,0.9987,0.0065,1]},
{"frame":240,"values":[-0.3267,-0.0204,0.9449,0,-0.0523,0.9986,0.0034,0,0.9437,0.0483,0.3273,0,0,0.9976,0.0063,1]},
{"frame":241,"values":[-0.4234,0.0273,0.9055,0,-0.0276,0.9987,-0.043,0,0.9055,0.0432,0.4221,0,0,0.9966,0.006,1]},
{"frame":242,"values":[-0.5143,0.0751,0.8543,0,0.0017,0.9962,-0.0866,0,0.8576,0.043,0.5125,0,0,0.9955,0.0058,1]},
{"frame":243,"values":[-0.5776,0.1234,0.8069,0,0.0409,0.9916,-0.1224,0,0.8153,0.0377,0.5778,0,0,0.9945,0.0056,1]},
{"frame":244,"values":[-0.6353,0.1717,0.7529,0,0.0826,0.9845,-0.1547,0,0.7678,0.0361,0.6397,0,0,0.9934,0.0054,1]},
{"frame":245,"values":[-0.6584,0.2196,0.7199,0,0.1149,0.9746,-0.1922,0,0.7438,0.0438,0.6669,0,0,0.9924,0.0051,1]},
{"frame":246,"values":[-0.6789,0.2667,0.6841,0,0.1483,0.9623,-0.228,0,0.7191,0.0533,0.6929,0,0,0.9913,0.0049,1]},
{"frame":247,"values":[-0.6989,0.2776,0.6592,0,0.158,0.9587,-0.2363,0,0.6976,0.061,0.7139,0,0,0.9903,0.0047,1]},
{"frame":248,"values":[-0.718,0.2883,0.6336,0,0.168,0.9551,-0.2442,0,0.6755,0.0689,0.7341,0,0,0.9892,0.0044,1]},
{"frame":249,"values":[-0.7295,0.3193,0.6049,0,0.2085,0.9461,-0.2479,0,0.6514,0.0547,0.7567,0,0,0.9881,0.0042,1]},
{"frame":250,"values":[-0.739,0.3503,0.5755,0,0.2488,0.9357,-0.25,0,0.6261,0.0415,0.7786,0,0,0.9871,0.004,1]},
{"frame":251,"values":[-0.7397,0.3642,0.5659,0,0.2616,0.9304,-0.2568,0,0.62,0.0419,0.7835,0,0,0.986,0.0038,1]},
{"frame":252,"values":[-0.7402,0.378,0.5561,0,0.2745,0.9248,-0.2634,0,0.6139,0.0423,0.7883,0,0,0.985,0.0035,1]},
{"frame":253,"values":[-0.7298,0.3642,0.5786,0,0.2606,0.9306,-0.257,0,0.632,0.0368,0.7741,0,0,0.9843,0.0034,1]},
{"frame":254,"values":[-0.7188,0.3501,0.6006,0,0.2469,0.9362,-0.2503,0,0.6499,0.0316,0.7593,0,0,0.9836,0.0032,1]},
{"frame":255,"values":[-0.7071,0.3359,0.6222,0,0.2333,0.9415,-0.2431,0,0.6675,0.0268,0.7441,0,0,0.9829,0.0031,1]},
{"frame":256,"values":[-0.6705,0.2857,0.6847,0,0.1901,0.9582,-0.2137,0,0.7171,0.0131,0.6968,0,0,0.9818,0.0029,1]},
{"frame":257,"values":[-0.6282,0.2338,0.742,0,0.1486,0.9723,-0.1806,0,0.7637,0.0032,0.6456,0,0,0.9808,0.0026,1]},
{"frame":258,"values":[-0.5602,0.1755,0.8096,0,0.0899,0.9844,-0.1511,0,0.8235,0.0119,0.5672,0,0,0.9797,0.0024,1]},
{"frame":259,"values":[-0.4834,0.1175,0.8675,0,0.034,0.9927,-0.1156,0,0.8748,0.0264,0.4838,0,0,0.9787,0.0022,1]},
{"frame":260,"values":[-0.3956,0.045,0.9173,0,-0.0235,0.998,-0.0591,0,0.9181,0.045,0.3937,0,0,0.9742,0.0012,1]},
{"frame":261,"values":[-0.2999,-0.0256,0.9536,0,-0.075,0.9972,0.0031,0,0.951,0.0706,0.3009,0,0,0.9697,0.0001,1]},
{"frame":262,"values":[-0.1537,-0.0599,0.9863,0,-0.0734,0.9961,0.0491,0,0.9854,0.0649,0.1575,0,0,0.9652,-0.0009,1]},
{"frame":263,"values":[-0.0043,-0.0947,0.9955,0,-0.065,0.9934,0.0942,0,0.9979,0.0643,0.0104,0,0,0.9607,-0.0019,1]},
{"frame":264,"values":[0.1192,-0.1111,0.9866,0,-0.0514,0.9917,0.1178,0,0.9915,0.0648,-0.1125,0,0,0.9619,-0.0016,1]},
{"frame":265,"values":[0.2411,-0.1273,0.9621,0,-0.0349,0.9896,0.1396,0,0.9699,0.0673,-0.2341,0,0,0.9631,-0.0013,1]},
{"frame":266,"values":[0.3585,-0.1429,0.9225,0,-0.016,0.9871,0.1591,0,0.9334,0.0718,-0.3516,0,0,0.9643,-0.001,1]},
{"frame":267,"values":[0.5096,-0.1539,0.8465,0,0.0049,0.9844,0.176,0,0.8604,0.0855,-0.5024,0,0,0.9661,-0.0006,1]},
{"frame":268,"values":[0.6458,-0.1624,0.746,0,0.0284,0.9815,0.1891,0,0.763,0.1009,-0.6385,0,0,0.9679,-0.0002,1]},
{"frame":269,"values":[0.7751,-0.1688,0.6088,0,0.0601,0.979,0.1948,0,0.6289,0.1144,-0.769,0,0,0.9696,0.0002,1]},
{"frame":270,"values":[0.8764,-0.1725,0.4497,0,0.0924,0.9765,0.1945,0,0.4727,0.1289,-0.8718,0,0,0.9714,0.0007,1]},
{"frame":271,"values":[0.9378,-0.1302,0.322,0,0.0764,0.9817,0.1744,0,0.3388,0.139,-0.9305,0,0,0.9732,0.0011,1]},
{"frame":272,"values":[0.9786,-0.0868,0.1866,0,0.0576,0.9859,0.1568,0,0.1976,0.1427,-0.9698,0,0,0.975,0.0015,1]},
{"frame":273,"values":[0.9928,-0.0393,0.1135,0,0.022,0.9884,0.15,0,0.1181,0.1464,-0.9822,0,0,0.9768,0.0019,1]},
{"frame":274,"values":[0.9992,0.0084,0.0394,0,-0.014,0.9892,0.1458,0,0.0377,0.1462,-0.9885,0,0,0.9786,0.0023,1]},
{"frame":275,"values":[0.9997,0.0156,0.0173,0,-0.0181,0.9882,0.1518,0,0.0147,0.1521,-0.9883,0,0,0.9766,0.0019,1]},
{"frame":276,"values":[0.9997,0.023,-0.0048,0,-0.022,0.9872,0.1579,0,-0.0083,0.1578,-0.9874,0,0,0.9745,0.0014,1]},
{"frame":277,"values":[0.9992,0.0305,-0.0268,0,-0.0257,0.9861,0.1641,0,-0.0314,0.1633,-0.9861,0,0,0.9725,0.001,1]},
{"frame":278,"values":[0.9992,0.021,-0.0333,0,-0.0149,0.9845,0.1745,0,-0.0364,0.1739,-0.9841,0,0,0.9695,0.0003,1]},
{"frame":279,"values":[0.9991,0.0115,-0.0399,0,-0.0039,0.9828,0.1848,0,-0.0413,0.1845,-0.982,0,0,0.9665,-0.0004,1]},
{"frame":280,"values":[0.9963,0.0594,-0.0623,0,-0.0466,0.9806,0.1903,0,-0.0724,0.1867,-0.9797,0,0,0.9635,-0.001,1]},
{"frame":281,"values":[0.9906,0.1073,-0.0844,0,-0.089,0.9764,0.1968,0,-0.1035,0.1874,-0.9768,0,0,0.9605,-0.0017,1]},
{"frame":282,"values":[0.9795,0.1502,-0.1345,0,-0.1195,0.9698,0.2126,0,-0.1624,0.1922,-0.9678,0,0,0.9574,-0.0024,1]},
{"frame":283,"values":[0.9639,0.1931,-0.1834,0,-0.1489,0.9617,0.23,0,-0.2208,0.1944,-0.9558,0,0,0.9544,-0.0031,1]},
{"frame":284,"values":[0.946,0.2098,-0.247,0,-0.1524,0.9607,0.2321,0,-0.286,0.1819,-0.9408,0,0,0.9563,-0.0026,1]},
{"frame":285,"values":[0.9238,0.2256,-0.3095,0,-0.1558,0.9596,0.2344,0,-0.3498,0.1683,-0.9216,0,0,0.9582,-0.0022,1]},
{"frame":286,"values":[0.9142,0.2046,-0.3497,0,-0.1318,0.9664,0.2206,0,-0.3831,0.1556,-0.9105,0,0,0.9594,-0.0019,1]},
{"frame":287,"values":[0.9028,0.1829,-0.3891,0,-0.1083,0.9726,0.2057,0,-0.4161,0.1436,-0.8979,0,0,0.9607,-0.0016,1]},
{"frame":288,"values":[0.8896,0.1606,-0.4276,0,-0.0853,0.9781,0.1899,0,-0.4487,0.1324,-0.8838,0,0,0.9619,-0.0013,1]},
{"frame":289,"values":[0.863,0.1308,-0.488,0,-0.0558,0.9847,0.1652,0,-0.5021,0.1153,-0.8571,0,0,0.9638,-0.0009,1]},
{"frame":290,"values":[0.8321,0.0998,-0.5456,0,-0.0279,0.99,0.1385,0,-0.5539,0.1,-0.8265,0,0,0.9657,-0.0004,1]},
{"frame":291,"values":[0.8238,0.0381,-0.5656,0,0.0212,0.995,0.0979,0,-0.5665,0.0926,-0.8188,0,0,0.9676,0,1]},
{"frame":292,"values":[0.8121,-0.0239,-0.583,0,0.0696,0.996,0.0561,0,-0.5793,0.0862,-0.8105,0,0,0.9695,0.0005,1]},
{"frame":293,"values":[0.7824,-0.0554,-0.6203,0,0.0905,0.9956,0.0253,0,-0.6161,0.0759,-0.784,0,0,0.9663,-0.0002,1]},
{"frame":294,"values":[0.7503,-0.0873,-0.6553,0,0.11,0.9939,-0.0065,0,-0.6518,0.0672,-0.7554,0,0,0.963,-0.001,1]},
{"frame":295,"values":[0.7481,-0.1031,-0.6555,0,0.119,0.9927,-0.0202,0,-0.6528,0.0629,-0.7549,0,0,0.9609,-0.0014,1]},
{"frame":296,"values":[0.7457,-0.1188,-0.6556,0,0.128,0.9912,-0.034,0,-0.6538,0.0586,-0.7544,0,0,0.9588,-0.0019,1]},
{"frame":297,"values":[0.7432,-0.1345,-0.6554,0,0.137,0.9894,-0.0477,0,-0.6549,0.0543,-0.7538,0,0,0.9566,-0.0024,1]},
{"frame":298,"values":[0.7503,-0.1293,-0.6483,0,0.1292,0.9905,-0.048,0,-0.6483,0.0477,-0.7599,0,0,0.9534,-0.0031,1]},
{"frame":299,"values":[0.7573,-0.1241,-0.6412,0,0.1214,0.9914,-0.0484,0,-0.6417,0.0412,-0.7659,0,0,0.9502,-0.0038,1]},
{"frame":300,"values":[0.7751,-0.1144,-0.6214,0,0.1183,0.9924,-0.0352,0,-0.6207,0.0462,-0.7827,0,0,0.9501,-0.0039,1]},
{"frame":301,"values":[0.7922,-0.1049,-0.6012,0,0.1148,0.9931,-0.022,0,-0.5993,0.0516,-0.7988,0,0,0.9499,-0.0039,1]},
{"frame":302,"values":[0.8069,-0.0939,-0.5831,0,0.1223,0.9924,0.0095,0,-0.5778,0.079,-0.8123,0,0,0.9498,-0.0039,1]},
{"frame":303,"values":[0.8213,-0.0835,-0.5644,0,0.129,0.9908,0.0413,0,-0.5557,0.1067,-0.8245,0,0,0.9496,-0.0039,1]},
{"frame":304,"values":[0.8457,-0.0231,-0.5331,0,0.0803,0.9932,0.0844,0,-0.5276,0.1142,-0.8418,0,0,0.9495,-0.0039,1]},
{"frame":305,"values":[0.866,0.0371,-0.4986,0,0.0299,0.9916,0.1257,0,-0.4991,0.1238,-0.8577,0,0,0.9494,-0.004,1]},
{"frame":306,"values":[0.8821,0.0967,-0.461,0,-0.022,0.9861,0.1648,0,-0.4705,0.1352,-0.872,0,0,0.9493,-0.004,1]},
{"frame":307,"values":[0.911,0.1146,-0.3961,0,-0.0488,0.9838,0.1726,0,-0.4094,0.1379,-0.9019,0,0,0.9492,-0.004,1]},
{"frame":308,"values":[0.935,0.1323,-0.329,0,-0.0761,0.981,0.1784,0,-0.3463,0.1418,-0.9273,0,0,0.9491,-0.004,1]},
{"frame":309,"values":[0.9539,0.1496,-0.2603,0,-0.1036,0.9778,0.1823,0,-0.2818,0.1469,-0.9482,0,0,0.949,-0.004,1]},
{"frame":310,"values":[0.9741,0.1649,-0.1546,0,-0.1378,0.9754,0.1723,0,-0.1792,0.1466,-0.9728,0,0,0.9526,-0.0032,1]},
{"frame":311,"values":[0.9825,0.1801,-0.0473,0,-0.1706,0.9725,0.1587,0,-0.0746,0.1479,-0.9862,0,0,0.9562,-0.0023,1]},
{"frame":312,"values":[0.9826,0.1715,0.0715,0,-0.18,0.9739,0.1385,0,0.0459,0.149,-0.9878,0,0,0.9597,-0.0015,1]},
{"frame":313,"values":[0.9683,0.1628,0.1895,0,-0.1869,0.9753,0.1173,0,0.1657,0.149,-0.9749,0,0,0.9633,-0.0007,1]},
{"frame":314,"values":[0.9465,0.1407,0.2905,0,-0.179,0.9777,0.1098,0,0.2686,0.1559,-0.9506,0,0,0.9669,0.0002,1]},
{"frame":315,"values":[0.9139,0.118,0.3884,0,-0.1704,0.98,0.1032,0,0.3684,0.1605,-0.9157,0,0,0.9705,0.001,1]},
{"frame":316,"values":[0.8843,0.1013,0.4557,0,-0.1602,0.9828,0.0923,0,0.4385,0.1546,-0.8853,0,0,0.9741,0.0018,1]},
