{"producer":{"name":"Blender","version":"2.90.0","exporter_version":"6.4.4","file":"obrien01.babylon"},
"autoClear":true,"clearColor":[0.0509,0.0509,0.0509],"gravity":[0,-9.81,0],
"materials":[{"name":"New_obrien01:Uni1228:Defaultskin","id":"New_obrien01:Uni1228:Defaultskin","customType":"BABYLON.PBRMaterial","backFaceCulling":true,"checkReadyOnlyOnce":false,"maxSimultaneousLights":4,"environmentIntensity":1,"reflectivity":[0,0,0],"roughness":0.5,"alpha":1,"transparencyMode":0,"alphaCutOff":0.4,"metallic":0, 
"albedoTexture":{"name":"uni1228_Euro_Male_diff.png","level":1,"hasAlpha":true,"coordinatesMode":0,"uOffset":0,"vOffset":0,"uScale":1,"vScale":1,"uAng":0,"vAng":0,"wAng":0,"wrapU":1,"wrapV":1,"coordinatesIndex":0},"useAlphaFromAlbedoTexture":true},
{"name":"New_obrien01:Low-poly:Eye_brown","id":"New_obrien01:Low-poly:Eye_brown","customType":"BABYLON.PBRMaterial","backFaceCulling":true,"checkReadyOnlyOnce":false,"maxSimultaneousLights":4,"environmentIntensity":1,"reflectivity":[0,0,0],"roughness":0.5,"alpha":1,"transparencyMode":0,"alphaCutOff":0.4,"metallic":0, 
"albedoTexture":{"name":"brown_eye.png","level":1,"hasAlpha":true,"coordinatesMode":0,"uOffset":0,"vOffset":0,"uScale":1,"vScale":1,"uAng":0,"vAng":0,"wAng":0,"wrapU":1,"wrapV":1,"coordinatesIndex":0},"useAlphaFromAlbedoTexture":true},
{"name":"New_obrien01:Uniform_jacket:Uniform_jacket","id":"New_obrien01:Uniform_jacket:Uniform_jacket","customType":"BABYLON.PBRMaterial","backFaceCulling":true,"checkReadyOnlyOnce":false,"maxSimultaneousLights":4,"environmentIntensity":1,"reflectivity":[0.4682,0.4682,0.4682],"roughness":1,"alpha":1,"transparencyMode":0,"alphaCutOff":0.4,"metallic":1, 
"albedoTexture":{"name":"uniform_jacket_black_red01.jpg","level":1,"hasAlpha":false,"coordinatesMode":0,"uOffset":0,"vOffset":0,"uScale":1,"vScale":1,"uAng":0,"vAng":0,"wAng":0,"wrapU":1,"wrapV":1,"coordinatesIndex":0},"useAlphaFromAlbedoTexture":false},
{"name":"New_obrien01:Uniform_pants:Uniform_pants","id":"New_obrien01:Uniform_pants:Uniform_pants","customType":"BABYLON.PBRMaterial","backFaceCulling":true,"checkReadyOnlyOnce":false,"maxSimultaneousLights":4,"environmentIntensity":1,"reflectivity":[0.4773,0.4773,0.4773],"roughness":1,"alpha":1,"transparencyMode":0,"alphaCutOff":0.4,"metallic":1, 
"albedoTexture":{"name":"uniform_pants.jpg","level":1,"hasAlpha":false,"coordinatesMode":0,"uOffset":0,"vOffset":0,"uScale":1,"vScale":1,"uAng":0,"vAng":0,"wAng":0,"wrapU":1,"wrapV":1,"coordinatesIndex":0},"useAlphaFromAlbedoTexture":false},
{"name":"New_obrien01:Uniform_cap:Uniform_cap","id":"New_obrien01:Uniform_cap:Uniform_cap","customType":"BABYLON.PBRMaterial","backFaceCulling":true,"checkReadyOnlyOnce":false,"maxSimultaneousLights":4,"environmentIntensity":1,"reflectivity":[0,0,0],"roughness":1,"alpha":1,"transparencyMode":2,"alphaCutOff":0.4,"metallic":0, 
"albedoTexture":{"name":"uniform_cap_black1024.jpg","level":1,"hasAlpha":false,"coordinatesMode":0,"uOffset":0,"vOffset":0,"uScale":1,"vScale":1,"uAng":0,"vAng":0,"wAng":0,"wrapU":1,"wrapV":1,"coordinatesIndex":0},"useAlphaFromAlbedoTexture":false},
{"name":"New_obrien03:Exy_leather_boots:Leahter_boots_matmaterial","id":"New_obrien03:Exy_leather_boots:Leahter_boots_matmaterial","customType":"BABYLON.PBRMaterial","backFaceCulling":true,"checkReadyOnlyOnce":false,"maxSimultaneousLights":4,"environmentIntensity":1,"albedo":[0,0,0],"reflectivity":[1,1,1],"roughness":0.4909,"alpha":1,"transparencyMode":2,"alphaCutOff":0.4,"metallic":1},
{"name":"start","id":"start","customType":"BABYLON.PBRMaterial","backFaceCulling":true,"checkReadyOnlyOnce":false,"maxSimultaneousLights":4,"environmentIntensity":1,"reflectivity":[0,0,0],"roughness":1,"alpha":1,"transparencyMode":0,"alphaCutOff":0.4,"metallic":0, 
"albedoTexture":{"name":"start01.jpg","level":1,"hasAlpha":false,"coordinatesMode":0,"uOffset":0,"vOffset":0,"uScale":1,"vScale":1,"uAng":0,"vAng":0,"wAng":0,"wrapU":1,"wrapV":1,"coordinatesIndex":0},"useAlphaFromAlbedoTexture":false}],
"multiMaterials":[],
"skeletons":[{"name":"New_obrien01","id":0,"dimensionsAtRest":[1.0413,1.712,0.3864],"bones":[
{"name":"Hips","index":0,"matrix":[1,0,0,0,0,0.9394,0.3427,0,0,0.3427,-0.9394,0,0,0.9236,-0.003,1],"rest":[1,0,0,0,0,0.9394,0.3427,0,0,0.3427,-0.9394,0,0,0.9236,-0.003,1],"parentBoneIndex":-1,"length":0.0931
,"animation":{"dataType":3,"framePerSecond":24,"keys":[
{"frame":1,"values":[1,0,0,0,0,0.9394,0.3427,0,0,0.3427,-0.9394,0,0,0.9236,-0.003,1]},
{"frame":41,"values":[1,0,0,0,0,0.9394,0.3427,0,0,0.3427,-0.9394,0,0,0.9236,-0.003,1]},
{"frame":51,"values":[1,0,0,0,0,0.9394,0.3427,0,0,0.3427,-0.9394,0,0,0.9236,-0.003,1]},
{"frame":91,"values":[1,0,0,0,0,0.9394,0.3427,0,0,0.3427,-0.9394,0,0,0.9236,-0.003,1]}],"loopBehavior":1,"name":"anim","property":"_matrix"}},
{"name":"LeftUpLeg","index":1,"matrix":[0.9957,0.0617,-0.0689,0,0.0463,-0.9774,-0.2063,0,-0.0801,0.2022,-0.9761,0,0.1085,-0.001,-0.0117,1],"rest":[0.9935,0.0855,0.0755,0,0.1025,-0.9596,-0.2621,0,0.0501,0.2681,-0.9621,0,0.1085,-0.001,-0.0117,1],"parentBoneIndex":0,"length":0.4176
,"animation":{"dataType":3,"framePerSecond":24,"keys":[
{"frame":1,"values":[0.9957,0.0617,-0.0689,0,0.0463,-0.9774,-0.2063,0,-0.0801,0.2022,-0.9761,0,0.1085,-0.001,-0.0117,1]},
{"frame":41,"values":[0.9957,0.0617,-0.0689,0,0.0463,-0.9774,-0.2063,0,-0.0801,0.2022,-0.9761,0,0.1085,-0.001,-0.0117,1]},
{"frame":51,"values":[0.9957,0.0617,-0.0689,0,0.0463,-0.9774,-0.2063,0,-0.0801,0.2022,-0.9761,0,0.1085,-0.001,-0.0117,1]},
{"frame":91,"values":[0.9957,0.0617,-0.0689,0,0.0463,-0.9774,-0.2063,0,-0.0801,0.2022,-0.9761,0,0.1085,-0.001,-0.0117,1]}],"loopBehavior":1,"name":"anim","property":"_matrix"}},
{"name":"LeftLeg","index":2,"matrix":[0.9998,-0.0028,0.0203,0,-0.0018,0.9747,0.2237,0,-0.0204,-0.2237,0.9745,0,0,0.4176,0,1],"rest":[0.9998,-0.0013,0.0205,0,-0.0009,0.994,0.1093,0,-0.0206,-0.1093,0.9938,0,0,0.4176,0,1],"parentBoneIndex":1,"length":0.4362
,"animation":{"dataType":3,"framePerSecond":24,"keys":[
{"frame":1,"values":[0.9998,-0.0028,0.0203,0,-0.0018,0.9747,0.2237,0,-0.0204,-0.2237,0.9745,0,0,0.4176,0,1]},
{"frame":41,"values":[0.9998,-0.0028,0.0203,0,-0.0018,0.9747,0.2237,0,-0.0204,-0.2237,0.9745,0,0,0.4176,0,1]},
{"frame":51,"values":[0.9998,-0.0028,0.0203,0,-0.0018,0.9747,0.2237,0,-0.0204,-0.2237,0.9745,0,0,0.4176,0,1]},
{"frame":91,"values":[0.9998,-0.0028,0.0203,0,-0.0018,0.9747,0.2237,0,-0.0204,-0.2237,0.9745,0,0,0.4176,0,1]}],"loopBehavior":1,"name":"anim","property":"_matrix"}},
{"name":"LeftFoot","index":3,"matrix":[0.9963,-0.0246,0.0824,0,0.086,0.2854,-0.9546,0,0,0.9581,0.2864,0,0,0.4362,0,1],"rest":[0.9963,-0.0246,0.0824,0,0.086,0.2854,-0.9546,0,0,0.9581,0.2864,0,0,0.4362,0,1],"parentBoneIndex":2,"length":0.1479
,"animation":{"dataType":3,"framePerSecond":24,"keys":[
{"frame":1,"values":[0.9963,-0.0246,0.0824,0,0.086,0.2854,-0.9546,0,0,0.9581,0.2864,0,0,0.4362,0,1]},
{"frame":41,"values":[0.9963,-0.0246,0.0824,0,0.086,0.2854,-0.9546,0,0,0.9581,0.2864,0,0,0.4362,0,1]},
{"frame":51,"values":[0.9963,-0.0246,0.0824,0,0.086,0.2854,-0.9546,0,0,0.9581,0.2864,0,0,0.4362,0,1]},
{"frame":91,"values":[0.9963,-0.0246,0.0824,0,0.086,0.2854,-0.9546,0,0,0.9581,0.2864,0,0,0.4362,0,1]}],"loopBehavior":1,"name":"anim","property":"_matrix"}},
{"name":"LeftToeBase","index":4,"matrix":[0.9985,0.054,-0.0057,0,-0.0541,0.979,-0.1965,0,-0.005,0.1965,0.9805,0,0,0.1479,0,1],"rest":[0.9985,0.054,-0.0057,0,-0.0541,0.979,-0.1965,0,-0.005,0.1965,0.9805,0,0,0.1479,0,1],"parentBoneIndex":3,"length":0.0206
,"animation":{"dataType":3,"framePerSecond":24,"keys":[
{"frame":1,"values":[0.9985,0.054,-0.0057,0,-0.0541,0.979,-0.1965,0,-0.005,0.1965,0.9805,0,0,0.1479,0,1]},
{"frame":41,"values":[0.9985,0.054,-0.0057,0,-0.0541,0.979,-0.1965,0,-0.005,0.1965,0.9805,0,0,0.1479,0,1]},
{"frame":51,"values":[0.9985,0.054,-0.0057,0,-0.0541,0.979,-0.1965,0,-0.005,0.1965,0.9805,0,0,0.1479,0,1]},
{"frame":91,"values":[0.9985,0.054,-0.0057,0,-0.0541,0.979,-0.1965,0,-0.005,0.1965,0.9805,0,0,0.1479,0,1]}],"loopBehavior":1,"name":"anim","property":"_matrix"}},
{"name":"LowerBack","index":5,"matrix":[1,0,0,0,0,0.9387,0.3449,0,0,-0.3449,0.9387,0,0,0.0931,0,1],"rest":[1,0,0,0,0,0.9387,0.3449,0,0,-0.3449,0.9387,0,0,0.0931,0,1],"parentBoneIndex":0,"length":0.1297
,"animation":{"dataType":3,"framePerSecond":24,"keys":[
{"frame":1,"values":[1,0,0,0,0,0.9387,0.3449,0,0,-0.3449,0.9387,0,0,0.0931,0,1]},
{"frame":2,"values":[1,-0.0015,0.004,0,0,0.9387,0.3449,0,-0.0043,-0.3449,0.9386,0,0,0.0931,0,1]},
{"frame":3,"values":[0.9999,-0.0054,0.0149,0,0,0.9387,0.3449,0,-0.0159,-0.3448,0.9385,0,0,0.0931,0,1]},
{"frame":4,"values":[0.9995,-0.0113,0.0309,0,-0.0001,0.9387,0.3449,0,-0.0329,-0.3447,0.9381,0,0,0.0931,0,1]},
{"frame":5,"values":[0.9986,-0.0184,0.0504,0,-0.0001,0.9387,0.3449,0,-0.0537,-0.3444,0.9373,0,0,0.0931,0,1]},
{"frame":6,"values":[0.9971,-0.0261,0.0716,0,-0.0002,0.9387,0.3449,0,-0.0762,-0.3439,0.9359,0,0,0.0931,0,1]},
{"frame":7,"values":[0.9951,-0.0338,0.0928,0,-0.0002,0.9387,0.3449,0,-0.0987,-0.3432,0.9341,0,0,0.0931,0,1]},
{"frame":8,"values":[0.9928,-0.0409,0.1121,0,-0.0003,0.9387,0.3449,0,-0.1194,-0.3424,0.9319,0,0,0.0931,0,1]},
{"frame":9,"values":[0.9907,-0.0467,0.1281,0,-0.0003,0.9387,0.3448,0,-0.1363,-0.3417,0.9299,0,0,0.0931,0,1]},
{"frame":10,"values":[0.989,-0.0507,0.1388,0,-0.0003,0.9387,0.3448,0,-0.1478,-0.3411,0.9283,0,0,0.0931,0,1]},
{"frame":11,"values":[0.9884,-0.0521,0.1428,0,-0.0003,0.9387,0.3448,0,-0.152,-0.3409,0.9277,0,0,0.0931,0,1]},
{"frame":12,"values":[0.9885,-0.0517,0.1418,0,-0.0003,0.9387,0.3448,0,-0.1509,-0.3409,0.9279,0,0,0.0931,0,1]},
{"frame":13,"values":[0.989,-0.0507,0.1388,0,-0.0003,0.9387,0.3448,0,-0.1478,-0.3411,0.9283,0,0,0.0931,0,1]},
{"frame":14,"values":[0.9897,-0.049,0.1342,0,-0.0003,0.9387,0.3448,0,-0.1429,-0.3414,0.929,0,0,0.0931,0,1]},
{"frame":15,"values":[0.9907,-0.0467,0.1281,0,-0.0003,0.9387,0.3448,0,-0.1363,-0.3417,0.9299,0,0,0.0931,0,1]},
{"frame":16,"values":[0.9917,-0.044,0.1206,0,-0.0003,0.9387,0.3448,0,-0.1284,-0.342,0.9309,0,0,0.0931,0,1]},
{"frame":17,"values":[0.9928,-0.0409,0.1121,0,-0.0003,0.9387,0.3449,0,-0.1194,-0.3424,0.9319,0,0,0.0931,0,1]},
{"frame":18,"values":[0.994,-0.0375,0.1028,0,-0.0002,0.9387,0.3449,0,-0.1094,-0.3428,0.933,0,0,0.0931,0,1]},
{"frame":19,"values":[0.9951,-0.0338,0.0928,0,-0.0002,0.9387,0.3449,0,-0.0987,-0.3432,0.9341,0,0,0.0931,0,1]},
{"frame":20,"values":[0.9962,-0.03,0.0823,0,-0.0002,0.9387,0.3449,0,-0.0876,-0.3435,0.935,0,0,0.0931,0,1]},
{"frame":21,"values":[0.9971,-0.0261,0.0716,0,-0.0002,0.9387,0.3449,0,-0.0762,-0.3439,0.9359,0,0,0.0931,0,1]},
{"frame":22,"values":[0.9979,-0.0222,0.0609,0,-0.0001,0.9387,0.3449,0,-0.0648,-0.3441,0.9367,0,0,0.0931,0,1]},
{"frame":23,"values":[0.9986,-0.0184,0.0504,0,-0.0001,0.9387,0.3449,0,-0.0537,-0.3444,0.9373,0,0,0.0931,0,1]},
{"frame":24,"values":[0.9991,-0.0147,0.0404,0,-0.0001,0.9387,0.3449,0,-0.043,-0.3445,0.9378,0,0,0.0931,0,1]},
{"frame":25,"values":[0.9995,-0.0113,0.0309,0,-0.0001,0.9387,0.3449,0,-0.0329,-0.3447,0.9381,0,0,0.0931,0,1]},
{"frame":26,"values":[0.9997,-0.0082,0.0224,0,-0.0001,0.9387,0.3449,0,-0.0238,-0.3448,0.9384,0,0,0.0931,0,1]},
{"frame":27,"values":[0.9999,-0.0054,0.0149,0,0,0.9387,0.3449,0,-0.0159,-0.3448,0.9385,0,0,0.0931,0,1]},
{"frame":28,"values":[1,-0.0032,0.0087,0,0,0.9387,0.3449,0,-0.0093,-0.3449,0.9386,0,0,0.0931,0,1]},
{"frame":29,"values":[1,-0.0015,0.004,0,0,0.9387,0.3449,0,-0.0043,-0.3449,0.9386,0,0,0.0931,0,1]},
{"frame":30,"values":[1,-0.0004,0.001,0,0,0.9387,0.3449,0,-0.0011,-0.3449,0.9387,0,0,0.0931,0,1]},
{"frame":31,"values":[1,0,0,0,0,0.9387,0.3449,0,0,-0.3449,0.9387,0,0,0.0931,0,1]},
{"frame":41,"values":[1,0,0,0,0,0.9387,0.3449,0,0,-0.3449,0.9387,0,0,0.0931,0,1]},
{"frame":51,"values":[1,0,0,0,0,0.9387,0.3449,0,0,-0.3449,0.9387,0,0,0.0931,0,1]},
{"frame":91,"values":[1,0,0,0,0,0.9387,0.3449,0,0,-0.3449,0.9387,0,0,0.0931,0,1]}],"loopBehavior":1,"name":"anim","property":"_matrix"}},
{"name":"Spine","index":6,"matrix":[1,0,0,0,0,0.9872,-0.1597,0,0,0.1597,0.9872,0,0,0.1297,0,1],"rest":[1,0,0,0,0,0.9872,-0.1597,0,0,0.1597,0.9872,0,0,0.1297,0,1],"parentBoneIndex":5,"length":0.1372
,"animation":{"dataType":3,"framePerSecond":24,"keys":[
{"frame":1,"values":[1,0,0,0,0,0.9872,-0.1597,0,0,0.1597,0.9872,0,0,0.1297,0,1]},
{"frame":41,"values":[1,0,0,0,0,0.9872,-0.1597,0,0,0.1597,0.9872,0,0,0.1297,0,1]},
{"frame":51,"values":[1,0,0,0,0,0.9872,-0.1597,0,0,0.1597,0.9872,0,0,0.1297,0,1]},
{"frame":91,"values":[1,0,0,0,0,0.9872,-0.1597,0,0,0.1597,0.9872,0,0,0.1297,0,1]}],"loopBehavior":1,"name":"anim","property":"_matrix"}},
{"name":"Spine1","index":7,"matrix":[1,0,0,0,0,0.9016,0.4325,0,0,-0.4325,0.9016,0,0,0.1372,0,1],"rest":[1,0,0,0,0,0.9016,0.4325,0,0,-0.4325,0.9016,0,0,0.1372,0,1],"parentBoneIndex":6,"length":0.2163
,"animation":{"dataType":3,"framePerSecond":24,"keys":[
{"frame":1,"values":[1,0,0,0,0,0.9016,0.4325,0,0,-0.4325,0.9016,0,0,0.1372,0,1]},
{"frame":41,"values":[1,0,0,0,0,0.9016,0.4325,0,0,-0.4325,0.9016,0,0,0.1372,0,1]},
{"frame":51,"values":[1,0,0,0,0,0.9016,0.4325,0,0,-0.4325,0.9016,0,0,0.1372,0,1]},
{"frame":91,"values":[1,0,0,0,0,0.9016,0.4325,0,0,-0.4325,0.9016,0,0,0.1372,0,1]}],"loopBehavior":1,"name":"anim","property":"_matrix"}},
{"name":"LeftShoulder","index":8,"matrix":[-0.1779,-0.9132,0.3666,0,0.9831,-0.1812,0.0256,0,0.043,0.365,0.93,0,0.0228,0.148,0.0316,1],"rest":[-0.1779,-0.9132,0.3666,0,0.9831,-0.1812,0.0256,0,0.043,0.365,0.93,0,0.0228,0.148,0.0316,1],"parentBoneIndex":7,"length":0.1665
,"animation":{"dataType":3,"framePerSecond":24,"keys":[
{"frame":1,"values":[-0.1779,-0.9132,0.3666,0,0.9831,-0.1812,0.0256,0,0.043,0.365,0.93,0,0.0228,0.148,0.0316,1]},
{"frame":41,"values":[-0.1779,-0.9132,0.3666,0,0.9831,-0.1812,0.0256,0,0.043,0.365,0.93,0,0.0228,0.148,0.0316,1]},
{"frame":51,"values":[-0.1779,-0.9132,0.3666,0,0.9831,-0.1812,0.0256,0,0.043,0.365,0.93,0,0.0228,0.148,0.0316,1]},
{"frame":91,"values":[-0.1779,-0.9132,0.3666,0,0.9831,-0.1812,0.0256,0,0.043,0.365,0.93,0,0.0228,0.148,0.0316,1]}],"loopBehavior":1,"name":"anim","property":"_matrix"}},
{"name":"LeftArm","index":9,"matrix":[0.2695,-0.8894,-0.3693,0,0.8504,0.3998,-0.3421,0,0.4519,-0.2219,0.864,0,0,0.1665,0,1],"rest":[0.7831,-0.6215,-0.0203,0,0.6204,0.7831,-0.0441,0,0.0433,0.0219,0.9988,0,0,0.1665,0,1],"parentBoneIndex":8,"length":0.252
,"animation":{"dataType":3,"framePerSecond":24,"keys":[
{"frame":1,"values":[0.2695,-0.8894,-0.3693,0,0.8504,0.3998,-0.3421,0,0.4519,-0.2219,0.864,0,0,0.1665,0,1]},
{"frame":2,"values":[0.2692,-0.8919,-0.3634,0,0.8107,0.4135,-0.4145,0,0.5199,-0.183,0.8344,0,0,0.1665,0,1]},
{"frame":3,"values":[0.2679,-0.8991,-0.3463,0,0.731,0.4238,-0.5348,0,0.6276,-0.1099,0.7708,0,0,0.1665,0,1]},
{"frame":4,"values":[0.2647,-0.9098,-0.3196,0,0.6566,0.4128,-0.6312,0,0.7062,-0.0428,0.7067,0,0,0.1665,0,1]},
{"frame":5,"values":[0.2591,-0.9222,-0.287,0,0.6236,0.3867,-0.6794,0,0.7375,-0.003,0.6753,0,0,0.1665,0,1]},
{"frame":6,"values":[0.2523,-0.9326,-0.258,0,0.6672,0.3608,-0.6517,0,0.7008,-0.0077,0.7133,0,0,0.1665,0,1]},
{"frame":7,"values":[0.2538,-0.9349,-0.2482,0,0.7958,0.3476,-0.4959,0,0.5498,-0.0717,0.8322,0,0,0.1665,0,1]},
{"frame":8,"values":[0.2896,-0.921,-0.2606,0,0.9203,0.3428,-0.1886,0,0.263,-0.1852,0.9469,0,0,0.1665,0,1]},
{"frame":9,"values":[0.3747,-0.8883,-0.2657,0,0.9264,0.347,0.1463,0,-0.0378,-0.301,0.9529,0,0,0.1665,0,1]},
{"frame":10,"values":[0.4776,-0.8431,-0.2472,0,0.8509,0.3737,0.3693,0,-0.219,-0.3867,0.8958,0,0,0.1665,0,1]},
{"frame":11,"values":[0.5289,-0.8164,-0.2319,0,0.8039,0.3944,0.4451,0,-0.2719,-0.4219,0.8649,0,0,0.1665,0,1]},
{"frame":12,"values":[0.5282,-0.8165,-0.2331,0,0.8042,0.393,0.4458,0,-0.2724,-0.4229,0.8643,0,0,0.1665,0,1]},
{"frame":13,"values":[0.5262,-0.8168,-0.2364,0,0.8051,0.3891,0.4476,0,-0.2736,-0.4258,0.8624,0,0,0.1665,0,1]},
{"frame":14,"values":[0.5231,-0.8173,-0.2416,0,0.8065,0.3831,0.4503,0,-0.2755,-0.4304,0.8595,0,0,0.1665,0,1]},
{"frame":15,"values":[0.5191,-0.8178,-0.2485,0,0.8082,0.3751,0.454,0,-0.278,-0.4365,0.8557,0,0,0.1665,0,1]},
{"frame":16,"values":[0.5145,-0.8182,-0.2567,0,0.8102,0.3656,0.4582,0,-0.2811,-0.4437,0.851,0,0,0.1665,0,1]},
{"frame":17,"values":[0.5094,-0.8184,-0.266,0,0.8122,0.355,0.463,0,-0.2845,-0.4518,0.8455,0,0,0.1665,0,1]},
{"frame":18,"values":[0.504,-0.8184,-0.2761,0,0.8142,0.3435,0.468,0,-0.2881,-0.4607,0.8395,0,0,0.1665,0,1]},
{"frame":19,"values":[0.4986,-0.818,-0.2868,0,0.8162,0.3316,0.4733,0,-0.292,-0.4701,0.8329,0,0,0.1665,0,1]},
{"frame":20,"values":[0.4934,-0.8172,-0.2979,0,0.8179,0.3194,0.4785,0,-0.296,-0.4797,0.826,0,0,0.1665,0,1]},
{"frame":21,"values":[0.4884,-0.8161,-0.309,0,0.8195,0.3072,0.4838,0,-0.2999,-0.4895,0.8188,0,0,0.1665,0,1]},
{"frame":22,"values":[0.4837,-0.8147,-0.3199,0,0.8208,0.2954,0.4889,0,-0.3038,-0.4991,0.8116,0,0,0.1665,0,1]},
{"frame":23,"values":[0.4795,-0.8129,-0.3305,0,0.8219,0.2841,0.4938,0,-0.3075,-0.5084,0.8043,0,0,0.1665,0,1]},
{"frame":24,"values":[0.4758,-0.811,-0.3405,0,0.8227,0.2735,0.4983,0,-0.311,-0.5173,0.7973,0,0,0.1665,0,1]},
{"frame":25,"values":[0.4727,-0.8089,-0.3497,0,0.8233,0.2638,0.5025,0,-0.3142,-0.5255,0.7907,0,0,0.1665,0,1]},
{"frame":26,"values":[0.47,-0.8068,-0.358,0,0.8238,0.2552,0.5062,0,-0.317,-0.5328,0.7846,0,0,0.1665,0,1]},
{"frame":27,"values":[0.4678,-0.8048,-0.3652,0,0.824,0.2479,0.5094,0,-0.3195,-0.5393,0.7792,0,0,0.1665,0,1]},
{"frame":28,"values":[0.4662,-0.8031,-0.371,0,0.8242,0.2419,0.5121,0,-0.3215,-0.5445,0.7747,0,0,0.1665,0,1]},
{"frame":29,"values":[0.465,-0.8017,-0.3754,0,0.8243,0.2374,0.5141,0,-0.323,-0.5485,0.7712,0,0,0.1665,0,1]},
{"frame":30,"values":[0.4643,-0.8009,-0.3782,0,0.8243,0.2345,0.5153,0,-0.324,-0.551,0.769,0,0,0.1665,0,1]},
{"frame":31,"values":[0.4641,-0.8005,-0.3792,0,0.8243,0.2336,0.5157,0,-0.3243,-0.5519,0.7683,0,0,0.1665,0,1]},
{"frame":32,"values":[0.4262,-0.817,-0.3883,0,0.8632,0.2388,0.4449,0,-0.2708,-0.5248,0.807,0,0,0.1665,0,1]},
{"frame":33,"values":[0.3465,-0.8503,-0.396,0,0.933,0.2686,0.2395,0,-0.0973,-0.4525,0.8864,0,0,0.1665,0,1]},
{"frame":34,"values":[0.2754,-0.883,-0.3802,0,0.9421,0.3266,-0.076,0,0.1913,-0.3372,0.9218,0,0,0.1665,0,1]},
{"frame":35,"values":[0.2429,-0.9045,-0.3505,0,0.8376,0.3779,-0.3946,0,0.4893,-0.1977,0.8494,0,0,0.1665,0,1]},
{"frame":36,"values":[0.2432,-0.9101,-0.3356,0,0.7046,0.4035,-0.5837,0,0.6666,-0.0946,0.7394,0,0,0.1665,0,1]},
{"frame":37,"values":[0.2527,-0.9058,-0.34,0,0.6453,0.4196,-0.6384,0,0.7209,-0.0581,0.6906,0,0,0.1665,0,1]},
{"frame":38,"values":[0.2609,-0.8992,-0.3514,0,0.6663,0.4311,-0.6085,0,0.6986,-0.0754,0.7116,0,0,0.1665,0,1]},
{"frame":39,"values":[0.266,-0.8936,-0.3614,0,0.7342,0.4308,-0.5247,0,0.6246,-0.1258,0.7707,0,0,0.1665,0,1]},
{"frame":40,"values":[0.2686,-0.8904,-0.3674,0,0.8113,0.4148,-0.412,0,0.5193,-0.1874,0.8338,0,0,0.1665,0,1]},
{"frame":41,"values":[0.2695,-0.8894,-0.3693,0,0.8504,0.3998,-0.3421,0,0.4519,-0.2219,0.864,0,0,0.1665,0,1]},
{"frame":51,"values":[0.2695,-0.8894,-0.3693,0,0.8504,0.3998,-0.3421,0,0.4519,-0.2219,0.864,0,0,0.1665,0,1]},
{"frame":91,"values":[0.2695,-0.8894,-0.3693,0,0.8504,0.3998,-0.3421,0,0.4519,-0.2219,0.864,0,0,0.1665,0,1]}],"loopBehavior":1,"name":"anim","property":"_matrix"}},
{"name":"LeftForeArm","index":10,"matrix":[0.9999,0.0146,-0.0062,0,-0.0095,0.8622,0.5064,0,0.0128,-0.5063,0.8623,0,0,0.252,0,1],"rest":[0.9998,0.021,-0.0012,0,-0.0136,0.6872,0.7264,0,0.016,-0.7262,0.6873,0,0,0.252,0,1],"parentBoneIndex":9,"length":0.2675
,"animation":{"dataType":3,"framePerSecond":24,"keys":[
{"frame":1,"values":[0.9999,0.0146,-0.0062,0,-0.0095,0.8622,0.5064,0,0.0128,-0.5063,0.8623,0,0,0.252,0,1]},
{"frame":2,"values":[0.9998,0.0203,-0.0009,0,-0.0147,0.7529,0.658,0,0.0141,-0.6579,0.753,0,0,0.252,0,1]},
{"frame":3,"values":[0.9994,0.0321,0.0149,0,-0.0284,0.4761,0.8789,0,0.0211,-0.8788,0.4767,0,0,0.252,0,1]},
{"frame":4,"values":[0.9981,0.0445,0.0415,0,-0.0467,0.1219,0.9914,0,0.0391,-0.9915,0.1237,0,0,0.252,0,1]},
{"frame":5,"values":[0.9956,0.0538,0.0772,0,-0.0635,-0.2224,0.9729,0,0.0695,-0.9735,-0.218,0,0,0.252,0,1]},
{"frame":6,"values":[0.9914,0.0581,0.1173,0,-0.074,-0.4901,0.8685,0,0.108,-0.8697,-0.4816,0,0,0.252,0,1]},
{"frame":7,"values":[0.9861,0.0598,0.1549,0,-0.0801,-0.6463,0.7589,0,0.1455,-0.7607,-0.6325,0,0,0.252,0,1]},
{"frame":8,"values":[0.9808,0.0645,0.1842,0,-0.0892,-0.6916,0.7168,0,0.1736,-0.7194,-0.6725,0,0,0.252,0,1]},
{"frame":9,"values":[0.9765,0.0741,0.2022,0,-0.1045,-0.6582,0.7455,0,0.1883,-0.7492,-0.6351,0,0,0.252,0,1]},
{"frame":10,"values":[0.974,0.0838,0.2104,0,-0.1195,-0.5993,0.7916,0,0.1924,-0.7961,-0.5737,0,0,0.252,0,1]},
{"frame":11,"values":[0.9732,0.0878,0.2125,0,-0.1258,-0.5702,0.8118,0,0.1925,-0.8168,-0.5438,0,0,0.252,0,1]},
{"frame":12,"values":[0.9732,0.0879,0.2124,0,-0.1259,-0.5694,0.8124,0,0.1924,-0.8173,-0.5431,0,0,0.252,0,1]},
{"frame":13,"values":[0.9733,0.0881,0.2122,0,-0.1261,-0.5673,0.8138,0,0.192,-0.8188,-0.541,0,0,0.252,0,1]},
{"frame":14,"values":[0.9733,0.0883,0.2118,0,-0.1264,-0.5639,0.8161,0,0.1915,-0.8211,-0.5377,0,0,0.252,0,1]},
{"frame":15,"values":[0.9734,0.0886,0.2113,0,-0.1269,-0.5594,0.8191,0,0.1908,-0.8242,-0.5333,0,0,0.252,0,1]},
{"frame":16,"values":[0.9735,0.089,0.2108,0,-0.1275,-0.5539,0.8228,0,0.19,-0.8278,-0.5279,0,0,0.252,0,1]},
{"frame":17,"values":[0.9736,0.0895,0.2101,0,-0.1281,-0.5476,0.8269,0,0.189,-0.8319,-0.5217,0,0,0.252,0,1]},
{"frame":18,"values":[0.9737,0.09,0.2094,0,-0.1288,-0.5406,0.8314,0,0.188,-0.8365,-0.5148,0,0,0.252,0,1]},
{"frame":19,"values":[0.9738,0.0905,0.2086,0,-0.1295,-0.533,0.8361,0,0.1868,-0.8412,-0.5074,0,0,0.252,0,1]},
{"frame":20,"values":[0.9739,0.091,0.2077,0,-0.1303,-0.5251,0.841,0,0.1856,-0.8462,-0.4995,0,0,0.252,0,1]},
{"frame":21,"values":[0.9741,0.0915,0.2068,0,-0.1311,-0.5169,0.846,0,0.1844,-0.8512,-0.4915,0,0,0.252,0,1]},
{"frame":22,"values":[0.9742,0.0921,0.206,0,-0.1318,-0.5086,0.8509,0,0.1831,-0.8561,-0.4833,0,0,0.252,0,1]},
{"frame":23,"values":[0.9744,0.0926,0.2051,0,-0.1326,-0.5004,0.8556,0,0.1818,-0.8608,-0.4753,0,0,0.252,0,1]},
{"frame":24,"values":[0.9745,0.0931,0.2043,0,-0.1333,-0.4924,0.8601,0,0.1806,-0.8654,-0.4675,0,0,0.252,0,1]},
{"frame":25,"values":[0.9746,0.0935,0.2035,0,-0.1339,-0.4849,0.8642,0,0.1795,-0.8695,-0.4601,0,0,0.252,0,1]},
{"frame":26,"values":[0.9747,0.0939,0.2028,0,-0.1345,-0.4781,0.868,0,0.1785,-0.8733,-0.4534,0,0,0.252,0,1]},
{"frame":27,"values":[0.9748,0.0943,0.2021,0,-0.135,-0.4721,0.8712,0,0.1775,-0.8765,-0.4474,0,0,0.252,0,1]},
{"frame":28,"values":[0.9749,0.0946,0.2016,0,-0.1354,-0.467,0.8738,0,0.1768,-0.8792,-0.4425,0,0,0.252,0,1]},
{"frame":29,"values":[0.975,0.0948,0.2012,0,-0.1357,-0.4632,0.8758,0,0.1762,-0.8812,-0.4388,0,0,0.252,0,1]},
{"frame":30,"values":[0.975,0.0949,0.2009,0,-0.1359,-0.4608,0.877,0,0.1758,-0.8824,-0.4364,0,0,0.252,0,1]},
{"frame":31,"values":[0.975,0.0949,0.2008,0,-0.136,-0.46,0.8775,0,0.1757,-0.8829,-0.4355,0,0,0.252,0,1]},
{"frame":32,"values":[0.9756,0.0909,0.1997,0,-0.1296,-0.4955,0.8589,0,0.177,-0.8638,-0.4717,0,0,0.252,0,1]},
{"frame":33,"values":[0.9777,0.0808,0.1937,0,-0.1139,-0.571,0.813,0,0.1763,-0.817,-0.549,0,0,0.252,0,1]},
{"frame":34,"values":[0.9815,0.0696,0.1784,0,-0.0963,-0.626,0.7739,0,0.1655,-0.7767,-0.6077,0,0,0.252,0,1]},
{"frame":35,"values":[0.9865,0.0625,0.1516,0,-0.0837,-0.6029,0.7934,0,0.141,-0.7954,-0.5895,0,0,0.252,0,1]},
{"frame":36,"values":[0.9915,0.059,0.1157,0,-0.0751,-0.4657,0.8818,0,0.1059,-0.883,-0.4573,0,0,0.252,0,1]},
{"frame":37,"values":[0.9956,0.054,0.0766,0,-0.0636,-0.2116,0.9753,0,0.0688,-0.9759,-0.2072,0,0,0.252,0,1]},
{"frame":38,"values":[0.9982,0.0445,0.0414,0,-0.0467,0.125,0.9911,0,0.039,-0.9912,0.1268,0,0,0.252,0,1]},
{"frame":39,"values":[0.9994,0.0321,0.0149,0,-0.0284,0.4762,0.8789,0,0.0211,-0.8788,0.4768,0,0,0.252,0,1]},
{"frame":40,"values":[0.9998,0.0204,-0.0009,0,-0.0147,0.7526,0.6583,0,0.0141,-0.6581,0.7528,0,0,0.252,0,1]},
{"frame":41,"values":[0.9999,0.0146,-0.0062,0,-0.0095,0.8622,0.5064,0,0.0128,-0.5063,0.8623,0,0,0.252,0,1]},
{"frame":51,"values":[0.9999,0.0146,-0.0062,0,-0.0095,0.8622,0.5064,0,0.0128,-0.5063,0.8623,0,0,0.252,0,1]},
{"frame":91,"values":[0.9999,0.0146,-0.0062,0,-0.0095,0.8622,0.5064,0,0.0128,-0.5063,0.8623,0,0,0.252,0,1]}],"loopBehavior":1,"name":"anim","property":"_matrix"}},
{"name":"LeftHand","index":11,"matrix":[0.9434,-0.042,0.3289,0,-0.0037,0.9905,0.1372,0,-0.3315,-0.1307,0.9343,0,0,0.2675,0,1],"rest":[0.9927,-0.1177,-0.0252,0,0.1203,0.9781,0.1696,0,0.0047,-0.1714,0.9852,0,0,0.2675,0,1],"parentBoneIndex":10,"length":0.0358
,"animation":{"dataType":3,"framePerSecond":24,"keys":[
{"frame":1,"values":[0.9434,-0.042,0.3289,0,-0.0037,0.9905,0.1372,0,-0.3315,-0.1307,0.9343,0,0,0.2675,0,1]},
{"frame":2,"values":[0.9378,-0.0443,0.3444,0,-0.0065,0.9894,0.1448,0,-0.3471,-0.1381,0.9276,0,0,0.2675,0,1]},
{"frame":3,"values":[0.9211,-0.0511,0.386,0,-0.0145,0.9861,0.1653,0,-0.3891,-0.1579,0.9076,0,0,0.2675,0,1]},
{"frame":4,"values":[0.8928,-0.0629,0.446,0,-0.0283,0.9804,0.1949,0,-0.4495,-0.1866,0.8735,0,0,0.2675,0,1]},
{"frame":5,"values":[0.8528,-0.08,0.5161,0,-0.0477,0.9721,0.2295,0,-0.5201,-0.2204,0.8252,0,0,0.2675,0,1]},
{"frame":6,"values":[0.8026,-0.1017,0.5878,0,-0.0722,0.9616,0.2649,0,-0.5921,-0.255,0.7644,0,0,0.2675,0,1]},
{"frame":7,"values":[0.7462,-0.1264,0.6536,0,-0.0997,0.9495,0.2975,0,-0.6582,-0.2871,0.6959,0,0,0.2675,0,1]},
{"frame":8,"values":[0.6896,-0.1515,0.7082,0,-0.1273,0.9373,0.3245,0,-0.7129,-0.3139,0.6271,0,0,0.2675,0,1]},
{"frame":9,"values":[0.6402,-0.1735,0.7484,0,-0.1515,0.9265,0.3444,0,-0.7531,-0.3339,0.5669,0,0,0.2675,0,1]},
{"frame":10,"values":[0.6055,-0.189,0.7731,0,-0.1685,0.9189,0.3567,0,-0.7778,-0.3462,0.5245,0,0,0.2675,0,1]},
{"frame":11,"values":[0.5925,-0.1949,0.7817,0,-0.1749,0.9161,0.3609,0,-0.7864,-0.3505,0.5087,0,0,0.2675,0,1]},
{"frame":32,"values":[0.6055,-0.189,0.7731,0,-0.1685,0.9189,0.3567,0,-0.7778,-0.3462,0.5245,0,0,0.2675,0,1]},
{"frame":33,"values":[0.6402,-0.1735,0.7484,0,-0.1515,0.9265,0.3444,0,-0.7531,-0.3339,0.5669,0,0,0.2675,0,1]},
{"frame":34,"values":[0.6896,-0.1515,0.7082,0,-0.1273,0.9373,0.3245,0,-0.7129,-0.3139,0.6271,0,0,0.2675,0,1]},
{"frame":35,"values":[0.7462,-0.1264,0.6536,0,-0.0997,0.9495,0.2975,0,-0.6582,-0.2871,0.6959,0,0,0.2675,0,1]},
{"frame":36,"values":[0.8026,-0.1017,0.5878,0,-0.0722,0.9616,0.2649,0,-0.5921,-0.255,0.7644,0,0,0.2675,0,1]},
{"frame":37,"values":[0.8528,-0.08,0.5161,0,-0.0477,0.9721,0.2295,0,-0.5201,-0.2204,0.8252,0,0,0.2675,0,1]},
{"frame":38,"values":[0.8928,-0.0629,0.446,0,-0.0283,0.9804,0.1949,0,-0.4495,-0.1866,0.8735,0,0,0.2675,0,1]},
{"frame":39,"values":[0.9211,-0.0511,0.386,0,-0.0145,0.9861,0.1653,0,-0.3891,-0.1579,0.9076,0,0,0.2675,0,1]},
{"frame":40,"values":[0.9378,-0.0443,0.3444,0,-0.0065,0.9894,0.1448,0,-0.3471,-0.1381,0.9276,0,0,0.2675,0,1]},
{"frame":41,"values":[0.9434,-0.042,0.3289,0,-0.0037,0.9905,0.1372,0,-0.3315,-0.1307,0.9343,0,0,0.2675,0,1]},
{"frame":51,"values":[0.9434,-0.042,0.3289,0,-0.0037,0.9905,0.1372,0,-0.3315,-0.1307,0.9343,0,0,0.2675,0,1]},
{"frame":91,"values":[0.9434,-0.042,0.3289,0,-0.0037,0.9905,0.1372,0,-0.3315,-0.1307,0.9343,0,0,0.2675,0,1]}],"loopBehavior":1,"name":"anim","property":"_matrix"}},
{"name":"LThumb","index":12,"matrix":[-0.6006,0.7985,0.0411,0,0.6609,0.4669,0.5875,0,0.4499,0.3801,-0.8082,0,0.0015,0.0437,0.0225,1],"rest":[-0.6006,0.7985,0.0411,0,0.6609,0.4669,0.5875,0,0.4499,0.3801,-0.8082,0,0.0015,0.0437,0.0225,1],"parentBoneIndex":11,"length":0.0337
,"animation":{"dataType":3,"framePerSecond":24,"keys":[
{"frame":1,"values":[-0.6006,0.7985,0.0411,0,0.6609,0.4669,0.5875,0,0.4499,0.3801,-0.8082,0,0.0015,0.0437,0.0225,1]},
{"frame":2,"values":[-0.5974,0.8017,0.0206,0,0.6657,0.4814,0.5701,0,0.4471,0.3543,-0.8213,0,0.0015,0.0437,0.0225,1]},
{"frame":3,"values":[-0.5891,0.8072,-0.0363,0,0.6787,0.5187,0.5199,0,0.4385,0.2816,-0.8535,0,0.0015,0.0437,0.0225,1]},
{"frame":4,"values":[-0.5781,0.8067,-0.1227,0,0.6976,0.5667,0.4384,0,0.4232,0.1679,-0.8904,0,0.0015,0.0437,0.0225,1]},
{"frame":5,"values":[-0.5672,0.7911,-0.2292,0,0.7195,0.6113,0.3296,0,0.4008,0.0221,-0.9159,0,0.0015,0.0437,0.0225,1]},
{"frame":6,"values":[-0.5589,0.7551,-0.3426,0,0.7409,0.6403,0.2027,0,0.3724,-0.1406,-0.9174,0,0.0015,0.0437,0.0225,1]},
{"frame":7,"values":[-0.5549,0.7006,-0.4486,0,0.7589,0.6472,0.0721,0,0.3409,-0.3005,-0.8908,0,0.0015,0.0437,0.0225,1]},
{"frame":8,"values":[-0.555,0.6364,-0.5357,0,0.7718,0.6342,-0.0461,0,0.3104,-0.439,-0.8431,0,0.0015,0.0437,0.0225,1]},
{"frame":9,"values":[-0.5577,0.5756,-0.5981,0,0.7796,0.6106,-0.1392,0,0.2851,-0.5439,-0.7893,0,0.0015,0.0437,0.0225,1]},
{"frame":10,"values":[-0.5607,0.5313,-0.6351,0,0.7834,0.5887,-0.1991,0,0.2681,-0.6092,-0.7463,0,0.0015,0.0437,0.0225,1]},
{"frame":11,"values":[-0.562,0.5145,-0.6476,0,0.7846,0.5796,-0.2204,0,0.2619,-0.6319,-0.7294,0,0.0015,0.0437,0.0225,1]},
{"frame":32,"values":[-0.5607,0.5313,-0.6351,0,0.7834,0.5887,-0.1991,0,0.2681,-0.6092,-0.7463,0,0.0015,0.0437,0.0225,1]},
{"frame":33,"values":[-0.5577,0.5756,-0.5981,0,0.7796,0.6106,-0.1392,0,0.2851,-0.5439,-0.7893,0,0.0015,0.0437,0.0225,1]},
{"frame":34,"values":[-0.555,0.6364,-0.5357,0,0.7718,0.6342,-0.0461,0,0.3104,-0.439,-0.8431,0,0.0015,0.0437,0.0225,1]},
{"frame":35,"values":[-0.5549,0.7006,-0.4486,0,0.7589,0.6472,0.0721,0,0.3409,-0.3005,-0.8908,0,0.0015,0.0437,0.0225,1]},
{"frame":36,"values":[-0.5589,0.7551,-0.3426,0,0.7409,0.6403,0.2027,0,0.3724,-0.1406,-0.9174,0,0.0015,0.0437,0.0225,1]},
{"frame":37,"values":[-0.5672,0.7911,-0.2292,0,0.7195,0.6113,0.3296,0,0.4008,0.0221,-0.9159,0,0.0015,0.0437,0.0225,1]},
{"frame":38,"values":[-0.5781,0.8067,-0.1227,0,0.6976,0.5667,0.4384,0,0.4232,0.1679,-0.8904,0,0.0015,0.0437,0.0225,1]},
{"frame":39,"values":[-0.5891,0.8072,-0.0363,0,0.6787,0.5187,0.5199,0,0.4385,0.2816,-0.8535,0,0.0015,0.0437,0.0225,1]},
{"frame":40,"values":[-0.5974,0.8017,0.0206,0,0.6657,0.4814,0.5701,0,0.4471,0.3543,-0.8213,0,0.0015,0.0437,0.0225,1]},
{"frame":41,"values":[-0.6006,0.7985,0.0411,0,0.6609,0.4669,0.5875,0,0.4499,0.3801,-0.8082,0,0.0015,0.0437,0.0225,1]},
{"frame":51,"values":[-0.6006,0.7985,0.0411,0,0.6609,0.4669,0.5875,0,0.4499,0.3801,-0.8082,0,0.0015,0.0437,0.0225,1]},
{"frame":91,"values":[-0.6006,0.7985,0.0411,0,0.6609,0.4669,0.5875,0,0.4499,0.3801,-0.8082,0,0.0015,0.0437,0.0225,1]}],"loopBehavior":1,"name":"anim","property":"_matrix"}},
{"name":"LeftFingerBase","index":13,"matrix":[-0.2618,0.1963,-0.9449,0,-0.0231,0.9775,0.2095,0,0.9648,0.0767,-0.2514,0,0,0.0358,0,1],"rest":[-0.2618,0.1963,-0.9449,0,-0.0231,0.9775,0.2095,0,0.9648,0.0767,-0.2514,0,0,0.0358,0,1],"parentBoneIndex":11,"length":0.0816
,"animation":{"dataType":3,"framePerSecond":24,"keys":[
{"frame":1,"values":[-0.2618,0.1963,-0.9449,0,-0.0231,0.9775,0.2095,0,0.9648,0.0767,-0.2514,0,0,0.0358,0,1]},
{"frame":41,"values":[-0.2618,0.1963,-0.9449,0,-0.0231,0.9775,0.2095,0,0.9648,0.0767,-0.2514,0,0,0.0358,0,1]},
{"frame":51,"values":[-0.2618,0.1963,-0.9449,0,-0.0231,0.9775,0.2095,0,0.9648,0.0767,-0.2514,0,0,0.0358,0,1]},
{"frame":91,"values":[-0.2618,0.1963,-0.9449,0,-0.0231,0.9775,0.2095,0,0.9648,0.0767,-0.2514,0,0,0.0358,0,1]}],"loopBehavior":1,"name":"anim","property":"_matrix"}},
{"name":"LeftHandFinger1","index":14,"matrix":[0.9952,-0.0974,-0.0038,0,0.0947,0.9574,0.2728,0,-0.0229,-0.2719,0.9621,0,0,0.0816,0,1],"rest":[0.9952,-0.0974,-0.0038,0,0.0947,0.9574,0.2728,0,-0.0229,-0.2719,0.9621,0,0,0.0816,0,1],"parentBoneIndex":13,"length":0.0284
,"animation":{"dataType":3,"framePerSecond":24,"keys":[
{"frame":1,"values":[0.9952,-0.0974,-0.0038,0,0.0947,0.9574,0.2728,0,-0.0229,-0.2719,0.9621,0,0,0.0816,0,1]},
{"frame":41,"values":[0.9952,-0.0974,-0.0038,0,0.0947,0.9574,0.2728,0,-0.0229,-0.2719,0.9621,0,0,0.0816,0,1]},
{"frame":51,"values":[0.9952,-0.0974,-0.0038,0,0.0947,0.9574,0.2728,0,-0.0229,-0.2719,0.9621,0,0,0.0816,0,1]},
{"frame":91,"values":[0.9952,-0.0974,-0.0038,0,0.0947,0.9574,0.2728,0,-0.0229,-0.2719,0.9621,0,0,0.0816,0,1]}],"loopBehavior":1,"name":"anim","property":"_matrix"}},
{"name":"Neck","index":15,"matrix":[1,0,0,0,0,0.9977,0.068,0,0,-0.068,0.9977,0,0,0.2163,0,1],"rest":[1,0,0,0,0,0.9977,0.068,0,0,-0.068,0.9977,0,0,0.2163,0,1],"parentBoneIndex":7,"length":0.0516
,"animation":{"dataType":3,"framePerSecond":24,"keys":[
{"frame":1,"values":[1,0,0,0,0,0.9977,0.068,0,0,-0.068,0.9977,0,0,0.2163,0,1]},
{"frame":2,"values":[1,0.0009,0.0055,0,-0.0013,0.9975,0.0707,0,-0.0054,-0.0707,0.9975,0,0,0.2163,0,1]},
{"frame":3,"values":[0.9998,0.0033,0.0203,0,-0.0048,0.997,0.0779,0,-0.02,-0.078,0.9968,0,0,0.2163,0,1]},
{"frame":4,"values":[0.9991,0.0066,0.0422,0,-0.0103,0.996,0.0884,0,-0.0414,-0.0888,0.9952,0,0,0.2163,0,1]},
{"frame":5,"values":[0.9976,0.0102,0.0688,0,-0.0172,0.9947,0.1011,0,-0.0674,-0.102,0.9925,0,0,0.2163,0,1]},
{"frame":6,"values":[0.9951,0.0138,0.0978,0,-0.0251,0.9931,0.1146,0,-0.0955,-0.1165,0.9886,0,0,0.2163,0,1]},
{"frame":7,"values":[0.9918,0.017,0.1268,0,-0.0333,0.9912,0.1279,0,-0.1235,-0.131,0.9837,0,0,0.2163,0,1]},
{"frame":8,"values":[0.988,0.0195,0.1533,0,-0.0413,0.9893,0.1398,0,-0.1489,-0.1445,0.9782,0,0,0.2163,0,1]},
{"frame":9,"values":[0.9843,0.0214,0.1751,0,-0.048,0.9876,0.1495,0,-0.1697,-0.1555,0.9731,0,0,0.2163,0,1]},
{"frame":10,"values":[0.9816,0.0224,0.1898,0,-0.0527,0.9864,0.1559,0,-0.1837,-0.163,0.9694,0,0,0.2163,0,1]},
{"frame":11,"values":[0.9805,0.0228,0.1952,0,-0.0545,0.9859,0.1583,0,-0.1888,-0.1658,0.9679,0,0,0.2163,0,1]},
{"frame":12,"values":[0.9808,0.0227,0.1938,0,-0.054,0.986,0.1577,0,-0.1875,-0.1651,0.9683,0,0,0.2163,0,1]},
{"frame":13,"values":[0.9816,0.0224,0.1898,0,-0.0527,0.9864,0.1559,0,-0.1837,-0.163,0.9694,0,0,0.2163,0,1]},
{"frame":14,"values":[0.9828,0.022,0.1834,0,-0.0507,0.9869,0.1531,0,-0.1777,-0.1598,0.971,0,0,0.2163,0,1]},
{"frame":15,"values":[0.9843,0.0214,0.1751,0,-0.048,0.9876,0.1495,0,-0.1697,-0.1555,0.9731,0,0,0.2163,0,1]},
{"frame":16,"values":[0.9861,0.0205,0.1649,0,-0.0448,0.9884,0.145,0,-0.16,-0.1504,0.9756,0,0,0.2163,0,1]},
{"frame":17,"values":[0.988,0.0195,0.1533,0,-0.0413,0.9893,0.1398,0,-0.1489,-0.1445,0.9782,0,0,0.2163,0,1]},
{"frame":18,"values":[0.9899,0.0184,0.1405,0,-0.0374,0.9903,0.1341,0,-0.1366,-0.138,0.981,0,0,0.2163,0,1]},
{"frame":19,"values":[0.9918,0.017,0.1268,0,-0.0333,0.9912,0.1279,0,-0.1235,-0.131,0.9837,0,0,0.2163,0,1]},
{"frame":20,"values":[0.9935,0.0155,0.1124,0,-0.0292,0.9922,0.1213,0,-0.1097,-0.1238,0.9862,0,0,0.2163,0,1]},
{"frame":21,"values":[0.9951,0.0138,0.0978,0,-0.0251,0.9931,0.1146,0,-0.0955,-0.1165,0.9886,0,0,0.2163,0,1]},
{"frame":22,"values":[0.9965,0.0121,0.0832,0,-0.021,0.994,0.1078,0,-0.0814,-0.1092,0.9907,0,0,0.2163,0,1]},
{"frame":23,"values":[0.9976,0.0102,0.0688,0,-0.0172,0.9947,0.1011,0,-0.0674,-0.102,0.9925,0,0,0.2163,0,1]},
{"frame":24,"values":[0.9984,0.0084,0.0551,0,-0.0136,0.9954,0.0946,0,-0.054,-0.0952,0.994,0,0,0.2163,0,1]},
{"frame":25,"values":[0.9991,0.0066,0.0422,0,-0.0103,0.996,0.0884,0,-0.0414,-0.0888,0.9952,0,0,0.2163,0,1]},
{"frame":26,"values":[0.9995,0.0048,0.0305,0,-0.0073,0.9965,0.0828,0,-0.03,-0.083,0.9961,0,0,0.2163,0,1]},
{"frame":27,"values":[0.9998,0.0033,0.0203,0,-0.0048,0.997,0.0779,0,-0.02,-0.078,0.9968,0,0,0.2163,0,1]},
{"frame":28,"values":[0.9999,0.0019,0.0118,0,-0.0028,0.9973,0.0738,0,-0.0117,-0.0738,0.9972,0,0,0.2163,0,1]},
{"frame":29,"values":[1,0.0009,0.0055,0,-0.0013,0.9975,0.0707,0,-0.0054,-0.0707,0.9975,0,0,0.2163,0,1]},
{"frame":30,"values":[1,0.0002,0.0014,0,-0.0003,0.9976,0.0687,0,-0.0014,-0.0687,0.9976,0,0,0.2163,0,1]},
{"frame":31,"values":[1,0,0,0,0,0.9977,0.068,0,0,-0.068,0.9977,0,0,0.2163,0,1]},
{"frame":41,"values":[1,0,0,0,0,0.9977,0.068,0,0,-0.068,0.9977,0,0,0.2163,0,1]},
{"frame":51,"values":[1,0,0,0,0,0.9977,0.068,0,0,-0.068,0.9977,0,0,0.2163,0,1]},
{"frame":91,"values":[1,0,0,0,0,0.9977,0.068,0,0,-0.068,0.9977,0,0,0.2163,0,1]}],"loopBehavior":1,"name":"anim","property":"_matrix"}},
{"name":"Neck1","index":16,"matrix":[1,0,0,0,0,1,0,0,0,0,1,0,0,0.0516,0,1],"rest":[1,0,0,0,0,1,0,0,0,0,1,0,0,0.0516,0,1],"parentBoneIndex":15,"length":0.0516
,"animation":{"dataType":3,"framePerSecond":24,"keys":[
{"frame":1,"values":[1,0,0,0,0,1,0,0,0,0,1,0,0,0.0516,0,1]},
{"frame":41,"values":[1,0,0,0,0,1,0,0,0,0,1,0,0,0.0516,0,1]},
{"frame":51,"values":[1,0,0,0,0,1,0,0,0,0,1,0,0,0.0516,0,1]},
{"frame":91,"values":[1,0,0,0,0,1,0,0,0,0,1,0,0,0.0516,0,1]}],"loopBehavior":1,"name":"anim","property":"_matrix"}},
{"name":"Head","index":17,"matrix":[1,0,0,0,0,0.9214,-0.3886,0,0,0.3886,0.9214,0,0,0.0516,0,1],"rest":[1,0,0,0,0,0.9214,-0.3886,0,0,0.3886,0.9214,0,0,0.0516,0,1],"parentBoneIndex":16,"length":0.1559
,"animation":{"dataType":3,"framePerSecond":24,"keys":[
{"frame":1,"values":[1,0,0,0,0,0.9214,-0.3886,0,0,0.3886,0.9214,0,0,0.0516,0,1]},
{"frame":41,"values":[1,0,0,0,0,0.9214,-0.3886,0,0,0.3886,0.9214,0,0,0.0516,0,1]},
{"frame":51,"values":[1,0,0,0,0,0.9214,-0.3886,0,0,0.3886,0.9214,0,0,0.0516,0,1]},
{"frame":91,"values":[1,0,0,0,0,0.9214,-0.3886,0,0,0.3886,0.9214,0,0,0.0516,0,1]}],"loopBehavior":1,"name":"anim","property":"_matrix"}},
{"name":"RightShoulder","index":18,"matrix":[-0.1779,0.9132,-0.3666,0,-0.9831,-0.1812,0.0256,0,-0.043,0.365,0.93,0,-0.0228,0.148,0.0316,1],"rest":[-0.1779,0.9132,-0.3666,0,-0.9831,-0.1812,0.0256,0,-0.043,0.365,0.93,0,-0.0228,0.148,0.0316,1],"parentBoneIndex":7,"length":0.1665
,"animation":{"dataType":3,"framePerSecond":24,"keys":[
{"frame":1,"values":[-0.1779,0.9132,-0.3666,0,-0.9831,-0.1812,0.0256,0,-0.043,0.365,0.93,0,-0.0228,0.148,0.0316,1]},
{"frame":41,"values":[-0.1779,0.9132,-0.3666,0,-0.9831,-0.1812,0.0256,0,-0.043,0.365,0.93,0,-0.0228,0.148,0.0316,1]},
{"frame":51,"values":[-0.1779,0.9132,-0.3666,0,-0.9831,-0.1812,0.0256,0,-0.043,0.365,0.93,0,-0.0228,0.148,0.0316,1]},
{"frame":91,"values":[-0.1779,0.9132,-0.3666,0,-0.9831,-0.1812,0.0256,0,-0.043,0.365,0.93,0,-0.0228,0.148,0.0316,1]}],"loopBehavior":1,"name":"anim","property":"_matrix"}},
{"name":"RightArm","index":19,"matrix":[0.2651,0.8904,0.3699,0,-0.8459,0.3989,-0.3541,0,-0.4629,-0.219,0.8589,0,0,0.1665,0,1],"rest":[0.7831,0.6215,0.0203,0,-0.6204,0.7831,-0.0441,0,-0.0433,0.0219,0.9988,0,0,0.1665,0,1],"parentBoneIndex":18,"length":0.252
,"animation":{"dataType":3,"framePerSecond":24,"keys":[
{"frame":1,"values":[0.2651,0.8904,0.3699,0,-0.8459,0.3989,-0.3541,0,-0.4629,-0.219,0.8589,0,0,0.1665,0,1]},
{"frame":2,"values":[0.2646,0.8889,0.3739,0,-0.8462,0.4,-0.352,0,-0.4625,-0.2233,0.8581,0,0,0.1665,0,1]},
{"frame":3,"values":[0.2632,0.8846,0.3849,0,-0.8473,0.4027,-0.3462,0,-0.4613,-0.235,0.8556,0,0,0.1665,0,1]},
{"frame":4,"values":[0.2613,0.878,0.401,0,-0.849,0.4067,-0.3374,0,-0.4593,-0.2523,0.8517,0,0,0.1665,0,1]},
{"frame":5,"values":[0.259,0.8696,0.4205,0,-0.8511,0.4112,-0.3262,0,-0.4566,-0.2734,0.8466,0,0,0.1665,0,1]},
{"frame":6,"values":[0.2565,0.8597,0.4417,0,-0.8536,0.4159,-0.3137,0,-0.4533,-0.2965,0.8406,0,0,0.1665,0,1]},
{"frame":7,"values":[0.2542,0.8493,0.4627,0,-0.8562,0.4201,-0.3006,0,-0.4497,-0.3198,0.834,0,0,0.1665,0,1]},
{"frame":8,"values":[0.2522,0.8391,0.4819,0,-0.8588,0.4236,-0.2882,0,-0.446,-0.3412,0.8275,0,0,0.1665,0,1]},
{"frame":9,"values":[0.2506,0.8304,0.4977,0,-0.8609,0.4263,-0.2777,0,-0.4427,-0.3589,0.8217,0,0,0.1665,0,1]},
{"frame":10,"values":[0.2496,0.8242,0.5083,0,-0.8624,0.4279,-0.2704,0,-0.4404,-0.3709,0.8176,0,0,0.1665,0,1]},
{"frame":11,"values":[0.2492,0.8219,0.5122,0,-0.863,0.4285,-0.2677,0,-0.4395,-0.3754,0.8161,0,0,0.1665,0,1]},
{"frame":12,"values":[0.2493,0.8225,0.5112,0,-0.8629,0.4283,-0.2684,0,-0.4397,-0.3742,0.8165,0,0,0.1665,0,1]},
{"frame":13,"values":[0.2496,0.8242,0.5083,0,-0.8624,0.4279,-0.2704,0,-0.4404,-0.3709,0.8176,0,0,0.1665,0,1]},
{"frame":14,"values":[0.25,0.8269,0.5038,0,-0.8618,0.4272,-0.2735,0,-0.4414,-0.3657,0.8194,0,0,0.1665,0,1]},
{"frame":15,"values":[0.2506,0.8304,0.4977,0,-0.8609,0.4263,-0.2777,0,-0.4427,-0.3589,0.8217,0,0,0.1665,0,1]},
