{"producer":{"name":"Blender","version":"2.93.4","exporter_version":"2.93.4","file":"kryten01.babylon"},
"autoClear":true,"clearColor":[0.0509,0.0509,0.0509],"gravity":[0,-9.81,0],
"materials":[{"name":"white","id":"white","customType":"BABYLON.PBRMaterial","albedo":[0.8,0.8,0.8],"emissive":[0,0,0],"reflectivity":[0.5,0.5,0.5],"roughness":0.5,"alpha":1,"transparencyMode":0,"alphaCutOff":0.4,"metallic":0},
{"name":"bend","id":"bend","customType":"BABYLON.PBRMaterial","emissive":[0,0,0],"reflectivity":[0,0,0],"roughness":1,"alpha":1,"transparencyMode":0,"alphaCutOff":0.4,"metallic":0, 
"albedoTexture":{"name":"kirsten01b.jpg","level":1,"hasAlpha":false,"coordinatesMode":0,"uOffset":0,"vOffset":0,"uScale":1,"vScale":1,"uAng":0,"vAng":0,"wAng":0,"wrapU":1,"wrapV":1,"coordinatesIndex":0},"useAlphaFromAlbedoTexture":false},
{"name":"Low_poly_square_base:Low-poly:Eye_brown","id":"Low_poly_square_base:Low-poly:Eye_brown","customType":"BABYLON.PBRMaterial","reflectivity":[1,1,1],"roughness":0,"alpha":1,"transparencyMode":0,"alphaCutOff":0.4, 
"albedoTexture":{"name":"brown_eye.png","level":1,"hasAlpha":true,"coordinatesMode":0,"uOffset":0,"vOffset":0,"uScale":1,"vScale":1,"uAng":0,"vAng":0,"wAng":0,"wrapU":1,"wrapV":1,"coordinatesIndex":0},"useAlphaFromAlbedoTexture":true}],
"multiMaterials":[{"name":"kryten01.Multimaterial#0","id":"kryten01.Multimaterial#0","materials":["bend","white"]}],
"skeletons":[{"name":"kryten_rig","id":0,"dimensionsAtRest":[1.0437,1.7234,0.3842],"bones":[
{"name":"Hips","index":0,"matrix":[0.6994,0,0,0,0,0.9394,0.3429,0,0,0.3429,-0.9394,0,0,0.9332,-0.0054,1],"rest":[0.6994,0,0,0,0,0.9394,0.3429,0,0,0.3429,-0.9394,0,0,0.9332,-0.0054,1],"parentBoneIndex":-1,"length":0.0933
,"animation":{"name":"anim","property":"_matrix","dataType":3,"framePerSecond":24,"loopBehavior":1,"keys":[
{"frame":1,"values":[0.6994,0,0,0,0,0.9394,0.3429,0,0,0.3429,-0.9394,0,0,0.9332,-0.0054,1]},
{"frame":2,"values":[0.6994,0,-0.0042,0,0.001,0.9394,0.3429,0,-0.0028,0.3429,-0.9394,0,0,0.9332,-0.0054,1]},
{"frame":3,"values":[0.6993,0,-0.0162,0,0.0039,0.9394,0.3429,0,-0.0106,0.3429,-0.9392,0,0,0.9332,-0.0054,1]},
{"frame":4,"values":[0.699,0,-0.035,0,0.0084,0.9394,0.3427,0,-0.023,0.3429,-0.9388,0,0,0.9332,-0.0054,1]},
{"frame":5,"values":[0.6982,0,-0.0599,0,0.0144,0.9394,0.3423,0,-0.0394,0.3429,-0.9377,0,0,0.9332,-0.0054,1]},
{"frame":6,"values":[0.6966,0,-0.0899,0,0.0216,0.9394,0.3415,0,-0.0591,0.3429,-0.9356,0,0,0.9332,-0.0054,1]},
{"frame":7,"values":[0.694,0,-0.124,0,0.0297,0.9394,0.3403,0,-0.0815,0.3429,-0.9321,0,0,0.9332,-0.0054,1]},
{"frame":8,"values":[0.6903,0,-0.1612,0,0.0387,0.9394,0.3384,0,-0.1059,0.3429,-0.9271,0,0,0.9332,-0.0054,1]},
{"frame":9,"values":[0.6852,0,-0.2006,0,0.0481,0.9394,0.336,0,-0.1318,0.3429,-0.9203,0,0,0.9332,-0.0054,1]},
{"frame":10,"values":[0.6788,0,-0.241,0,0.0578,0.9394,0.3328,0,-0.1584,0.3429,-0.9117,0,0,0.9332,-0.0054,1]},
{"frame":11,"values":[0.6711,0,-0.2815,0,0.0675,0.9394,0.3291,0,-0.185,0.3429,-0.9014,0,0,0.9332,-0.0054,1]},
{"frame":12,"values":[0.6624,0,-0.3211,0,0.077,0.9394,0.3248,0,-0.2109,0.3429,-0.8896,0,0,0.9332,-0.0054,1]},
{"frame":13,"values":[0.6529,0,-0.3587,0,0.086,0.9394,0.3201,0,-0.2357,0.3429,-0.8769,0,0,0.9332,-0.0054,1]},
{"frame":14,"values":[0.643,0,-0.3935,0,0.0944,0.9394,0.3153,0,-0.2586,0.3429,-0.8636,0,0,0.9332,-0.0054,1]},
{"frame":15,"values":[0.6332,0,-0.4248,0,0.1019,0.9394,0.3104,0,-0.2791,0.3429,-0.8504,0,0,0.9332,-0.0054,1]},
{"frame":16,"values":[0.6239,0,-0.4518,0,0.1084,0.9394,0.3059,0,-0.2969,0.3429,-0.838,0,0,0.9332,-0.0054,1]},
{"frame":17,"values":[0.6159,0,-0.4739,0,0.1137,0.9394,0.302,0,-0.3114,0.3429,-0.8272,0,0,0.9332,-0.0054,1]},
{"frame":18,"values":[0.6095,0,-0.4905,0,0.1176,0.9394,0.2989,0,-0.3222,0.3429,-0.8186,0,0,0.9332,-0.0054,1]},
{"frame":19,"values":[0.6054,0,-0.5009,0,0.1201,0.9394,0.2968,0,-0.3291,0.3429,-0.813,0,0,0.9332,-0.0054,1]},
{"frame":20,"values":[0.6039,0,-0.5045,0,0.121,0.9394,0.2961,0,-0.3314,0.3429,-0.8111,0,0,0.9332,-0.0054,1]},
{"frame":21,"values":[0.606,0,-0.4992,0,0.1197,0.9394,0.2971,0,-0.328,0.3429,-0.8139,0,0,0.9332,-0.0054,1]},
{"frame":22,"values":[0.612,0,-0.4841,0,0.1161,0.9394,0.3001,0,-0.318,0.3429,-0.822,0,0,0.9332,-0.0054,1]},
{"frame":23,"values":[0.6211,0,-0.4597,0,0.1103,0.9394,0.3045,0,-0.302,0.3429,-0.8342,0,0,0.9332,-0.0054,1]},
{"frame":24,"values":[0.6325,0,-0.4268,0,0.1024,0.9394,0.3101,0,-0.2804,0.3429,-0.8495,0,0,0.9332,-0.0054,1]},
{"frame":25,"values":[0.6453,0,-0.3858,0,0.0925,0.9394,0.3164,0,-0.2535,0.3429,-0.8666,0,0,0.9332,-0.0054,1]},
{"frame":26,"values":[0.6584,0,-0.3376,0,0.081,0.9394,0.3228,0,-0.2218,0.3429,-0.8842,0,0,0.9332,-0.0054,1]},
{"frame":27,"values":[0.6708,0,-0.2829,0,0.0679,0.9394,0.3289,0,-0.1859,0.3429,-0.901,0,0,0.9332,-0.0054,1]},
{"frame":28,"values":[0.6818,0,-0.2231,0,0.0535,0.9394,0.3343,0,-0.1466,0.3429,-0.9157,0,0,0.9332,-0.0054,1]},
{"frame":29,"values":[0.6905,0,-0.1593,0,0.0382,0.9394,0.3385,0,-0.1047,0.3429,-0.9274,0,0,0.9332,-0.0054,1]},
{"frame":30,"values":[0.6964,0,-0.0933,0,0.0224,0.9394,0.3414,0,-0.0613,0.3429,-0.9353,0,0,0.9332,-0.0054,1]},
{"frame":31,"values":[0.6992,0,-0.0267,0,0.0064,0.9394,0.3428,0,-0.0175,0.3429,-0.939,0,0,0.9332,-0.0054,1]},
{"frame":32,"values":[0.6989,0,0.0387,0,-0.0093,0.9394,0.3427,0,0.0254,0.3429,-0.9387,0,0,0.9332,-0.0054,1]},
{"frame":33,"values":[0.6958,0,0.101,0,-0.0242,0.9394,0.3412,0,0.0664,0.3429,-0.9346,0,0,0.9332,-0.0054,1]},
{"frame":34,"values":[0.6905,0,0.1588,0,-0.0381,0.9394,0.3386,0,0.1043,0.3429,-0.9274,0,0,0.9332,-0.0054,1]},
{"frame":35,"values":[0.6837,0,0.2104,0,-0.0505,0.9394,0.3353,0,0.1383,0.3429,-0.9183,0,0,0.9332,-0.0054,1]},
{"frame":36,"values":[0.6763,0,0.2548,0,-0.0611,0.9394,0.3316,0,0.1674,0.3429,-0.9084,0,0,0.9332,-0.0054,1]},
{"frame":37,"values":[0.6692,0,0.2908,0,-0.0698,0.9394,0.3281,0,0.1911,0.3429,-0.8988,0,0,0.9332,-0.0054,1]},
{"frame":38,"values":[0.6632,0,0.3175,0,-0.0762,0.9394,0.3252,0,0.2086,0.3429,-0.8907,0,0,0.9332,-0.0054,1]},
{"frame":39,"values":[0.6592,0,0.3341,0,-0.0801,0.9394,0.3232,0,0.2195,0.3429,-0.8854,0,0,0.9332,-0.0054,1]},
{"frame":40,"values":[0.6579,0,0.3396,0,-0.0814,0.9394,0.3226,0,0.2231,0.3429,-0.8835,0,0,0.9332,-0.0054,1]},
{"frame":41,"values":[0.6585,0,0.3368,0,-0.0808,0.9394,0.3229,0,0.2213,0.3429,-0.8845,0,0,0.9332,-0.0054,1]},
{"frame":42,"values":[0.6603,0,0.3297,0,-0.0791,0.9394,0.3238,0,0.2166,0.3429,-0.8868,0,0,0.9332,-0.0054,1]},
{"frame":43,"values":[0.6629,0,0.3187,0,-0.0764,0.9394,0.325,0,0.2094,0.3429,-0.8904,0,0,0.9332,-0.0054,1]},
{"frame":44,"values":[0.6662,0,0.3043,0,-0.073,0.9394,0.3267,0,0.1999,0.3429,-0.8948,0,0,0.9332,-0.0054,1]},
{"frame":45,"values":[0.67,0,0.2869,0,-0.0688,0.9394,0.3285,0,0.1885,0.3429,-0.8999,0,0,0.9332,-0.0054,1]},
{"frame":46,"values":[0.674,0,0.267,0,-0.064,0.9394,0.3305,0,0.1754,0.3429,-0.9053,0,0,0.9332,-0.0054,1]},
{"frame":47,"values":[0.6781,0,0.2449,0,-0.0587,0.9394,0.3325,0,0.1609,0.3429,-0.9108,0,0,0.9332,-0.0054,1]},
{"frame":48,"values":[0.6821,0,0.2212,0,-0.0531,0.9394,0.3344,0,0.1454,0.3429,-0.9161,0,0,0.9332,-0.0054,1]},
{"frame":49,"values":[0.6858,0,0.1965,0,-0.0471,0.9394,0.3362,0,0.1291,0.3429,-0.9211,0,0,0.9332,-0.0054,1]},
{"frame":50,"values":[0.6891,0,0.1711,0,-0.041,0.9394,0.3379,0,0.1124,0.3429,-0.9255,0,0,0.9332,-0.0054,1]},
{"frame":51,"values":[0.692,0,0.1456,0,-0.0349,0.9394,0.3393,0,0.0956,0.3429,-0.9294,0,0,0.9332,-0.0054,1]},
{"frame":52,"values":[0.6943,0,0.1205,0,-0.0289,0.9394,0.3404,0,0.0792,0.3429,-0.9325,0,0,0.9332,-0.0054,1]},
{"frame":53,"values":[0.6961,0,0.0965,0,-0.0231,0.9394,0.3413,0,0.0634,0.3429,-0.935,0,0,0.9332,-0.0054,1]},
{"frame":54,"values":[0.6975,0,0.074,0,-0.0177,0.9394,0.342,0,0.0486,0.3429,-0.9368,0,0,0.9332,-0.0054,1]},
{"frame":55,"values":[0.6984,0,0.0535,0,-0.0128,0.9394,0.3424,0,0.0351,0.3429,-0.938,0,0,0.9332,-0.0054,1]},
{"frame":56,"values":[0.699,0,0.0356,0,-0.0085,0.9394,0.3427,0,0.0234,0.3429,-0.9388,0,0,0.9332,-0.0054,1]},
{"frame":57,"values":[0.6993,0,0.0208,0,-0.005,0.9394,0.3429,0,0.0136,0.3429,-0.9392,0,0,0.9332,-0.0054,1]},
{"frame":58,"values":[0.6994,0,0.0096,0,-0.0023,0.9394,0.3429,0,0.0063,0.3429,-0.9393,0,0,0.9332,-0.0054,1]},
{"frame":59,"values":[0.6994,0,0.0025,0,-0.0006,0.9394,0.3429,0,0.0016,0.3429,-0.9394,0,0,0.9332,-0.0054,1]},
{"frame":60,"values":[0.6994,0,0,0,0,0.9394,0.3429,0,0,0.3429,-0.9394,0,0,0.9332,-0.0054,1]},
{"frame":71,"values":[0.6994,0,0,0,0,0.9394,0.3429,0,0,0.3429,-0.9394,0,0,0.9332,-0.0054,1]},
{"frame":72,"values":[0.6994,0,-0.0042,0,0.001,0.9394,0.3429,0,-0.0028,0.3429,-0.9394,0,0,0.9332,-0.0054,1]},
{"frame":73,"values":[0.6993,0,-0.0162,0,0.0039,0.9394,0.3429,0,-0.0106,0.3429,-0.9392,0,0,0.9332,-0.0054,1]},
{"frame":74,"values":[0.699,0,-0.035,0,0.0084,0.9394,0.3427,0,-0.023,0.3429,-0.9388,0,0,0.9332,-0.0054,1]},
{"frame":75,"values":[0.6982,0,-0.0599,0,0.0144,0.9394,0.3423,0,-0.0394,0.3429,-0.9377,0,0,0.9332,-0.0054,1]},
{"frame":76,"values":[0.6966,0,-0.0899,0,0.0216,0.9394,0.3415,0,-0.0591,0.3429,-0.9356,0,0,0.9332,-0.0054,1]},
{"frame":77,"values":[0.694,0,-0.124,0,0.0297,0.9394,0.3403,0,-0.0815,0.3429,-0.9321,0,0,0.9332,-0.0054,1]},
{"frame":78,"values":[0.6903,0,-0.1612,0,0.0387,0.9394,0.3384,0,-0.1059,0.3429,-0.9271,0,0,0.9332,-0.0054,1]},
{"frame":79,"values":[0.6852,0,-0.2006,0,0.0481,0.9394,0.336,0,-0.1318,0.3429,-0.9203,0,0,0.9332,-0.0054,1]},
{"frame":80,"values":[0.6788,0,-0.241,0,0.0578,0.9394,0.3328,0,-0.1584,0.3429,-0.9117,0,0,0.9332,-0.0054,1]},
{"frame":81,"values":[0.6711,0,-0.2815,0,0.0675,0.9394,0.3291,0,-0.185,0.3429,-0.9014,0,0,0.9332,-0.0054,1]},
{"frame":82,"values":[0.6624,0,-0.3211,0,0.077,0.9394,0.3248,0,-0.2109,0.3429,-0.8896,0,0,0.9332,-0.0054,1]},
{"frame":83,"values":[0.6529,0,-0.3587,0,0.086,0.9394,0.3201,0,-0.2357,0.3429,-0.8769,0,0,0.9332,-0.0054,1]},
{"frame":84,"values":[0.643,0,-0.3935,0,0.0944,0.9394,0.3153,0,-0.2586,0.3429,-0.8636,0,0,0.9332,-0.0054,1]},
{"frame":85,"values":[0.6332,0,-0.4248,0,0.1019,0.9394,0.3104,0,-0.2791,0.3429,-0.8504,0,0,0.9332,-0.0054,1]},
{"frame":86,"values":[0.6239,0,-0.4518,0,0.1084,0.9394,0.3059,0,-0.2969,0.3429,-0.838,0,0,0.9332,-0.0054,1]},
{"frame":87,"values":[0.6159,0,-0.4739,0,0.1137,0.9394,0.302,0,-0.3114,0.3429,-0.8272,0,0,0.9332,-0.0054,1]},
{"frame":88,"values":[0.6095,0,-0.4905,0,0.1176,0.9394,0.2989,0,-0.3222,0.3429,-0.8186,0,0,0.9332,-0.0054,1]},
{"frame":89,"values":[0.6054,0,-0.5009,0,0.1201,0.9394,0.2968,0,-0.3291,0.3429,-0.813,0,0,0.9332,-0.0054,1]},
{"frame":90,"values":[0.6039,0,-0.5045,0,0.121,0.9394,0.2961,0,-0.3314,0.3429,-0.8111,0,0,0.9332,-0.0054,1]},
{"frame":91,"values":[0.606,0,-0.4992,0,0.1197,0.9394,0.2971,0,-0.328,0.3429,-0.8139,0,0,0.9332,-0.0054,1]},
{"frame":92,"values":[0.612,0,-0.4841,0,0.1161,0.9394,0.3001,0,-0.318,0.3429,-0.822,0,0,0.9332,-0.0054,1]},
{"frame":93,"values":[0.6211,0,-0.4597,0,0.1103,0.9394,0.3045,0,-0.302,0.3429,-0.8342,0,0,0.9332,-0.0054,1]},
{"frame":94,"values":[0.6325,0,-0.4268,0,0.1024,0.9394,0.3101,0,-0.2804,0.3429,-0.8495,0,0,0.9332,-0.0054,1]},
{"frame":95,"values":[0.6453,0,-0.3858,0,0.0925,0.9394,0.3164,0,-0.2535,0.3429,-0.8666,0,0,0.9332,-0.0054,1]},
{"frame":96,"values":[0.6584,0,-0.3376,0,0.081,0.9394,0.3228,0,-0.2218,0.3429,-0.8842,0,0,0.9332,-0.0054,1]},
{"frame":97,"values":[0.6708,0,-0.2829,0,0.0679,0.9394,0.3289,0,-0.1859,0.3429,-0.901,0,0,0.9332,-0.0054,1]},
{"frame":98,"values":[0.6818,0,-0.2231,0,0.0535,0.9394,0.3343,0,-0.1466,0.3429,-0.9157,0,0,0.9332,-0.0054,1]},
{"frame":99,"values":[0.6905,0,-0.1593,0,0.0382,0.9394,0.3385,0,-0.1047,0.3429,-0.9274,0,0,0.9332,-0.0054,1]},
{"frame":100,"values":[0.6964,0,-0.0933,0,0.0224,0.9394,0.3414,0,-0.0613,0.3429,-0.9353,0,0,0.9332,-0.0054,1]},
{"frame":101,"values":[0.6992,0,-0.0267,0,0.0064,0.9394,0.3428,0,-0.0175,0.3429,-0.939,0,0,0.9332,-0.0054,1]},
{"frame":102,"values":[0.6989,0,0.0387,0,-0.0093,0.9394,0.3427,0,0.0254,0.3429,-0.9387,0,0,0.9332,-0.0054,1]},
{"frame":103,"values":[0.6958,0,0.101,0,-0.0242,0.9394,0.3412,0,0.0664,0.3429,-0.9346,0,0,0.9332,-0.0054,1]},
{"frame":104,"values":[0.6905,0,0.1588,0,-0.0381,0.9394,0.3386,0,0.1043,0.3429,-0.9274,0,0,0.9332,-0.0054,1]},
{"frame":105,"values":[0.6837,0,0.2104,0,-0.0505,0.9394,0.3353,0,0.1383,0.3429,-0.9183,0,0,0.9332,-0.0054,1]},
{"frame":106,"values":[0.6763,0,0.2548,0,-0.0611,0.9394,0.3316,0,0.1674,0.3429,-0.9084,0,0,0.9332,-0.0054,1]},
{"frame":107,"values":[0.6692,0,0.2908,0,-0.0698,0.9394,0.3281,0,0.1911,0.3429,-0.8988,0,0,0.9332,-0.0054,1]},
{"frame":108,"values":[0.6632,0,0.3175,0,-0.0762,0.9394,0.3252,0,0.2086,0.3429,-0.8907,0,0,0.9332,-0.0054,1]},
{"frame":109,"values":[0.6592,0,0.3341,0,-0.0801,0.9394,0.3232,0,0.2195,0.3429,-0.8854,0,0,0.9332,-0.0054,1]},
{"frame":110,"values":[0.6579,0,0.3396,0,-0.0814,0.9394,0.3226,0,0.2231,0.3429,-0.8835,0,0,0.9332,-0.0054,1]},
{"frame":111,"values":[0.6585,0,0.3368,0,-0.0808,0.9394,0.3229,0,0.2213,0.3429,-0.8845,0,0,0.9332,-0.0054,1]},
{"frame":112,"values":[0.6603,0,0.3297,0,-0.0791,0.9394,0.3238,0,0.2166,0.3429,-0.8868,0,0,0.9332,-0.0054,1]},
{"frame":113,"values":[0.6629,0,0.3187,0,-0.0764,0.9394,0.325,0,0.2094,0.3429,-0.8904,0,0,0.9332,-0.0054,1]},
{"frame":114,"values":[0.6662,0,0.3043,0,-0.073,0.9394,0.3267,0,0.1999,0.3429,-0.8948,0,0,0.9332,-0.0054,1]},
{"frame":115,"values":[0.67,0,0.2869,0,-0.0688,0.9394,0.3285,0,0.1885,0.3429,-0.8999,0,0,0.9332,-0.0054,1]},
{"frame":116,"values":[0.674,0,0.267,0,-0.064,0.9394,0.3305,0,0.1754,0.3429,-0.9053,0,0,0.9332,-0.0054,1]},
{"frame":117,"values":[0.6781,0,0.2449,0,-0.0587,0.9394,0.3325,0,0.1609,0.3429,-0.9108,0,0,0.9332,-0.0054,1]},
{"frame":118,"values":[0.6821,0,0.2212,0,-0.0531,0.9394,0.3344,0,0.1454,0.3429,-0.9161,0,0,0.9332,-0.0054,1]},
{"frame":119,"values":[0.6858,0,0.1965,0,-0.0471,0.9394,0.3362,0,0.1291,0.3429,-0.9211,0,0,0.9332,-0.0054,1]},
{"frame":120,"values":[0.6891,0,0.1711,0,-0.041,0.9394,0.3379,0,0.1124,0.3429,-0.9255,0,0,0.9332,-0.0054,1]},
{"frame":121,"values":[0.692,0,0.1456,0,-0.0349,0.9394,0.3393,0,0.0956,0.3429,-0.9294,0,0,0.9332,-0.0054,1]},
{"frame":122,"values":[0.6943,0,0.1205,0,-0.0289,0.9394,0.3404,0,0.0792,0.3429,-0.9325,0,0,0.9332,-0.0054,1]},
{"frame":123,"values":[0.6961,0,0.0965,0,-0.0231,0.9394,0.3413,0,0.0634,0.3429,-0.935,0,0,0.9332,-0.0054,1]},
{"frame":124,"values":[0.6975,0,0.074,0,-0.0177,0.9394,0.342,0,0.0486,0.3429,-0.9368,0,0,0.9332,-0.0054,1]},
{"frame":125,"values":[0.6984,0,0.0535,0,-0.0128,0.9394,0.3424,0,0.0351,0.3429,-0.938,0,0,0.9332,-0.0054,1]},
{"frame":126,"values":[0.699,0,0.0356,0,-0.0085,0.9394,0.3427,0,0.0234,0.3429,-0.9388,0,0,0.9332,-0.0054,1]},
{"frame":127,"values":[0.6993,0,0.0208,0,-0.005,0.9394,0.3429,0,0.0136,0.3429,-0.9392,0,0,0.9332,-0.0054,1]},
{"frame":128,"values":[0.6994,0,0.0096,0,-0.0023,0.9394,0.3429,0,0.0063,0.3429,-0.9393,0,0,0.9332,-0.0054,1]},
{"frame":129,"values":[0.6994,0,0.0025,0,-0.0006,0.9394,0.3429,0,0.0016,0.3429,-0.9394,0,0,0.9332,-0.0054,1]},
{"frame":130,"values":[0.6994,0,0,0,0,0.9394,0.3429,0,0,0.3429,-0.9394,0,0,0.9332,-0.0054,1]}]}},
{"name":"LHipJoint","index":1,"matrix":[-0.1064,0.0549,-0.9928,0,0.9942,-0.0121,-0.1072,0,-0.0179,-0.9984,-0.0533,0,0,0,0,1],"rest":[-0.1064,0.0549,-0.9928,0,0.9942,-0.0121,-0.1072,0,-0.0179,-0.9984,-0.0533,0,0,0,0,1],"parentBoneIndex":0,"length":0.1099
,"animation":{"name":"anim","property":"_matrix","dataType":3,"framePerSecond":24,"loopBehavior":1,"keys":[
{"frame":1,"values":[-0.1064,0.0549,-0.9928,0,0.9942,-0.0121,-0.1072,0,-0.0179,-0.9984,-0.0533,0,0,0,0,1]},
{"frame":60,"values":[-0.1064,0.0549,-0.9928,0,0.9942,-0.0121,-0.1072,0,-0.0179,-0.9984,-0.0533,0,0,0,0,1]},
{"frame":71,"values":[-0.1064,0.0549,-0.9928,0,0.9942,-0.0121,-0.1072,0,-0.0179,-0.9984,-0.0533,0,0,0,0,1]},
{"frame":130,"values":[-0.1064,0.0549,-0.9928,0,0.9942,-0.0121,-0.1072,0,-0.0179,-0.9984,-0.0533,0,0,0,0,1]}]}},
{"name":"LeftUpLeg","index":2,"matrix":[-0.1803,0.9829,-0.0383,0,0.1521,0.0664,0.9861,0,0.9718,0.172,-0.1615,0,0,0.1099,0,1],"rest":[-0.1798,0.9782,-0.1043,0,0.1984,0.1399,0.9701,0,0.9635,0.1538,-0.2192,0,0,0.1099,0,1],"parentBoneIndex":1,"length":0.4251
,"animation":{"name":"anim","property":"_matrix","dataType":3,"framePerSecond":24,"loopBehavior":1,"keys":[
{"frame":1,"values":[-0.1803,0.9829,-0.0383,0,0.1521,0.0664,0.9861,0,0.9718,0.172,-0.1615,0,0,0.1099,0,1]},
{"frame":2,"values":[-0.1765,0.9835,-0.0395,0,0.1526,0.0669,0.986,0,0.9724,0.168,-0.1619,0,0,0.1099,0,1]},
{"frame":3,"values":[-0.1654,0.9853,-0.0427,0,0.1539,0.0685,0.9857,0,0.9741,0.1565,-0.163,0,0,0.1099,0,1]},
{"frame":4,"values":[-0.148,0.9878,-0.0478,0,0.1561,0.071,0.9852,0,0.9766,0.1383,-0.1647,0,0,0.1099,0,1]},
{"frame":5,"values":[-0.1248,0.9907,-0.0546,0,0.1592,0.0743,0.9845,0,0.9793,0.1141,-0.167,0,0,0.1099,0,1]},
{"frame":6,"values":[-0.0966,0.9933,-0.0629,0,0.1631,0.0781,0.9835,0,0.9819,0.0847,-0.1696,0,0,0.1099,0,1]},
{"frame":7,"values":[-0.0641,0.9953,-0.0725,0,0.168,0.0824,0.9823,0,0.9837,0.0508,-0.1725,0,0,0.1099,0,1]},
{"frame":8,"values":[-0.0283,0.9961,-0.0833,0,0.1737,0.087,0.9809,0,0.9844,0.0133,-0.1755,0,0,0.1099,0,1]},
{"frame":9,"values":[0.0101,0.9954,-0.0949,0,0.1803,0.0916,0.9793,0,0.9836,-0.027,-0.1786,0,0,0.1099,0,1]},
{"frame":10,"values":[0.05,0.993,-0.1072,0,0.1876,0.0961,0.9775,0,0.981,-0.069,-0.1815,0,0,0.1099,0,1]},
{"frame":11,"values":[0.0906,0.9887,-0.1198,0,0.1955,0.1003,0.9756,0,0.9765,-0.1118,-0.1842,0,0,0.1099,0,1]},
{"frame":12,"values":[0.1308,0.9825,-0.1324,0,0.2038,0.1041,0.9735,0,0.9702,-0.1543,-0.1866,0,0,0.1099,0,1]},
{"frame":13,"values":[0.1695,0.9748,-0.1447,0,0.2122,0.1073,0.9713,0,0.9624,-0.1954,-0.1887,0,0,0.1099,0,1]},
{"frame":14,"values":[0.2059,0.966,-0.1564,0,0.2205,0.1099,0.9692,0,0.9534,-0.2341,-0.1904,0,0,0.1099,0,1]},
{"frame":15,"values":[0.239,0.9565,-0.1671,0,0.2284,0.1119,0.9671,0,0.9438,-0.2693,-0.1917,0,0,0.1099,0,1]},
{"frame":16,"values":[0.2679,0.9472,-0.1765,0,0.2355,0.1133,0.9652,0,0.9342,-0.3001,-0.1927,0,0,0.1099,0,1]},
{"frame":17,"values":[0.2917,0.9386,-0.1844,0,0.2416,0.1142,0.9636,0,0.9255,-0.3256,-0.1934,0,0,0.1099,0,1]},
{"frame":18,"values":[0.3096,0.9316,-0.1903,0,0.2463,0.1147,0.9624,0,0.9184,-0.3448,-0.1939,0,0,0.1099,0,1]},
{"frame":19,"values":[0.321,0.927,-0.1941,0,0.2493,0.115,0.9616,0,0.9137,-0.357,-0.1942,0,0,0.1099,0,1]},
{"frame":20,"values":[0.3249,0.9253,-0.1954,0,0.2504,0.1151,0.9613,0,0.912,-0.3613,-0.1943,0,0,0.1099,0,1]},
{"frame":21,"values":[0.3192,0.9277,-0.1935,0,0.2488,0.115,0.9617,0,0.9144,-0.3551,-0.1941,0,0,0.1099,0,1]},
{"frame":22,"values":[0.3027,0.9344,-0.188,0,0.2444,0.1146,0.9629,0,0.9212,-0.3374,-0.1937,0,0,0.1099,0,1]},
{"frame":23,"values":[0.2763,0.9442,-0.1793,0,0.2376,0.1136,0.9647,0,0.9312,-0.3092,-0.193,0,0,0.1099,0,1]},
{"frame":24,"values":[0.241,0.9559,-0.1678,0,0.2289,0.112,0.967,0,0.9431,-0.2715,-0.1918,0,0,0.1099,0,1]},
{"frame":25,"values":[0.1978,0.9681,-0.1538,0,0.2186,0.1093,0.9697,0,0.9556,-0.2254,-0.19,0,0,0.1099,0,1]},
{"frame":26,"values":[0.1477,0.9794,-0.1378,0,0.2074,0.1055,0.9725,0,0.967,-0.1722,-0.1875,0,0,0.1099,0,1]},
{"frame":27,"values":[0.092,0.9885,-0.1202,0,0.1958,0.1004,0.9755,0,0.9763,-0.1133,-0.1843,0,0,0.1099,0,1]},
{"frame":28,"values":[0.0322,0.9943,-0.1017,0,0.1843,0.0941,0.9784,0,0.9823,-0.0503,-0.1802,0,0,0.1099,0,1]},
{"frame":29,"values":[-0.0301,0.9961,-0.0827,0,0.1734,0.0867,0.981,0,0.9844,0.0152,-0.1754,0,0,0.1099,0,1]},
{"frame":30,"values":[-0.0933,0.9936,-0.0638,0,0.1636,0.0785,0.9834,0,0.9821,0.0813,-0.1699,0,0,0.1099,0,1]},
{"frame":31,"values":[-0.1557,0.9868,-0.0455,0,0.1551,0.0699,0.9854,0,0.9755,0.1464,-0.1639,0,0,0.1099,0,1]},
{"frame":32,"values":[-0.2156,0.9761,-0.0282,0,0.1482,0.0612,0.9871,0,0.9652,0.2087,-0.1578,0,0,0.1099,0,1]},
{"frame":33,"values":[-0.2717,0.9623,-0.0123,0,0.1428,0.0529,0.9883,0,0.9517,0.2668,-0.1518,0,0,0.1099,0,1]},
{"frame":34,"values":[-0.3227,0.9465,0.002,0,0.1389,0.0453,0.9893,0,0.9363,0.3195,-0.1461,0,0,0.1099,0,1]},
{"frame":35,"values":[-0.3676,0.9299,0.0143,0,0.1363,0.0386,0.9899,0,0.9199,0.3659,-0.141,0,0,0.1099,0,1]},
{"frame":36,"values":[-0.4057,0.9137,0.0246,0,0.1349,0.0332,0.9903,0,0.904,0.4051,-0.1367,0,0,0.1099,0,1]},
{"frame":37,"values":[-0.4362,0.8992,0.0328,0,0.1343,0.029,0.9905,0,0.8898,0.4365,-0.1334,0,0,0.1099,0,1]},
{"frame":38,"values":[-0.4587,0.8878,0.0388,0,0.1341,0.026,0.9906,0,0.8784,0.4596,-0.131,0,0,0.1099,0,1]},
{"frame":39,"values":[-0.4725,0.8803,0.0424,0,0.1342,0.0243,0.9907,0,0.8711,0.4738,-0.1296,0,0,0.1099,0,1]},
{"frame":40,"values":[-0.4771,0.8778,0.0436,0,0.1342,0.0237,0.9907,0,0.8686,0.4785,-0.1291,0,0,0.1099,0,1]},
{"frame":41,"values":[-0.4748,0.8791,0.043,0,0.1342,0.024,0.9907,0,0.8698,0.4761,-0.1294,0,0,0.1099,0,1]},
{"frame":42,"values":[-0.4688,0.8823,0.0415,0,0.1341,0.0247,0.9907,0,0.873,0.47,-0.13,0,0,0.1099,0,1]},
{"frame":43,"values":[-0.4597,0.8872,0.039,0,0.1341,0.0259,0.9906,0,0.8779,0.4606,-0.1309,0,0,0.1099,0,1]},
{"frame":44,"values":[-0.4476,0.8935,0.0358,0,0.1341,0.0275,0.9906,0,0.8841,0.4482,-0.1321,0,0,0.1099,0,1]},
{"frame":45,"values":[-0.4329,0.9009,0.0319,0,0.1343,0.0294,0.9905,0,0.8914,0.4331,-0.1337,0,0,0.1099,0,1]},
{"frame":46,"values":[-0.416,0.9089,0.0274,0,0.1346,0.0317,0.9904,0,0.8993,0.4157,-0.1356,0,0,0.1099,0,1]},
{"frame":47,"values":[-0.3972,0.9174,0.0224,0,0.1352,0.0344,0.9902,0,0.9077,0.3964,-0.1377,0,0,0.1099,0,1]},
{"frame":48,"values":[-0.3769,0.9261,0.0169,0,0.1359,0.0373,0.99,0,0.9162,0.3755,-0.1399,0,0,0.1099,0,1]},
{"frame":49,"values":[-0.3555,0.9346,0.011,0,0.1369,0.0404,0.9898,0,0.9246,0.3534,-0.1423,0,0,0.1099,0,1]},
{"frame":50,"values":[-0.3335,0.9427,0.0049,0,0.1382,0.0437,0.9894,0,0.9326,0.3306,-0.1448,0,0,0.1099,0,1]},
{"frame":51,"values":[-0.3112,0.9504,-0.0012,0,0.1397,0.047,0.9891,0,0.94,0.3076,-0.1474,0,0,0.1099,0,1]},
{"frame":52,"values":[-0.2891,0.9573,-0.0074,0,0.1413,0.0503,0.9887,0,0.9468,0.2847,-0.1498,0,0,0.1099,0,1]},
{"frame":53,"values":[-0.2677,0.9634,-0.0134,0,0.1431,0.0535,0.9883,0,0.9528,0.2626,-0.1522,0,0,0.1099,0,1]},
{"frame":54,"values":[-0.2475,0.9687,-0.0191,0,0.1449,0.0565,0.9878,0,0.958,0.2417,-0.1544,0,0,0.1099,0,1]},
{"frame":55,"values":[-0.2291,0.9731,-0.0243,0,0.1468,0.0592,0.9874,0,0.9623,0.2226,-0.1564,0,0,0.1099,0,1]},
{"frame":56,"values":[-0.2128,0.9767,-0.029,0,0.1484,0.0616,0.987,0,0.9657,0.2058,-0.1581,0,0,0.1099,0,1]},
{"frame":57,"values":[-0.1994,0.9794,-0.0329,0,0.1499,0.0636,0.9866,0,0.9684,0.1918,-0.1595,0,0,0.1099,0,1]},
{"frame":58,"values":[-0.1891,0.9813,-0.0358,0,0.1511,0.0651,0.9864,0,0.9703,0.1811,-0.1606,0,0,0.1099,0,1]},
{"frame":59,"values":[-0.1826,0.9825,-0.0377,0,0.1518,0.066,0.9862,0,0.9714,0.1744,-0.1612,0,0,0.1099,0,1]},
{"frame":60,"values":[-0.1803,0.9829,-0.0383,0,0.1521,0.0664,0.9861,0,0.9718,0.172,-0.1615,0,0,0.1099,0,1]},
{"frame":71,"values":[-0.1803,0.9829,-0.0383,0,0.1521,0.0664,0.9861,0,0.9718,0.172,-0.1615,0,0,0.1099,0,1]},
{"frame":72,"values":[-0.1765,0.9835,-0.0395,0,0.1526,0.0669,0.986,0,0.9724,0.168,-0.1619,0,0,0.1099,0,1]},
{"frame":73,"values":[-0.1654,0.9853,-0.0427,0,0.1539,0.0685,0.9857,0,0.9741,0.1565,-0.163,0,0,0.1099,0,1]},
{"frame":74,"values":[-0.148,0.9878,-0.0478,0,0.1561,0.071,0.9852,0,0.9766,0.1383,-0.1647,0,0,0.1099,0,1]},
{"frame":75,"values":[-0.1248,0.9907,-0.0546,0,0.1592,0.0743,0.9845,0,0.9793,0.1141,-0.167,0,0,0.1099,0,1]},
{"frame":76,"values":[-0.0966,0.9933,-0.0629,0,0.1631,0.0781,0.9835,0,0.9819,0.0847,-0.1696,0,0,0.1099,0,1]},
{"frame":77,"values":[-0.0641,0.9953,-0.0725,0,0.168,0.0824,0.9823,0,0.9837,0.0508,-0.1725,0,0,0.1099,0,1]},
{"frame":78,"values":[-0.0283,0.9961,-0.0833,0,0.1737,0.087,0.9809,0,0.9844,0.0133,-0.1755,0,0,0.1099,0,1]},
{"frame":79,"values":[0.0101,0.9954,-0.0949,0,0.1803,0.0916,0.9793,0,0.9836,-0.027,-0.1786,0,0,0.1099,0,1]},
{"frame":80,"values":[0.05,0.993,-0.1072,0,0.1876,0.0961,0.9775,0,0.981,-0.069,-0.1815,0,0,0.1099,0,1]},
{"frame":81,"values":[0.0906,0.9887,-0.1198,0,0.1955,0.1003,0.9756,0,0.9765,-0.1118,-0.1842,0,0,0.1099,0,1]},
{"frame":82,"values":[0.1308,0.9825,-0.1324,0,0.2038,0.1041,0.9735,0,0.9702,-0.1543,-0.1866,0,0,0.1099,0,1]},
{"frame":83,"values":[0.1695,0.9748,-0.1447,0,0.2122,0.1073,0.9713,0,0.9624,-0.1954,-0.1887,0,0,0.1099,0,1]},
{"frame":84,"values":[0.2059,0.966,-0.1564,0,0.2205,0.1099,0.9692,0,0.9534,-0.2341,-0.1904,0,0,0.1099,0,1]},
{"frame":85,"values":[0.239,0.9565,-0.1671,0,0.2284,0.1119,0.9671,0,0.9438,-0.2693,-0.1917,0,0,0.1099,0,1]},
{"frame":86,"values":[0.2679,0.9472,-0.1765,0,0.2355,0.1133,0.9652,0,0.9342,-0.3001,-0.1927,0,0,0.1099,0,1]},
{"frame":87,"values":[0.2917,0.9386,-0.1844,0,0.2416,0.1142,0.9636,0,0.9255,-0.3256,-0.1934,0,0,0.1099,0,1]},
{"frame":88,"values":[0.3096,0.9316,-0.1903,0,0.2463,0.1147,0.9624,0,0.9184,-0.3448,-0.1939,0,0,0.1099,0,1]},
{"frame":89,"values":[0.321,0.927,-0.1941,0,0.2493,0.115,0.9616,0,0.9137,-0.357,-0.1942,0,0,0.1099,0,1]},
{"frame":90,"values":[0.3249,0.9253,-0.1954,0,0.2504,0.1151,0.9613,0,0.912,-0.3613,-0.1943,0,0,0.1099,0,1]},
{"frame":91,"values":[0.3192,0.9277,-0.1935,0,0.2488,0.115,0.9617,0,0.9144,-0.3551,-0.1941,0,0,0.1099,0,1]},
{"frame":92,"values":[0.3027,0.9344,-0.188,0,0.2444,0.1146,0.9629,0,0.9212,-0.3374,-0.1937,0,0,0.1099,0,1]},
{"frame":93,"values":[0.2763,0.9442,-0.1793,0,0.2376,0.1136,0.9647,0,0.9312,-0.3092,-0.193,0,0,0.1099,0,1]},
{"frame":94,"values":[0.241,0.9559,-0.1678,0,0.2289,0.112,0.967,0,0.9431,-0.2715,-0.1918,0,0,0.1099,0,1]},
{"frame":95,"values":[0.1978,0.9681,-0.1538,0,0.2186,0.1093,0.9697,0,0.9556,-0.2254,-0.19,0,0,0.1099,0,1]},
{"frame":96,"values":[0.1477,0.9794,-0.1378,0,0.2074,0.1055,0.9725,0,0.967,-0.1722,-0.1875,0,0,0.1099,0,1]},
{"frame":97,"values":[0.092,0.9885,-0.1202,0,0.1958,0.1004,0.9755,0,0.9763,-0.1133,-0.1843,0,0,0.1099,0,1]},
{"frame":98,"values":[0.0322,0.9943,-0.1017,0,0.1843,0.0941,0.9784,0,0.9823,-0.0503,-0.1802,0,0,0.1099,0,1]},
{"frame":99,"values":[-0.0301,0.9961,-0.0827,0,0.1734,0.0867,0.981,0,0.9844,0.0152,-0.1754,0,0,0.1099,0,1]},
{"frame":100,"values":[-0.0933,0.9936,-0.0638,0,0.1636,0.0785,0.9834,0,0.9821,0.0813,-0.1699,0,0,0.1099,0,1]},
{"frame":101,"values":[-0.1557,0.9868,-0.0455,0,0.1551,0.0699,0.9854,0,0.9755,0.1464,-0.1639,0,0,0.1099,0,1]},
{"frame":102,"values":[-0.2156,0.9761,-0.0282,0,0.1482,0.0612,0.9871,0,0.9652,0.2087,-0.1578,0,0,0.1099,0,1]},
{"frame":103,"values":[-0.2717,0.9623,-0.0123,0,0.1428,0.0529,0.9883,0,0.9517,0.2668,-0.1518,0,0,0.1099,0,1]},
{"frame":104,"values":[-0.3227,0.9465,0.002,0,0.1389,0.0453,0.9893,0,0.9363,0.3195,-0.1461,0,0,0.1099,0,1]},
{"frame":105,"values":[-0.3676,0.9299,0.0143,0,0.1363,0.0386,0.9899,0,0.9199,0.3659,-0.141,0,0,0.1099,0,1]},
{"frame":106,"values":[-0.4057,0.9137,0.0246,0,0.1349,0.0332,0.9903,0,0.904,0.4051,-0.1367,0,0,0.1099,0,1]},
{"frame":107,"values":[-0.4362,0.8992,0.0328,0,0.1343,0.029,0.9905,0,0.8898,0.4365,-0.1334,0,0,0.1099,0,1]},
{"frame":108,"values":[-0.4587,0.8878,0.0388,0,0.1341,0.026,0.9906,0,0.8784,0.4596,-0.131,0,0,0.1099,0,1]},
{"frame":109,"values":[-0.4725,0.8803,0.0424,0,0.1342,0.0243,0.9907,0,0.8711,0.4738,-0.1296,0,0,0.1099,0,1]},
{"frame":110,"values":[-0.4771,0.8778,0.0436,0,0.1342,0.0237,0.9907,0,0.8686,0.4785,-0.1291,0,0,0.1099,0,1]},
{"frame":111,"values":[-0.4748,0.8791,0.043,0,0.1342,0.024,0.9907,0,0.8698,0.4761,-0.1294,0,0,0.1099,0,1]},
{"frame":112,"values":[-0.4688,0.8823,0.0415,0,0.1341,0.0247,0.9907,0,0.873,0.47,-0.13,0,0,0.1099,0,1]},
{"frame":113,"values":[-0.4597,0.8872,0.039,0,0.1341,0.0259,0.9906,0,0.8779,0.4606,-0.1309,0,0,0.1099,0,1]},
{"frame":114,"values":[-0.4476,0.8935,0.0358,0,0.1341,0.0275,0.9906,0,0.8841,0.4482,-0.1321,0,0,0.1099,0,1]},
{"frame":115,"values":[-0.4329,0.9009,0.0319,0,0.1343,0.0294,0.9905,0,0.8914,0.4331,-0.1337,0,0,0.1099,0,1]},
{"frame":116,"values":[-0.416,0.9089,0.0274,0,0.1346,0.0317,0.9904,0,0.8993,0.4157,-0.1356,0,0,0.1099,0,1]},
{"frame":117,"values":[-0.3972,0.9174,0.0224,0,0.1352,0.0344,0.9902,0,0.9077,0.3964,-0.1377,0,0,0.1099,0,1]},
{"frame":118,"values":[-0.3769,0.9261,0.0169,0,0.1359,0.0373,0.99,0,0.9162,0.3755,-0.1399,0,0,0.1099,0,1]},
{"frame":119,"values":[-0.3555,0.9346,0.011,0,0.1369,0.0404,0.9898,0,0.9246,0.3534,-0.1423,0,0,0.1099,0,1]},
{"frame":120,"values":[-0.3335,0.9427,0.0049,0,0.1382,0.0437,0.9894,0,0.9326,0.3306,-0.1448,0,0,0.1099,0,1]},
{"frame":121,"values":[-0.3112,0.9504,-0.0012,0,0.1397,0.047,0.9891,0,0.94,0.3076,-0.1474,0,0,0.1099,0,1]},
{"frame":122,"values":[-0.2891,0.9573,-0.0074,0,0.1413,0.0503,0.9887,0,0.9468,0.2847,-0.1498,0,0,0.1099,0,1]},
{"frame":123,"values":[-0.2677,0.9634,-0.0134,0,0.1431,0.0535,0.9883,0,0.9528,0.2626,-0.1522,0,0,0.1099,0,1]},
{"frame":124,"values":[-0.2475,0.9687,-0.0191,0,0.1449,0.0565,0.9878,0,0.958,0.2417,-0.1544,0,0,0.1099,0,1]},
{"frame":125,"values":[-0.2291,0.9731,-0.0243,0,0.1468,0.0592,0.9874,0,0.9623,0.2226,-0.1564,0,0,0.1099,0,1]},
{"frame":126,"values":[-0.2128,0.9767,-0.029,0,0.1484,0.0616,0.987,0,0.9657,0.2058,-0.1581,0,0,0.1099,0,1]},
{"frame":127,"values":[-0.1994,0.9794,-0.0329,0,0.1499,0.0636,0.9866,0,0.9684,0.1918,-0.1595,0,0,0.1099,0,1]},
{"frame":128,"values":[-0.1891,0.9813,-0.0358,0,0.1511,0.0651,0.9864,0,0.9703,0.1811,-0.1606,0,0,0.1099,0,1]},
{"frame":129,"values":[-0.1826,0.9825,-0.0377,0,0.1518,0.066,0.9862,0,0.9714,0.1744,-0.1612,0,0,0.1099,0,1]},
{"frame":130,"values":[-0.1803,0.9829,-0.0383,0,0.1521,0.0664,0.9861,0,0.9718,0.172,-0.1615,0,0,0.1099,0,1]}]}},
{"name":"LeftLeg","index":3,"matrix":[0.9998,0.0022,0.021,0,-0.0067,0.9761,0.2172,0,-0.02,-0.2173,0.9759,0,0,0.4251,0,1],"rest":[0.9998,0.0011,0.0208,0,-0.0034,0.9941,0.1081,0,-0.0206,-0.1081,0.9939,0,0,0.4251,0,1],"parentBoneIndex":2,"length":0.4369
,"animation":{"name":"anim","property":"_matrix","dataType":3,"framePerSecond":24,"loopBehavior":1,"keys":[
{"frame":1,"values":[0.9998,0.0022,0.021,0,-0.0067,0.9761,0.2172,0,-0.02,-0.2173,0.9759,0,0,0.4251,0,1]},
{"frame":2,"values":[0.9998,0.0022,0.021,0,-0.0067,0.976,0.2175,0,-0.02,-0.2176,0.9758,0,0,0.4251,0,1]},
{"frame":3,"values":[0.9998,0.0022,0.021,0,-0.0068,0.9759,0.2183,0,-0.02,-0.2184,0.9757,0,0,0.4251,0,1]},
{"frame":4,"values":[0.9998,0.0023,0.021,0,-0.0068,0.9756,0.2194,0,-0.02,-0.2195,0.9754,0,0,0.4251,0,1]},
{"frame":5,"values":[0.9998,0.0023,0.021,0,-0.0068,0.9753,0.2206,0,-0.02,-0.2207,0.9751,0,0,0.4251,0,1]},
{"frame":6,"values":[0.9998,0.0023,0.021,0,-0.0069,0.9751,0.2218,0,-0.02,-0.2219,0.9749,0,0,0.4251,0,1]},
{"frame":7,"values":[0.9998,0.0023,0.021,0,-0.0069,0.9748,0.2228,0,-0.02,-0.2229,0.9746,0,0,0.4251,0,1]},
{"frame":8,"values":[0.9998,0.0023,0.021,0,-0.0069,0.9747,0.2233,0,-0.02,-0.2234,0.9745,0,0,0.4251,0,1]},
{"frame":10,"values":[0.9998,0.0023,0.021,0,-0.0069,0.9749,0.2228,0,-0.02,-0.2228,0.9746,0,0,0.4251,0,1]},
{"frame":11,"values":[0.9998,0.0023,0.021,0,-0.0069,0.9751,0.2215,0,-0.02,-0.2216,0.9749,0,0,0.4251,0,1]},
{"frame":12,"values":[0.9998,0.0023,0.021,0,-0.0068,0.9756,0.2196,0,-0.02,-0.2197,0.9754,0,0,0.4251,0,1]},
{"frame":13,"values":[0.9998,0.0022,0.021,0,-0.0067,0.9761,0.2172,0,-0.02,-0.2173,0.9759,0,0,0.4251,0,1]},
{"frame":14,"values":[0.9998,0.0022,0.021,0,-0.0066,0.9767,0.2144,0,-0.02,-0.2145,0.9765,0,0,0.4251,0,1]},
{"frame":15,"values":[0.9998,0.0022,0.021,0,-0.0066,0.9774,0.2113,0,-0.02,-0.2114,0.9772,0,0,0.4251,0,1]},
{"frame":16,"values":[0.9998,0.0021,0.021,0,-0.0065,0.9781,0.2081,0,-0.0201,-0.2082,0.9779,0,0,0.4251,0,1]},
{"frame":17,"values":[0.9998,0.0021,0.021,0,-0.0064,0.9787,0.2053,0,-0.0201,-0.2054,0.9785,0,0,0.4251,0,1]},
{"frame":18,"values":[0.9998,0.0021,0.021,0,-0.0063,0.9792,0.2029,0,-0.0201,-0.203,0.979,0,0,0.4251,0,1]},
{"frame":19,"values":[0.9998,0.0021,0.0209,0,-0.0062,0.9795,0.2013,0,-0.0201,-0.2014,0.9793,0,0,0.4251,0,1]},
{"frame":20,"values":[0.9998,0.0021,0.0209,0,-0.0062,0.9796,0.2007,0,-0.0201,-0.2008,0.9794,0,0,0.4251,0,1]},
{"frame":21,"values":[0.9998,0.0021,0.0209,0,-0.0062,0.9795,0.2016,0,-0.0201,-0.2016,0.9793,0,0,0.4251,0,1]},
{"frame":22,"values":[0.9998,0.0021,0.021,0,-0.0063,0.979,0.2038,0,-0.0201,-0.2039,0.9788,0,0,0.4251,0,1]},
{"frame":23,"values":[0.9998,0.0021,0.021,0,-0.0064,0.9783,0.2072,0,-0.0201,-0.2072,0.9781,0,0,0.4251,0,1]},
{"frame":24,"values":[0.9998,0.0022,0.021,0,-0.0065,0.9775,0.2111,0,-0.02,-0.2111,0.9772,0,0,0.4251,0,1]},
{"frame":25,"values":[0.9998,0.0022,0.021,0,-0.0067,0.9766,0.215,0,-0.02,-0.2151,0.9764,0,0,0.4251,0,1]},
{"frame":26,"values":[0.9998,0.0022,0.021,0,-0.0068,0.9758,0.2187,0,-0.02,-0.2187,0.9756,0,0,0.4251,0,1]},
{"frame":27,"values":[0.9998,0.0023,0.021,0,-0.0069,0.9751,0.2215,0,-0.02,-0.2216,0.9749,0,0,0.4251,0,1]},
{"frame":28,"values":[0.9998,0.0023,0.021,0,-0.0069,0.9748,0.2231,0,-0.02,-0.2232,0.9746,0,0,0.4251,0,1]},
{"frame":29,"values":[0.9998,0.0023,0.021,0,-0.0069,0.9747,0.2233,0,-0.02,-0.2234,0.9745,0,0,0.4251,0,1]},
{"frame":30,"values":[0.9998,0.0023,0.021,0,-0.0069,0.975,0.2219,0,-0.02,-0.222,0.9748,0,0,0.4251,0,1]},
{"frame":31,"values":[0.9998,0.0022,0.021,0,-0.0068,0.9757,0.2189,0,-0.02,-0.219,0.9755,0,0,0.4251,0,1]},
{"frame":32,"values":[0.9998,0.0022,0.021,0,-0.0066,0.9767,0.2143,0,-0.02,-0.2144,0.9765,0,0,0.4251,0,1]},
{"frame":33,"values":[0.9998,0.0021,0.021,0,-0.0065,0.978,0.2083,0,-0.0201,-0.2084,0.9778,0,0,0.4251,0,1]},
{"frame":34,"values":[0.9998,0.0021,0.0209,0,-0.0062,0.9795,0.2011,0,-0.0201,-0.2012,0.9793,0,0,0.4251,0,1]},
{"frame":35,"values":[0.9998,0.002,0.0209,0,-0.006,0.9811,0.1933,0,-0.0202,-0.1934,0.9809,0,0,0.4251,0,1]},
{"frame":36,"values":[0.9998,0.0019,0.0209,0,-0.0057,0.9827,0.1853,0,-0.0202,-0.1853,0.9825,0,0,0.4251,0,1]},
{"frame":37,"values":[0.9998,0.0018,0.0209,0,-0.0055,0.9841,0.1778,0,-0.0202,-0.1779,0.9838,0,0,0.4251,0,1]},
{"frame":38,"values":[0.9998,0.0018,0.0209,0,-0.0053,0.9852,0.1715,0,-0.0203,-0.1716,0.985,0,0,0.4251,0,1]},
{"frame":39,"values":[0.9998,0.0017,0.0209,0,-0.0052,0.9859,0.1674,0,-0.0203,-0.1674,0.9857,0,0,0.4251,0,1]},
{"frame":40,"values":[0.9998,0.0017,0.0209,0,-0.0051,0.9861,0.1659,0,-0.0203,-0.166,0.9859,0,0,0.4251,0,1]},
{"frame":41,"values":[0.9998,0.0017,0.0209,0,-0.0052,0.986,0.1667,0,-0.0203,-0.1667,0.9858,0,0,0.4251,0,1]},
{"frame":42,"values":[0.9998,0.0017,0.0209,0,-0.0052,0.9857,0.1685,0,-0.0203,-0.1686,0.9855,0,0,0.4251,0,1]},
{"frame":43,"values":[0.9998,0.0018,0.0209,0,-0.0053,0.9852,0.1713,0,-0.0203,-0.1713,0.985,0,0,0.4251,0,1]},
{"frame":44,"values":[0.9998,0.0018,0.0209,0,-0.0054,0.9846,0.1747,0,-0.0203,-0.1748,0.9844,0,0,0.4251,0,1]},
{"frame":45,"values":[0.9998,0.0018,0.0209,0,-0.0055,0.9839,0.1786,0,-0.0202,-0.1787,0.9837,0,0,0.4251,0,1]},
{"frame":46,"values":[0.9998,0.0019,0.0209,0,-0.0057,0.9831,0.1829,0,-0.0202,-0.1829,0.9829,0,0,0.4251,0,1]},
{"frame":47,"values":[0.9998,0.0019,0.0209,0,-0.0058,0.9823,0.1872,0,-0.0202,-0.1872,0.9821,0,0,0.4251,0,1]},
{"frame":48,"values":[0.9998,0.002,0.0209,0,-0.0059,0.9815,0.1914,0,-0.0202,-0.1915,0.9813,0,0,0.4251,0,1]},
{"frame":49,"values":[0.9998,0.002,0.0209,0,-0.0061,0.9807,0.1955,0,-0.0201,-0.1956,0.9805,0,0,0.4251,0,1]},
{"frame":50,"values":[0.9998,0.002,0.0209,0,-0.0062,0.9799,0.1994,0,-0.0201,-0.1995,0.9797,0,0,0.4251,0,1]},
{"frame":51,"values":[0.9998,0.0021,0.021,0,-0.0063,0.9792,0.2029,0,-0.0201,-0.203,0.979,0,0,0.4251,0,1]},
{"frame":52,"values":[0.9998,0.0021,0.021,0,-0.0064,0.9785,0.206,0,-0.0201,-0.2061,0.9783,0,0,0.4251,0,1]},
{"frame":53,"values":[0.9998,0.0021,0.021,0,-0.0065,0.9779,0.2088,0,-0.0201,-0.2089,0.9777,0,0,0.4251,0,1]},
{"frame":54,"values":[0.9998,0.0022,0.021,0,-0.0065,0.9774,0.2111,0,-0.02,-0.2112,0.9772,0,0,0.4251,0,1]},
{"frame":55,"values":[0.9998,0.0022,0.021,0,-0.0066,0.977,0.213,0,-0.02,-0.2131,0.9768,0,0,0.4251,0,1]},
{"frame":56,"values":[0.9998,0.0022,0.021,0,-0.0067,0.9767,0.2146,0,-0.02,-0.2147,0.9765,0,0,0.4251,0,1]},
{"frame":57,"values":[0.9998,0.0022,0.021,0,-0.0067,0.9764,0.2157,0,-0.02,-0.2158,0.9762,0,0,0.4251,0,1]},
{"frame":58,"values":[0.9998,0.0022,0.021,0,-0.0067,0.9762,0.2166,0,-0.02,-0.2167,0.976,0,0,0.4251,0,1]},
{"frame":59,"values":[0.9998,0.0022,0.021,0,-0.0067,0.9761,0.2171,0,-0.02,-0.2172,0.9759,0,0,0.4251,0,1]},
{"frame":60,"values":[0.9998,0.0022,0.021,0,-0.0067,0.9761,0.2172,0,-0.02,-0.2173,0.9759,0,0,0.4251,0,1]},
{"frame":71,"values":[0.9998,0.0022,0.021,0,-0.0067,0.9761,0.2172,0,-0.02,-0.2173,0.9759,0,0,0.4251,0,1]},
{"frame":72,"values":[0.9998,0.0022,0.021,0,-0.0067,0.976,0.2175,0,-0.02,-0.2176,0.9758,0,0,0.4251,0,1]},
{"frame":73,"values":[0.9998,0.0022,0.021,0,-0.0068,0.9759,0.2183,0,-0.02,-0.2184,0.9757,0,0,0.4251,0,1]},
{"frame":74,"values":[0.9998,0.0023,0.021,0,-0.0068,0.9756,0.2194,0,-0.02,-0.2195,0.9754,0,0,0.4251,0,1]},
{"frame":75,"values":[0.9998,0.0023,0.021,0,-0.0068,0.9753,0.2206,0,-0.02,-0.2207,0.9751,0,0,0.4251,0,1]},
{"frame":76,"values":[0.9998,0.0023,0.021,0,-0.0069,0.9751,0.2218,0,-0.02,-0.2219,0.9749,0,0,0.4251,0,1]},
{"frame":77,"values":[0.9998,0.0023,0.021,0,-0.0069,0.9748,0.2228,0,-0.02,-0.2229,0.9746,0,0,0.4251,0,1]},
{"frame":78,"values":[0.9998,0.0023,0.021,0,-0.0069,0.9747,0.2233,0,-0.02,-0.2234,0.9745,0,0,0.4251,0,1]},
{"frame":80,"values":[0.9998,0.0023,0.021,0,-0.0069,0.9749,0.2228,0,-0.02,-0.2228,0.9746,0,0,0.4251,0,1]},
{"frame":81,"values":[0.9998,0.0023,0.021,0,-0.0069,0.9751,0.2215,0,-0.02,-0.2216,0.9749,0,0,0.4251,0,1]},
{"frame":82,"values":[0.9998,0.0023,0.021,0,-0.0068,0.9756,0.2196,0,-0.02,-0.2197,0.9754,0,0,0.4251,0,1]},
{"frame":83,"values":[0.9998,0.0022,0.021,0,-0.0067,0.9761,0.2172,0,-0.02,-0.2173,0.9759,0,0,0.4251,0,1]},
{"frame":84,"values":[0.9998,0.0022,0.021,0,-0.0066,0.9767,0.2144,0,-0.02,-0.2145,0.9765,0,0,0.4251,0,1]},
{"frame":85,"values":[0.9998,0.0022,0.021,0,-0.0066,0.9774,0.2113,0,-0.02,-0.2114,0.9772,0,0,0.4251,0,1]},
{"frame":86,"values":[0.9998,0.0021,0.021,0,-0.0065,0.9781,0.2081,0,-0.0201,-0.2082,0.9779,0,0,0.4251,0,1]},
{"frame":87,"values":[0.9998,0.0021,0.021,0,-0.0064,0.9787,0.2053,0,-0.0201,-0.2054,0.9785,0,0,0.4251,0,1]},
{"frame":88,"values":[0.9998,0.0021,0.021,0,-0.0063,0.9792,0.2029,0,-0.0201,-0.203,0.979,0,0,0.4251,0,1]},
{"frame":89,"values":[0.9998,0.0021,0.0209,0,-0.0062,0.9795,0.2013,0,-0.0201,-0.2014,0.9793,0,0,0.4251,0,1]},
{"frame":90,"values":[0.9998,0.0021,0.0209,0,-0.0062,0.9796,0.2007,0,-0.0201,-0.2008,0.9794,0,0,0.4251,0,1]},
{"frame":91,"values":[0.9998,0.0021,0.0209,0,-0.0062,0.9795,0.2016,0,-0.0201,-0.2016,0.9793,0,0,0.4251,0,1]},
{"frame":92,"values":[0.9998,0.0021,0.021,0,-0.0063,0.979,0.2038,0,-0.0201,-0.2039,0.9788,0,0,0.4251,0,1]},
{"frame":93,"values":[0.9998,0.0021,0.021,0,-0.0064,0.9783,0.2072,0,-0.0201,-0.2072,0.9781,0,0,0.4251,0,1]},
{"frame":94,"values":[0.9998,0.0022,0.021,0,-0.0065,0.9775,0.2111,0,-0.02,-0.2111,0.9772,0,0,0.4251,0,1]},
{"frame":95,"values":[0.9998,0.0022,0.021,0,-0.0067,0.9766,0.215,0,-0.02,-0.2151,0.9764,0,0,0.4251,0,1]},
{"frame":96,"values":[0.9998,0.0022,0.021,0,-0.0068,0.9758,0.2187,0,-0.02,-0.2187,0.9756,0,0,0.4251,0,1]},
{"frame":97,"values":[0.9998,0.0023,0.021,0,-0.0069,0.9751,0.2215,0,-0.02,-0.2216,0.9749,0,0,0.4251,0,1]},
{"frame":98,"values":[0.9998,0.0023,0.021,0,-0.0069,0.9748,0.2231,0,-0.02,-0.2232,0.9746,0,0,0.4251,0,1]},
{"frame":99,"values":[0.9998,0.0023,0.021,0,-0.0069,0.9747,0.2233,0,-0.02,-0.2234,0.9745,0,0,0.4251,0,1]},
{"frame":100,"values":[0.9998,0.0023,0.021,0,-0.0069,0.975,0.2219,0,-0.02,-0.222,0.9748,0,0,0.4251,0,1]},
{"frame":101,"values":[0.9998,0.0022,0.021,0,-0.0068,0.9757,0.2189,0,-0.02,-0.219,0.9755,0,0,0.4251,0,1]},
{"frame":102,"values":[0.9998,0.0022,0.021,0,-0.0066,0.9767,0.2143,0,-0.02,-0.2144,0.9765,0,0,0.4251,0,1]},
{"frame":103,"values":[0.9998,0.0021,0.021,0,-0.0065,0.978,0.2083,0,-0.0201,-0.2084,0.9778,0,0,0.4251,0,1]},
{"frame":104,"values":[0.9998,0.0021,0.0209,0,-0.0062,0.9795,0.2011,0,-0.0201,-0.2012,0.9793,0,0,0.4251,0,1]},
{"frame":105,"values":[0.9998,0.002,0.0209,0,-0.006,0.9811,0.1933,0,-0.0202,-0.1934,0.9809,0,0,0.4251,0,1]},
