{"producer":{"name":"Blender","version":"3.3.1","exporter_version":"3.3.1","file":"worker03_2anims.babylon"},
"autoClear":true,"clearColor":[0.0509,0.0509,0.0509],"gravity":[0,-9.81,0],
"materials":[{"name":"clothes","id":"clothes","customType":"BABYLON.StandardMaterial","emissive":[0,0,0],"specular":[0,0,0],"specularPower":64,"indexOfRefraction":0.6897, 
"diffuseTexture":{"name":"clothes1024a.jpg","hasAlpha":false,"level":1,"coordinatesMode":0,"coordinatesIndex":0,"wrapU":1,"wrapV":1}},
{"name":"hair1024","id":"hair1024","customType":"BABYLON.StandardMaterial","emissive":[0,0,0],"specular":[0,0,0],"specularPower":64,"indexOfRefraction":0.6897, 
"diffuseTexture":{"name":"beard1024_01.png","hasAlpha":true,"level":1,"coordinatesMode":0,"coordinatesIndex":0,"wrapU":1,"wrapV":1}}],
"skeletons":[{"name":"RootNode","id":0,"dimensionsAtRest":[1.8343,1.996,0.3208],"bones":[
{"name":"mixamorig1:Hips","index":0,"matrix":[0.9956,0.0524,-0.0775,0,0.0744,-0.9457,0.3164,0,0.0567,0.3207,0.9455,0,-0.0021,0.8173,-0.0078,1],"rest":[1,0,0,0,0,-1,0,0,0,0,1,0,0,0.9475,-0.0112,1],"parentBoneIndex":-1,"length":0.1056
,"animation":
{"name":"anim","property":"_matrix","dataType":3,"framePerSecond":30,"loopBehavior":1,"keys":[
{"frame":1,"values":[0.9956,0.0524,-0.0775,0,0.0744,-0.9457,0.3164,0,0.0567,0.3207,0.9455,0,-0.0021,0.8173,-0.0078,1]},
{"frame":2,"values":[0.9961,0.0596,-0.0657,0,0.0769,-0.9493,0.305,0,0.0442,0.3088,0.9501,0,-0.0038,0.8449,0.0021,1]},
{"frame":3,"values":[0.9938,0.0997,-0.0494,0,0.1098,-0.9512,0.2885,0,0.0182,0.2921,0.9562,0,-0.0058,0.8647,0.0137,1]},
{"frame":4,"values":[0.9881,0.1519,-0.0224,0,0.1523,-0.9506,0.2705,0,-0.0198,0.2707,0.9625,0,-0.0096,0.8803,0.0252,1]},
{"frame":5,"values":[0.9898,0.1417,-0.0163,0,0.1404,-0.9477,0.2866,0,-0.0252,0.2859,0.9579,0,-0.0131,0.8939,0.032,1]},
{"frame":6,"values":[0.9981,0.0587,-0.0161,0,0.0609,-0.958,0.2802,0,-0.0011,0.2807,0.9598,0,-0.0159,0.9021,0.0263,1]},
{"frame":7,"values":[0.9999,-0.0067,-0.0127,0,-0.0034,-0.9689,0.2475,0,0.014,0.2474,0.9688,0,-0.0186,0.8994,0.0231,1]},
{"frame":8,"values":[1,-0.0011,-0.0021,0,-0.0006,-0.9755,0.22,0,0.0023,0.22,0.9755,0,-0.0215,0.8909,0.0297,1]},
{"frame":9,"values":[0.9999,0.0119,-0.0037,0,0.0124,-0.971,0.2386,0,0.0007,0.2386,0.9711,0,-0.0225,0.8685,0.0404,1]},
{"frame":10,"values":[0.9997,0.0248,-0.0055,0,0.0254,-0.9661,0.2571,0,-0.0011,0.2571,0.9664,0,-0.0235,0.8461,0.0511,1]},
{"frame":11,"values":[0.9993,0.0378,-0.0075,0,0.0384,-0.9606,0.2754,0,-0.0032,0.2755,0.9613,0,-0.0245,0.8238,0.0618,1]},
{"frame":12,"values":[0.9992,0.0379,-0.0133,0,0.0401,-0.9573,0.2862,0,0.0019,0.2866,0.9581,0,-0.025,0.8182,0.0642,1]},
{"frame":13,"values":[0.9996,0.0135,-0.0241,0,0.0198,-0.9581,0.2856,0,0.0193,0.286,0.958,0,-0.0223,0.8274,0.0532,1]},
{"frame":14,"values":[0.9984,-0.0523,-0.0201,0,-0.0444,-0.9578,0.2839,0,0.0341,0.2826,0.9586,0,-0.0189,0.8369,0.0397,1]},
{"frame":15,"values":[0.9932,-0.1164,-0.0005,0,-0.1109,-0.9479,0.2985,0,0.0352,0.2964,0.9544,0,-0.0171,0.8443,0.0313,1]},
{"frame":16,"values":[0.9918,-0.128,0.0051,0,-0.1231,-0.9411,0.3148,0,0.0355,0.3129,0.9491,0,-0.0169,0.8549,0.0215,1]},
{"frame":17,"values":[0.9957,-0.0914,-0.0127,0,-0.0829,-0.9468,0.3108,0,0.0404,0.3085,0.9504,0,-0.0161,0.8657,0.0098,1]},
{"frame":18,"values":[0.999,-0.0373,-0.0244,0,-0.0287,-0.9568,0.2892,0,0.0342,0.2883,0.9569,0,-0.011,0.8538,-0.0004,1]},
{"frame":19,"values":[0.9986,-0.0071,-0.0518,0,0.0076,-0.9601,0.2797,0,0.0517,0.2797,0.9587,0,-0.005,0.8327,-0.0094,1]},
{"frame":20,"values":[0.9973,0.0154,-0.0717,0,0.0362,-0.954,0.2977,0,0.0638,0.2994,0.952,0,-0.0011,0.803,-0.0095,1]},
{"frame":21,"values":[0.9966,0.021,-0.0802,0,0.0455,-0.9472,0.3175,0,0.0693,0.32,0.9449,0,0.002,0.79,-0.0028,1]},
{"frame":22,"values":[0.996,0.0371,-0.0811,0,0.0614,-0.9448,0.322,0,0.0647,0.3257,0.9433,0,0.0017,0.7941,-0.0006,1]},
{"frame":23,"values":[0.9956,0.0524,-0.0775,0,0.0744,-0.9457,0.3164,0,0.0567,0.3207,0.9455,0,-0.0021,0.8173,-0.0078,1]},
{"frame":31,"values":[0.9986,-0.0241,0.0471,0,-0.0249,-0.9996,0.0166,0,-0.0466,0.0178,0.9988,0,-0.0017,0.9368,-0.0003,1]},
{"frame":32,"values":[0.9994,-0.0245,0.0243,0,-0.0249,-0.9995,0.0172,0,-0.0239,0.0178,0.9996,0,-0.0027,0.9419,0.003,1]},
{"frame":33,"values":[0.9996,-0.0278,0.01,0,-0.028,-0.9995,0.015,0,-0.0096,0.0153,0.9998,0,-0.0029,0.9372,0.0058,1]},
{"frame":34,"values":[0.9995,-0.0311,-0.0043,0,-0.0311,-0.9994,0.0129,0,0.0047,0.0128,0.9999,0,-0.0031,0.9324,0.0086,1]},
{"frame":35,"values":[0.9992,-0.0344,-0.0186,0,-0.0342,-0.9994,0.0108,0,0.0189,0.0102,0.9998,0,-0.0033,0.9277,0.0114,1]},
{"frame":36,"values":[0.999,-0.0338,-0.0305,0,-0.0334,-0.9994,0.0129,0,0.0309,0.0118,0.9995,0,-0.0022,0.9177,0.014,1]},
{"frame":37,"values":[0.9985,-0.0332,-0.0424,0,-0.0326,-0.9994,0.0149,0,0.0429,0.0135,0.999,0,-0.0011,0.9078,0.0166,1]},
{"frame":38,"values":[0.9981,-0.0319,-0.0536,0,-0.0312,-0.9994,0.0146,0,0.054,0.0129,0.9985,0,0.0025,0.8958,0.0116,1]},
{"frame":39,"values":[0.9974,-0.0306,-0.0647,0,-0.0298,-0.9995,0.0143,0,0.0651,0.0123,0.9978,0,0.0061,0.8837,0.0066,1]},
{"frame":40,"values":[0.9973,-0.0236,-0.0691,0,-0.0224,-0.9996,0.0175,0,0.0695,0.0159,0.9975,0,0.0108,0.8767,-0.0028,1]},
{"frame":41,"values":[0.9976,-0.0138,-0.0675,0,-0.0122,-0.9996,0.0248,0,0.0678,0.024,0.9974,0,0.0157,0.8748,-0.0093,1]},
{"frame":42,"values":[0.9982,-0.0048,-0.0602,0,-0.003,-0.9996,0.0291,0,0.0603,0.0289,0.9978,0,0.0202,0.8774,-0.0113,1]},
{"frame":43,"values":[0.9987,-0.0014,-0.0518,0,-0.0001,-0.9997,0.0263,0,0.0518,0.0263,0.9983,0,0.0249,0.8888,-0.0116,1]},
{"frame":44,"values":[0.999,-0.0051,-0.0445,0,-0.0042,-0.9998,0.0199,0,0.0446,0.0197,0.9988,0,0.0288,0.9057,-0.0106,1]},
{"frame":45,"values":[0.9994,-0.0145,-0.0329,0,-0.014,-0.9998,0.0155,0,0.0331,0.015,0.9993,0,0.0313,0.9222,-0.0079,1]},
{"frame":46,"values":[0.9997,-0.0243,-0.0098,0,-0.0242,-0.9996,0.0155,0,0.0102,0.0152,0.9998,0,0.0333,0.9363,-0.006,1]},
{"frame":47,"values":[0.9994,-0.0272,0.0224,0,-0.0276,-0.9994,0.0197,0,-0.0219,0.0203,0.9996,0,0.0345,0.9441,-0.0005,1]},
{"frame":48,"values":[0.9984,-0.0198,0.0534,0,-0.0212,-0.9994,0.0259,0,-0.0529,0.027,0.9982,0,0.035,0.9447,0.0058,1]},
{"frame":49,"values":[0.9972,-0.0063,0.0749,0,-0.0086,-0.9995,0.0309,0,-0.0746,0.0314,0.9967,0,0.0351,0.9388,0.0096,1]},
{"frame":50,"values":[0.9962,0.0069,0.087,0,0.0041,-0.9994,0.033,0,-0.0872,0.0326,0.9957,0,0.0354,0.9282,0.0124,1]},
{"frame":51,"values":[0.9952,0.0173,0.0961,0,0.0141,-0.9993,0.0337,0,-0.0967,0.0322,0.9948,0,0.0352,0.9161,0.0145,1]},
{"frame":52,"values":[0.9939,0.0245,0.1079,0,0.0208,-0.9992,0.035,0,-0.1087,0.0325,0.9935,0,0.0345,0.9022,0.0152,1]},
{"frame":53,"values":[0.9921,0.0277,0.1227,0,0.0233,-0.999,0.0376,0,-0.1236,0.0345,0.9917,0,0.0328,0.8891,0.0157,1]},
{"frame":54,"values":[0.991,0.0212,0.1323,0,0.0157,-0.999,0.0421,0,-0.1331,0.0396,0.9903,0,0.0284,0.8807,0.0105,1]},
{"frame":55,"values":[0.9898,0.0147,0.142,0,0.0082,-0.9989,0.0465,0,-0.1425,0.0448,0.9888,0,0.024,0.8722,0.0053,1]},
{"frame":56,"values":[0.9906,-0.0012,0.1366,0,-0.0084,-0.9986,0.0525,0,-0.1364,0.0532,0.9892,0,0.0186,0.872,0.0015,1]},
{"frame":57,"values":[0.9918,-0.0198,0.1263,0,-0.0269,-0.9981,0.0553,0,-0.1249,0.0583,0.9905,0,0.0136,0.8787,-0.0007,1]},
{"frame":58,"values":[0.9924,-0.0346,0.1185,0,-0.0408,-0.9979,0.0504,0,-0.1165,0.0548,0.9917,0,0.0077,0.8897,-0.0008,1]},
{"frame":59,"values":[0.9929,-0.04,0.1119,0,-0.0446,-0.9983,0.0388,0,-0.1101,0.0435,0.993,0,0.0041,0.904,-0.0005,1]},
{"frame":60,"values":[0.9944,-0.0368,0.0992,0,-0.0397,-0.9989,0.0268,0,-0.0981,0.0306,0.9947,0,0.0016,0.9179,-0.0019,1]},
{"frame":61,"values":[0.9966,-0.0299,0.0769,0,-0.0314,-0.9993,0.0192,0,-0.0763,0.0215,0.9969,0,-0.0003,0.9291,-0.0027,1]},
{"frame":62,"values":[0.9986,-0.0241,0.0471,0,-0.0249,-0.9996,0.0166,0,-0.0466,0.0178,0.9988,0,-0.0017,0.9368,-0.0003,1]}]}},
{"name":"mixamorig1:Spine","index":1,"matrix":[0.9983,0.0089,0.0582,0,0.0086,-0.9999,0.0057,0,0.0583,-0.0052,-0.9983,0,0,-0.106,0.0082,1],"rest":[1,0,0,0,0,-0.997,0.0774,0,0,-0.0774,-0.997,0,0,-0.106,0.0082,1],"parentBoneIndex":0,"length":0.124
,"animation":
{"name":"anim","property":"_matrix","dataType":3,"framePerSecond":30,"loopBehavior":1,"keys":[
{"frame":1,"values":[0.9983,0.0089,0.0582,0,0.0086,-0.9999,0.0057,0,0.0583,-0.0052,-0.9983,0,0,-0.106,0.0082,1]},
{"frame":2,"values":[0.9959,0.0134,0.0897,0,0.0125,-0.9999,0.0104,0,0.0899,-0.0093,-0.9959,0,0,-0.106,0.0082,1]},
{"frame":3,"values":[0.9932,0.0519,0.1041,0,0.0513,-0.9987,0.008,0,0.1044,-0.0026,-0.9945,0,0,-0.106,0.0082,1]},
{"frame":4,"values":[0.9879,0.1073,0.1118,0,0.1078,-0.9942,0.0018,0,0.1113,0.0103,-0.9937,0,0,-0.106,0.0082,1]},
{"frame":5,"values":[0.9856,0.1163,0.1224,0,0.1152,-0.9932,0.0155,0,0.1233,-0.0011,-0.9924,0,0,-0.106,0.0082,1]},
{"frame":6,"values":[0.9892,0.0537,0.1366,0,0.0516,-0.9985,0.019,0,0.1374,-0.0117,-0.9905,0,0,-0.106,0.0082,1]},
{"frame":7,"values":[0.991,0.0045,0.134,0,0.0042,-1,0.003,0,0.1341,-0.0024,-0.991,0,0,-0.106,0.0082,1]},
{"frame":8,"values":[0.9949,0.0249,0.0979,0,0.0266,-0.9995,-0.0167,0,0.0974,0.0192,-0.9951,0,0,-0.106,0.0082,1]},
{"frame":9,"values":[0.9961,0.0478,0.0742,0,0.0489,-0.9987,-0.0138,0,0.0734,0.0173,-0.9972,0,0,-0.106,0.0082,1]},
{"frame":10,"values":[0.9962,0.0707,0.0503,0,0.0713,-0.9974,-0.0113,0,0.0494,0.0149,-0.9987,0,0,-0.106,0.0082,1]},
{"frame":11,"values":[0.9953,0.0934,0.0264,0,0.0937,-0.9956,-0.0095,0,0.0254,0.0119,-0.9996,0,0,-0.106,0.0082,1]},
{"frame":12,"values":[0.995,0.0994,-0.0027,0,0.0994,-0.995,-0.0034,0,-0.003,0.0031,-1,0,0,-0.106,0.0082,1]},
{"frame":13,"values":[0.9966,0.0745,-0.0364,0,0.0748,-0.9972,0.0067,0,-0.0358,-0.0094,-0.9993,0,0,-0.106,0.0082,1]},
{"frame":14,"values":[0.9974,-0.0032,-0.0719,0,-0.0021,-0.9999,0.0157,0,-0.0719,-0.0155,-0.9973,0,0,-0.106,0.0082,1]},
{"frame":15,"values":[0.9903,-0.0847,-0.1105,0,-0.0822,-0.9962,0.0269,0,-0.1124,-0.0175,-0.9935,0,0,-0.106,0.0082,1]},
{"frame":16,"values":[0.9853,-0.1101,-0.1303,0,-0.1072,-0.9938,0.0292,0,-0.1327,-0.0148,-0.9911,0,0,-0.106,0.0082,1]},
{"frame":17,"values":[0.9898,-0.0812,-0.1173,0,-0.0795,-0.9966,0.0193,0,-0.1185,-0.0098,-0.9929,0,0,-0.106,0.0082,1]},
{"frame":18,"values":[0.9928,-0.0495,-0.1089,0,-0.0486,-0.9988,0.0109,0,-0.1093,-0.0056,-0.994,0,0,-0.106,0.0082,1]},
{"frame":19,"values":[0.9958,-0.0448,-0.0798,0,-0.0445,-0.999,0.0058,0,-0.08,-0.0022,-0.9968,0,0,-0.106,0.0082,1]},
{"frame":20,"values":[0.9983,-0.0333,-0.048,0,-0.0328,-0.9994,0.0097,0,-0.0483,-0.0081,-0.9988,0,0,-0.106,0.0082,1]},
{"frame":21,"values":[0.9993,-0.0315,-0.0197,0,-0.0314,-0.9995,0.0057,0,-0.0198,-0.0051,-0.9998,0,0,-0.106,0.0082,1]},
{"frame":22,"values":[0.9998,-0.0128,0.0138,0,-0.0128,-0.9999,0.0033,0,0.0138,-0.0035,-0.9999,0,0,-0.106,0.0082,1]},
{"frame":23,"values":[0.9983,0.0089,0.0582,0,0.0086,-0.9999,0.0057,0,0.0583,-0.0052,-0.9983,0,0,-0.106,0.0082,1]},
{"frame":31,"values":[1,-0.0028,0.0064,0,-0.0032,-0.9972,0.0741,0,0.0062,-0.0741,-0.9972,0,0,-0.106,0.0082,1]},
{"frame":32,"values":[0.9999,0.0003,0.0116,0,-0.0006,-0.9973,0.0737,0,0.0116,-0.0737,-0.9972,0,0,-0.106,0.0082,1]},
{"frame":33,"values":[0.9999,0.0008,0.0151,0,-0.0003,-0.9974,0.0723,0,0.0151,-0.0723,-0.9973,0,0,-0.106,0.0082,1]},
{"frame":34,"values":[0.9998,0.0013,0.0187,0,0,-0.9975,0.0709,0,0.0187,-0.0709,-0.9973,0,0,-0.106,0.0082,1]},
{"frame":35,"values":[0.9998,0.0018,0.0222,0,0.0002,-0.9976,0.0695,0,0.0223,-0.0695,-0.9973,0,0,-0.106,0.0082,1]},
{"frame":36,"values":[0.9997,0.0033,0.0255,0,0.0016,-0.9976,0.0695,0,0.0256,-0.0695,-0.9973,0,0,-0.106,0.0082,1]},
{"frame":37,"values":[0.9996,0.0049,0.0288,0,0.0029,-0.9976,0.0696,0,0.029,-0.0694,-0.9972,0,0,-0.106,0.0082,1]},
{"frame":38,"values":[0.9995,0.0069,0.0318,0,0.0047,-0.9975,0.0704,0,0.0322,-0.0702,-0.997,0,0,-0.106,0.0082,1]},
{"frame":39,"values":[0.9994,0.009,0.0349,0,0.0065,-0.9974,0.0712,0,0.0355,-0.0709,-0.9969,0,0,-0.106,0.0082,1]},
{"frame":40,"values":[0.9993,0.0118,0.0358,0,0.0091,-0.9971,0.075,0,0.0365,-0.0747,-0.9965,0,0,-0.106,0.0082,1]},
{"frame":41,"values":[0.9993,0.0152,0.0344,0,0.0124,-0.9967,0.0804,0,0.0355,-0.0799,-0.9962,0,0,-0.106,0.0082,1]},
{"frame":42,"values":[0.9994,0.0177,0.0308,0,0.0151,-0.9965,0.0824,0,0.0321,-0.0819,-0.9961,0,0,-0.106,0.0082,1]},
{"frame":43,"values":[0.9995,0.0167,0.0263,0,0.0145,-0.9966,0.0808,0,0.0275,-0.0803,-0.9964,0,0,-0.106,0.0082,1]},
{"frame":44,"values":[0.9997,0.0142,0.0215,0,0.0125,-0.9969,0.0782,0,0.0226,-0.0779,-0.9967,0,0,-0.106,0.0082,1]},
{"frame":45,"values":[0.9998,0.0098,0.0158,0,0.0086,-0.9971,0.0762,0,0.0165,-0.0761,-0.997,0,0,-0.106,0.0082,1]},
{"frame":46,"values":[1,0.0046,0.0082,0,0.004,-0.9971,0.0756,0,0.0085,-0.0756,-0.9971,0,0,-0.106,0.0082,1]},
{"frame":47,"values":[1,0.0013,-0.0001,0,0.0013,-0.9972,0.0748,0,0,-0.0748,-0.9972,0,0,-0.106,0.0082,1]},
{"frame":48,"values":[1,0.0006,-0.0072,0,0.0012,-0.9973,0.0741,0,-0.0071,-0.0741,-0.9972,0,0,-0.106,0.0082,1]},
{"frame":49,"values":[0.9999,0.0017,-0.0118,0,0.0026,-0.9973,0.0734,0,-0.0116,-0.0735,-0.9972,0,0,-0.106,0.0082,1]},
{"frame":50,"values":[0.9999,0.0022,-0.0144,0,0.0032,-0.9974,0.0718,0,-0.0142,-0.0719,-0.9973,0,0,-0.106,0.0082,1]},
{"frame":51,"values":[0.9999,0.0031,-0.0167,0,0.0043,-0.9975,0.0702,0,-0.0164,-0.0703,-0.9974,0,0,-0.106,0.0082,1]},
{"frame":52,"values":[0.9998,0.0028,-0.0195,0,0.0042,-0.9976,0.0694,0,-0.0192,-0.0694,-0.9974,0,0,-0.106,0.0082,1]},
{"frame":53,"values":[0.9997,0.0007,-0.0227,0,0.0023,-0.9976,0.0692,0,-0.0226,-0.0693,-0.9974,0,0,-0.106,0.0082,1]},
{"frame":54,"values":[0.9997,-0.0025,-0.0243,0,-0.0007,-0.9974,0.0726,0,-0.0244,-0.0726,-0.9971,0,0,-0.106,0.0082,1]},
{"frame":55,"values":[0.9996,-0.0057,-0.0259,0,-0.0038,-0.9971,0.076,0,-0.0262,-0.0759,-0.9968,0,0,-0.106,0.0082,1]},
{"frame":56,"values":[0.9997,-0.0081,-0.0233,0,-0.0062,-0.9967,0.0809,0,-0.0239,-0.0807,-0.9965,0,0,-0.106,0.0082,1]},
{"frame":57,"values":[0.9997,-0.0117,-0.0192,0,-0.0101,-0.9965,0.0833,0,-0.0201,-0.0831,-0.9963,0,0,-0.106,0.0082,1]},
{"frame":58,"values":[0.9998,-0.0142,-0.0157,0,-0.0129,-0.9965,0.0821,0,-0.0168,-0.0819,-0.9965,0,0,-0.106,0.0082,1]},
{"frame":59,"values":[0.9998,-0.0148,-0.0123,0,-0.0138,-0.9968,0.079,0,-0.0134,-0.0788,-0.9968,0,0,-0.106,0.0082,1]},
{"frame":60,"values":[0.9999,-0.012,-0.0076,0,-0.0114,-0.997,0.0764,0,-0.0085,-0.0763,-0.9971,0,0,-0.106,0.0082,1]},
{"frame":61,"values":[1,-0.0072,-0.001,0,-0.0071,-0.9971,0.0753,0,-0.0015,-0.0753,-0.9972,0,0,-0.106,0.0082,1]},
{"frame":62,"values":[1,-0.0028,0.0064,0,-0.0032,-0.9972,0.0741,0,0.0062,-0.0741,-0.9972,0,0,-0.106,0.0082,1]}]}},
{"name":"mixamorig1:Spine1","index":2,"matrix":[0.999,0.0173,-0.0406,0,-0.0151,0.9984,0.0542,0,0.0415,-0.0536,0.9977,0,0,0.124,0,1],"rest":[1,0,0,0,0,1,0,0,0,0,1,0,0,0.124,0,1],"parentBoneIndex":1,"length":0.1418
,"animation":
{"name":"anim","property":"_matrix","dataType":3,"framePerSecond":30,"loopBehavior":1,"keys":[
{"frame":1,"values":[0.999,0.0173,-0.0406,0,-0.0151,0.9984,0.0542,0,0.0415,-0.0536,0.9977,0,0,0.124,0,1]},
{"frame":2,"values":[0.9983,0.0072,-0.0574,0,-0.0042,0.9986,0.0524,0,0.0577,-0.0521,0.997,0,0,0.124,0,1]},
{"frame":3,"values":[0.9979,-0.0001,-0.0642,0,0.0036,0.9985,0.0549,0,0.0641,-0.0551,0.9964,0,0,0.124,0,1]},
{"frame":4,"values":[0.9979,-0.0084,-0.0638,0,0.0123,0.9981,0.0599,0,0.0632,-0.0605,0.9962,0,0,0.124,0,1]},
{"frame":5,"values":[0.9979,-0.0141,-0.0626,0,0.0173,0.9986,0.0502,0,0.0618,-0.0512,0.9968,0,0,0.124,0,1]},
{"frame":6,"values":[0.9978,-0.0106,-0.0647,0,0.0134,0.999,0.0427,0,0.0642,-0.0434,0.997,0,0,0.124,0,1]},
{"frame":7,"values":[0.9979,-0.0063,-0.0639,0,0.0095,0.9987,0.0506,0,0.0635,-0.0511,0.9967,0,0,0.124,0,1]},
{"frame":8,"values":[0.9984,-0.0096,-0.0563,0,0.0134,0.9977,0.066,0,0.0556,-0.0666,0.9962,0,0,0.124,0,1]},
{"frame":9,"values":[0.9988,-0.0156,-0.046,0,0.0185,0.9977,0.0649,0,0.0449,-0.0656,0.9968,0,0,0.124,0,1]},
{"frame":10,"values":[0.9991,-0.0215,-0.0357,0,0.0237,0.9977,0.0638,0,0.0342,-0.0646,0.9973,0,0,0.124,0,1]},
{"frame":11,"values":[0.9993,-0.0273,-0.0253,0,0.0289,0.9976,0.0628,0,0.0235,-0.0635,0.9977,0,0,0.124,0,1]},
{"frame":12,"values":[0.9997,-0.0214,-0.012,0,0.0221,0.998,0.0592,0,0.0107,-0.0594,0.9982,0,0,0.124,0,1]},
{"frame":13,"values":[1,-0.007,0.0044,0,0.0068,0.9986,0.0523,0,-0.0048,-0.0523,0.9986,0,0,0.124,0,1]},
{"frame":14,"values":[0.9997,0.014,0.0189,0,-0.0149,0.9987,0.0482,0,-0.0182,-0.0485,0.9987,0,0,0.124,0,1]},
{"frame":15,"values":[0.999,0.0307,0.0312,0,-0.0321,0.9985,0.0447,0,-0.0298,-0.0457,0.9985,0,0,0.124,0,1]},
{"frame":16,"values":[0.9985,0.0356,0.0413,0,-0.0374,0.9983,0.0436,0,-0.0396,-0.0451,0.9982,0,0,0.124,0,1]},
{"frame":17,"values":[0.9986,0.0309,0.0421,0,-0.0329,0.9983,0.0478,0,-0.0405,-0.0492,0.998,0,0,0.124,0,1]},
{"frame":18,"values":[0.9992,0.0251,0.0325,0,-0.0267,0.9983,0.0511,0,-0.0312,-0.052,0.9982,0,0,0.124,0,1]},
{"frame":19,"values":[0.9995,0.0264,0.0188,0,-0.0273,0.9983,0.0521,0,-0.0174,-0.0526,0.9985,0,0,0.124,0,1]},
{"frame":20,"values":[0.9994,0.0346,0.0049,0,-0.0348,0.9982,0.049,0,-0.0032,-0.0491,0.9988,0,0,0.124,0,1]},
{"frame":21,"values":[0.9992,0.04,-0.0032,0,-0.0398,0.9979,0.0515,0,0.0052,-0.0513,0.9987,0,0,0.124,0,1]},
{"frame":22,"values":[0.9993,0.0324,-0.0172,0,-0.0314,0.9981,0.0535,0,0.0189,-0.0529,0.9984,0,0,0.124,0,1]},
{"frame":23,"values":[0.999,0.0173,-0.0406,0,-0.0151,0.9984,0.0542,0,0.0415,-0.0536,0.9977,0,0,0.124,0,1]},
{"frame":31,"values":[0.9999,0.0097,-0.0113,0,-0.0096,0.9999,0.0068,0,0.0114,-0.0067,0.9999,0,0,0.124,0,1]},
{"frame":32,"values":[0.9997,0.0046,-0.0231,0,-0.0044,1,0.0075,0,0.0231,-0.0074,0.9997,0,0,0.124,0,1]},
{"frame":33,"values":[0.9995,0.0027,-0.0313,0,-0.0024,0.9999,0.0103,0,0.0313,-0.0102,0.9995,0,0,0.124,0,1]},
{"frame":34,"values":[0.9992,0.0009,-0.0394,0,-0.0004,0.9999,0.0131,0,0.0394,-0.013,0.9991,0,0,0.124,0,1]},
{"frame":35,"values":[0.9989,-0.0008,-0.0476,0,0.0016,0.9999,0.0158,0,0.0476,-0.0159,0.9987,0,0,0.124,0,1]},
{"frame":36,"values":[0.9984,-0.0043,-0.0561,0,0.0052,0.9999,0.0157,0,0.0561,-0.016,0.9983,0,0,0.124,0,1]},
{"frame":37,"values":[0.9979,-0.0077,-0.0646,0,0.0087,0.9998,0.0156,0,0.0645,-0.0162,0.9978,0,0,0.124,0,1]},
{"frame":38,"values":[0.9973,-0.0105,-0.0725,0,0.0116,0.9998,0.0139,0,0.0723,-0.0147,0.9973,0,0,0.124,0,1]},
{"frame":39,"values":[0.9967,-0.0133,-0.0803,0,0.0144,0.9998,0.0122,0,0.0802,-0.0133,0.9967,0,0,0.124,0,1]},
{"frame":40,"values":[0.9964,-0.0174,-0.083,0,0.0178,0.9998,0.0043,0,0.0829,-0.0058,0.9965,0,0,0.124,0,1]},
{"frame":41,"values":[0.9964,-0.0244,-0.0806,0,0.024,0.9997,-0.0065,0,0.0807,0.0045,0.9967,0,0,0.124,0,1]},
{"frame":42,"values":[0.9969,-0.0294,-0.0728,0,0.0287,0.9995,-0.0107,0,0.0731,0.0085,0.9973,0,0,0.124,0,1]},
{"frame":43,"values":[0.9977,-0.028,-0.0617,0,0.0276,0.9996,-0.0072,0,0.0619,0.0055,0.9981,0,0,0.124,0,1]},
{"frame":44,"values":[0.9985,-0.0242,-0.0496,0,0.0242,0.9997,-0.0019,0,0.0496,0.0007,0.9988,0,0,0.124,0,1]},
{"frame":45,"values":[0.9992,-0.0178,-0.0357,0,0.0179,0.9998,0.0022,0,0.0357,-0.0028,0.9994,0,0,0.124,0,1]},
{"frame":46,"values":[0.9998,-0.0108,-0.0189,0,0.0109,0.9999,0.0035,0,0.0188,-0.0037,0.9998,0,0,0.124,0,1]},
{"frame":47,"values":[1,-0.0073,-0.0008,0,0.0073,1,0.0052,0,0.0008,-0.0052,1,0,0,0.124,0,1]},
{"frame":48,"values":[0.9999,-0.0078,0.0143,0,0.0077,0.9999,0.0067,0,-0.0143,-0.0066,0.9999,0,0,0.124,0,1]},
{"frame":49,"values":[0.9997,-0.0099,0.0242,0,0.0097,0.9999,0.0081,0,-0.0242,-0.0078,0.9997,0,0,0.124,0,1]},
{"frame":50,"values":[0.9995,-0.0092,0.0304,0,0.0088,0.9999,0.0113,0,-0.0305,-0.0111,0.9995,0,0,0.124,0,1]},
{"frame":51,"values":[0.9993,-0.008,0.036,0,0.0074,0.9999,0.0146,0,-0.0362,-0.0143,0.9992,0,0,0.124,0,1]},
{"frame":52,"values":[0.999,-0.0054,0.0435,0,0.0047,0.9999,0.0163,0,-0.0436,-0.0161,0.9989,0,0,0.124,0,1]},
{"frame":53,"values":[0.9986,-0.002,0.0522,0,0.0011,0.9999,0.0165,0,-0.0522,-0.0164,0.9985,0,0,0.124,0,1]},
{"frame":54,"values":[0.9984,0.0021,0.0569,0,-0.0026,1,0.0096,0,-0.0569,-0.0097,0.9983,0,0,0.124,0,1]},
{"frame":55,"values":[0.9981,0.0061,0.0616,0,-0.0063,1,0.0027,0,-0.0616,-0.0031,0.9981,0,0,0.124,0,1]},
{"frame":56,"values":[0.9983,0.0123,0.0576,0,-0.0119,0.9999,-0.0072,0,-0.0577,0.0065,0.9983,0,0,0.124,0,1]},
{"frame":57,"values":[0.9985,0.021,0.0497,0,-0.0205,0.9997,-0.0121,0,-0.05,0.0111,0.9987,0,0,0.124,0,1]},
{"frame":58,"values":[0.9988,0.0254,0.0409,0,-0.025,0.9996,-0.0097,0,-0.0411,0.0087,0.9991,0,0,0.124,0,1]},
{"frame":59,"values":[0.9992,0.0258,0.0317,0,-0.0257,0.9997,-0.0034,0,-0.0317,0.0026,0.9995,0,0,0.124,0,1]},
{"frame":60,"values":[0.9996,0.0217,0.02,0,-0.0218,0.9998,0.002,0,-0.02,-0.0024,0.9998,0,0,0.124,0,1]},
{"frame":61,"values":[0.9999,0.0155,0.0053,0,-0.0155,0.9999,0.0043,0,-0.0052,-0.0044,1,0,0,0.124,0,1]},
{"frame":62,"values":[0.9999,0.0097,-0.0113,0,-0.0096,0.9999,0.0068,0,0.0114,-0.0067,0.9999,0,0,0.124,0,1]}]}},
{"name":"mixamorig1:Spine2","index":3,"matrix":[0.999,0.0188,-0.041,0,-0.0166,0.9985,0.053,0,0.042,-0.0523,0.9978,0,0,0.1418,0,1],"rest":[1,0,0,0,0,1,0,0,0,0,1,0,0,0.1418,0,1],"parentBoneIndex":2,"length":0.159
,"animation":
{"name":"anim","property":"_matrix","dataType":3,"framePerSecond":30,"loopBehavior":1,"keys":[
{"frame":1,"values":[0.999,0.0188,-0.041,0,-0.0166,0.9985,0.053,0,0.042,-0.0523,0.9978,0,0,0.1418,0,1]},
{"frame":2,"values":[0.9983,0.009,-0.0582,0,-0.006,0.9987,0.0512,0,0.0586,-0.0508,0.997,0,0,0.1418,0,1]},
{"frame":3,"values":[0.9979,0.0021,-0.0653,0,0.0014,0.9986,0.0537,0,0.0653,-0.0537,0.9964,0,0,0.1418,0,1]},
{"frame":4,"values":[0.9979,-0.0061,-0.065,0,0.0099,0.9982,0.0588,0,0.0645,-0.0593,0.9961,0,0,0.1418,0,1]},
{"frame":5,"values":[0.9979,-0.0123,-0.0636,0,0.0154,0.9987,0.0493,0,0.0629,-0.0502,0.9968,0,0,0.1418,0,1]},
{"frame":6,"values":[0.9978,-0.0096,-0.0657,0,0.0124,0.9991,0.0416,0,0.0652,-0.0424,0.997,0,0,0.1418,0,1]},
{"frame":7,"values":[0.9979,-0.0055,-0.065,0,0.0087,0.9987,0.0496,0,0.0647,-0.0501,0.9966,0,0,0.1418,0,1]},
{"frame":8,"values":[0.9983,-0.0085,-0.0575,0,0.0122,0.9978,0.0653,0,0.0568,-0.0658,0.9962,0,0,0.1418,0,1]},
{"frame":9,"values":[0.9988,-0.0146,-0.0473,0,0.0177,0.9978,0.0642,0,0.0463,-0.0649,0.9968,0,0,0.1418,0,1]},
{"frame":10,"values":[0.9991,-0.0208,-0.0372,0,0.0231,0.9977,0.0631,0,0.0358,-0.064,0.9973,0,0,0.1418,0,1]},
{"frame":11,"values":[0.9993,-0.027,-0.027,0,0.0286,0.9977,0.0622,0,0.0252,-0.0629,0.9977,0,0,0.1418,0,1]},
{"frame":12,"values":[0.9997,-0.0215,-0.0134,0,0.0222,0.998,0.0586,0,0.0121,-0.0589,0.9982,0,0,0.1418,0,1]},
{"frame":13,"values":[1,-0.0075,0.0033,0,0.0073,0.9986,0.0519,0,-0.0037,-0.0519,0.9986,0,0,0.1418,0,1]},
{"frame":14,"values":[0.9997,0.0134,0.018,0,-0.0142,0.9987,0.048,0,-0.0173,-0.0482,0.9987,0,0,0.1418,0,1]},
{"frame":15,"values":[0.9991,0.0299,0.0302,0,-0.0312,0.9985,0.0446,0,-0.0289,-0.0455,0.9985,0,0,0.1418,0,1]},
{"frame":16,"values":[0.9986,0.0352,0.0403,0,-0.0369,0.9984,0.0434,0,-0.0387,-0.0448,0.9982,0,0,0.1418,0,1]},
{"frame":17,"values":[0.9987,0.0307,0.0413,0,-0.0326,0.9983,0.0473,0,-0.0397,-0.0486,0.998,0,0,0.1418,0,1]},
{"frame":18,"values":[0.9992,0.0247,0.0316,0,-0.0263,0.9984,0.0505,0,-0.0303,-0.0513,0.9982,0,0,0.1418,0,1]},
{"frame":19,"values":[0.9995,0.0261,0.0179,0,-0.027,0.9983,0.0513,0,-0.0165,-0.0518,0.9985,0,0,0.1418,0,1]},
{"frame":20,"values":[0.9994,0.0346,0.0042,0,-0.0348,0.9982,0.048,0,-0.0025,-0.0481,0.9988,0,0,0.1418,0,1]},
{"frame":21,"values":[0.9992,0.0408,-0.0039,0,-0.0405,0.9979,0.0502,0,0.0059,-0.05,0.9987,0,0,0.1418,0,1]},
{"frame":22,"values":[0.9993,0.0336,-0.0177,0,-0.0326,0.9981,0.052,0,0.0195,-0.0514,0.9985,0,0,0.1418,0,1]},
{"frame":23,"values":[0.999,0.0188,-0.041,0,-0.0166,0.9985,0.053,0,0.042,-0.0523,0.9978,0,0,0.1418,0,1]},
{"frame":31,"values":[0.9999,0.0097,-0.0113,0,-0.0096,0.9999,0.0068,0,0.0114,-0.0067,0.9999,0,0,0.1418,0,1]},
{"frame":32,"values":[0.9997,0.0046,-0.0231,0,-0.0044,1,0.0075,0,0.0231,-0.0074,0.9997,0,0,0.1418,0,1]},
{"frame":33,"values":[0.9995,0.0027,-0.0313,0,-0.0024,0.9999,0.0103,0,0.0313,-0.0102,0.9995,0,0,0.1418,0,1]},
{"frame":34,"values":[0.9992,0.0009,-0.0394,0,-0.0004,0.9999,0.0131,0,0.0394,-0.013,0.9991,0,0,0.1418,0,1]},
{"frame":35,"values":[0.9989,-0.0008,-0.0476,0,0.0016,0.9999,0.0158,0,0.0476,-0.0159,0.9987,0,0,0.1418,0,1]},
{"frame":36,"values":[0.9984,-0.0043,-0.0561,0,0.0052,0.9999,0.0157,0,0.0561,-0.016,0.9983,0,0,0.1418,0,1]},
{"frame":37,"values":[0.9979,-0.0077,-0.0646,0,0.0087,0.9998,0.0156,0,0.0645,-0.0162,0.9978,0,0,0.1418,0,1]},
{"frame":38,"values":[0.9973,-0.0105,-0.0725,0,0.0116,0.9998,0.0139,0,0.0723,-0.0147,0.9973,0,0,0.1418,0,1]},
{"frame":39,"values":[0.9967,-0.0133,-0.0803,0,0.0144,0.9998,0.0122,0,0.0802,-0.0133,0.9967,0,0,0.1418,0,1]},
{"frame":40,"values":[0.9964,-0.0174,-0.083,0,0.0178,0.9998,0.0043,0,0.0829,-0.0058,0.9965,0,0,0.1418,0,1]},
{"frame":41,"values":[0.9964,-0.0244,-0.0806,0,0.024,0.9997,-0.0065,0,0.0807,0.0045,0.9967,0,0,0.1418,0,1]},
{"frame":42,"values":[0.9969,-0.0294,-0.0728,0,0.0287,0.9995,-0.0107,0,0.0731,0.0085,0.9973,0,0,0.1418,0,1]},
{"frame":43,"values":[0.9977,-0.028,-0.0617,0,0.0276,0.9996,-0.0072,0,0.0619,0.0055,0.9981,0,0,0.1418,0,1]},
{"frame":44,"values":[0.9985,-0.0242,-0.0496,0,0.0242,0.9997,-0.0019,0,0.0496,0.0007,0.9988,0,0,0.1418,0,1]},
{"frame":45,"values":[0.9992,-0.0178,-0.0357,0,0.0179,0.9998,0.0022,0,0.0357,-0.0028,0.9994,0,0,0.1418,0,1]},
{"frame":46,"values":[0.9998,-0.0108,-0.0189,0,0.0109,0.9999,0.0035,0,0.0188,-0.0037,0.9998,0,0,0.1418,0,1]},
{"frame":47,"values":[1,-0.0073,-0.0008,0,0.0073,1,0.0052,0,0.0008,-0.0052,1,0,0,0.1418,0,1]},
{"frame":48,"values":[0.9999,-0.0078,0.0143,0,0.0077,0.9999,0.0067,0,-0.0143,-0.0066,0.9999,0,0,0.1418,0,1]},
{"frame":49,"values":[0.9997,-0.0099,0.0242,0,0.0097,0.9999,0.0081,0,-0.0242,-0.0078,0.9997,0,0,0.1418,0,1]},
{"frame":50,"values":[0.9995,-0.0092,0.0304,0,0.0088,0.9999,0.0113,0,-0.0305,-0.0111,0.9995,0,0,0.1418,0,1]},
{"frame":51,"values":[0.9993,-0.008,0.036,0,0.0074,0.9999,0.0146,0,-0.0362,-0.0143,0.9992,0,0,0.1418,0,1]},
{"frame":52,"values":[0.999,-0.0054,0.0435,0,0.0047,0.9999,0.0163,0,-0.0436,-0.0161,0.9989,0,0,0.1418,0,1]},
{"frame":53,"values":[0.9986,-0.002,0.0522,0,0.0011,0.9999,0.0165,0,-0.0522,-0.0164,0.9985,0,0,0.1418,0,1]},
{"frame":54,"values":[0.9984,0.0021,0.0569,0,-0.0026,1,0.0096,0,-0.0569,-0.0097,0.9983,0,0,0.1418,0,1]},
{"frame":55,"values":[0.9981,0.0061,0.0616,0,-0.0063,1,0.0027,0,-0.0616,-0.0031,0.9981,0,0,0.1418,0,1]},
{"frame":56,"values":[0.9983,0.0123,0.0576,0,-0.0119,0.9999,-0.0072,0,-0.0577,0.0065,0.9983,0,0,0.1418,0,1]},
{"frame":57,"values":[0.9985,0.021,0.0497,0,-0.0205,0.9997,-0.0121,0,-0.05,0.0111,0.9987,0,0,0.1418,0,1]},
{"frame":58,"values":[0.9988,0.0254,0.0409,0,-0.025,0.9996,-0.0097,0,-0.0411,0.0087,0.9991,0,0,0.1418,0,1]},
{"frame":59,"values":[0.9992,0.0258,0.0317,0,-0.0257,0.9997,-0.0034,0,-0.0317,0.0026,0.9995,0,0,0.1418,0,1]},
{"frame":60,"values":[0.9996,0.0217,0.02,0,-0.0218,0.9998,0.002,0,-0.02,-0.0024,0.9998,0,0,0.1418,0,1]},
{"frame":61,"values":[0.9999,0.0155,0.0053,0,-0.0155,0.9999,0.0043,0,-0.0052,-0.0044,1,0,0,0.1418,0,1]},
{"frame":62,"values":[0.9999,0.0097,-0.0113,0,-0.0096,0.9999,0.0068,0,0.0114,-0.0067,0.9999,0,0,0.1418,0,1]}]}},
{"name":"mixamorig1:Neck","index":4,"matrix":[0.9997,0.0237,0.0033,0,-0.0235,0.9987,-0.0459,0,-0.0044,0.0458,0.9989,0,0,0.1595,0,1],"rest":[1,0,0,0,0,0.997,0.0774,0,0,-0.0774,0.997,0,0,0.1595,0,1],"parentBoneIndex":3,"length":0.075
,"animation":
{"name":"anim","property":"_matrix","dataType":3,"framePerSecond":30,"loopBehavior":1,"keys":[
{"frame":1,"values":[0.9997,0.0237,0.0033,0,-0.0235,0.9987,-0.0459,0,-0.0044,0.0458,0.9989,0,0,0.1595,0,1]},
{"frame":2,"values":[0.9997,0.0204,0.0122,0,-0.02,0.9993,-0.0316,0,-0.0128,0.0313,0.9994,0,0,0.1595,0,1]},
{"frame":3,"values":[0.9997,0.0155,0.0197,0,-0.0152,0.9997,-0.0197,0,-0.02,0.0193,0.9996,0,0,0.1595,0,1]},
{"frame":4,"values":[0.9997,0.0027,0.0256,0,-0.0027,1,-0.002,0,-0.0257,0.0019,0.9997,0,0,0.1595,0,1]},
{"frame":5,"values":[0.9996,-0.0036,0.0277,0,0.0034,1,0.0053,0,-0.0277,-0.0052,0.9996,0,0,0.1595,0,1]},
{"frame":6,"values":[0.9996,0.0017,0.0297,0,-0.0017,1,0.001,0,-0.0297,-0.001,0.9996,0,0,0.1595,0,1]},
{"frame":7,"values":[0.9995,0.0081,0.0291,0,-0.0083,0.9999,0.007,0,-0.029,-0.0073,0.9996,0,0,0.1595,0,1]},
{"frame":8,"values":[0.9996,0.0133,0.0248,0,-0.014,0.9995,0.0278,0,-0.0244,-0.0281,0.9993,0,0,0.1595,0,1]},
{"frame":9,"values":[0.9993,0.0277,0.0264,0,-0.0282,0.9994,0.0202,0,-0.0258,-0.021,0.9994,0,0,0.1595,0,1]},
{"frame":10,"values":[0.9987,0.0421,0.0278,0,-0.0424,0.999,0.0127,0,-0.0273,-0.0138,0.9995,0,0,0.1595,0,1]},
{"frame":11,"values":[0.998,0.0564,0.0292,0,-0.0566,0.9984,0.0051,0,-0.0289,-0.0067,0.9996,0,0,0.1595,0,1]},
{"frame":12,"values":[0.9981,0.0563,0.0243,0,-0.0563,0.9984,0.002,0,-0.0241,-0.0033,0.9997,0,0,0.1595,0,1]},
{"frame":13,"values":[0.9983,0.0569,0.0161,0,-0.057,0.9984,0.0051,0,-0.0158,-0.006,0.9999,0,0,0.1595,0,1]},
{"frame":14,"values":[0.9984,0.0551,0.008,0,-0.0552,0.9984,0.0094,0,-0.0074,-0.0099,0.9999,0,0,0.1595,0,1]},
{"frame":15,"values":[0.9982,0.0607,0.0024,0,-0.0607,0.9982,0.0008,0,-0.0024,-0.0009,1,0,0,0.1595,0,1]},
{"frame":16,"values":[0.9971,0.0763,0.0013,0,-0.0763,0.9969,-0.0184,0,-0.0027,0.0183,0.9998,0,0,0.1595,0,1]},
{"frame":17,"values":[0.9965,0.0841,0.0035,0,-0.084,0.9961,-0.0252,0,-0.0056,0.0248,0.9997,0,0,0.1595,0,1]},
{"frame":18,"values":[0.9974,0.0716,0.0016,0,-0.0716,0.9972,-0.0198,0,-0.003,0.0196,0.9998,0,0,0.1595,0,1]},
{"frame":19,"values":[0.9988,0.0489,-0.003,0,-0.049,0.9986,-0.0207,0,0.002,0.0208,0.9998,0,0,0.1595,0,1]},
{"frame":20,"values":[0.9994,0.0336,-0.0044,0,-0.0337,0.9986,-0.0405,0,0.0031,0.0406,0.9992,0,0,0.1595,0,1]},
{"frame":21,"values":[0.9996,0.0294,-0.0059,0,-0.0297,0.9977,-0.0611,0,0.0041,0.0612,0.9981,0,0,0.1595,0,1]},
{"frame":22,"values":[0.9996,0.0275,-0.0046,0,-0.0277,0.9978,-0.0608,0,0.0029,0.0609,0.9981,0,0,0.1595,0,1]},
{"frame":23,"values":[0.9997,0.0237,0.0033,0,-0.0235,0.9987,-0.0459,0,-0.0044,0.0458,0.9989,0,0,0.1595,0,1]},
{"frame":31,"values":[1,-0.0072,0.0021,0,0.007,0.997,0.0775,0,-0.0027,-0.0774,0.997,0,0,0.1595,0,1]},
{"frame":32,"values":[1,-0.003,0.0034,0,0.0027,0.9967,0.0806,0,-0.0036,-0.0806,0.9967,0,0,0.1595,0,1]},
{"frame":33,"values":[1,0.0017,0.0049,0,-0.0021,0.9965,0.0835,0,-0.0047,-0.0835,0.9965,0,0,0.1595,0,1]},
{"frame":34,"values":[1,0.0064,0.0064,0,-0.0069,0.9962,0.0864,0,-0.0058,-0.0865,0.9962,0,0,0.1595,0,1]},
{"frame":35,"values":[0.9999,0.0111,0.008,0,-0.0117,0.9959,0.0893,0,-0.0069,-0.0894,0.996,0,0,0.1595,0,1]},
{"frame":36,"values":[0.9998,0.0171,0.0103,0,-0.0179,0.9957,0.0907,0,-0.0087,-0.0909,0.9958,0,0,0.1595,0,1]},
{"frame":37,"values":[0.9997,0.0231,0.0127,0,-0.0242,0.9955,0.0922,0,-0.0105,-0.0924,0.9957,0,0,0.1595,0,1]},
{"frame":38,"values":[0.9996,0.0253,0.0138,0,-0.0264,0.9959,0.086,0,-0.0115,-0.0863,0.9962,0,0,0.1595,0,1]},
{"frame":39,"values":[0.9995,0.0276,0.0148,0,-0.0287,0.9964,0.0798,0,-0.0126,-0.0801,0.9967,0,0,0.1595,0,1]},
{"frame":40,"values":[0.9996,0.0256,0.0139,0,-0.0266,0.9964,0.0801,0,-0.0118,-0.0804,0.9967,0,0,0.1595,0,1]},
{"frame":41,"values":[0.9996,0.0254,0.013,0,-0.0264,0.9961,0.0847,0,-0.0108,-0.085,0.9963,0,0,0.1595,0,1]},
{"frame":42,"values":[0.9997,0.0229,0.0111,0,-0.0237,0.9962,0.0836,0,-0.0091,-0.0838,0.9964,0,0,0.1595,0,1]},
{"frame":43,"values":[0.9998,0.0156,0.0076,0,-0.0162,0.9965,0.0825,0,-0.0062,-0.0826,0.9966,0,0,0.1595,0,1]},
{"frame":44,"values":[0.9999,0.0111,0.0049,0,-0.0115,0.9963,0.0852,0,-0.004,-0.0852,0.9964,0,0,0.1595,0,1]},
{"frame":45,"values":[1,0.0073,0.0025,0,-0.0074,0.996,0.0886,0,-0.0018,-0.0886,0.9961,0,0,0.1595,0,1]},
{"frame":46,"values":[1,0.0039,0.0002,0,-0.0039,0.9955,0.0947,0,0.0001,-0.0947,0.9955,0,0,0.1595,0,1]},
{"frame":47,"values":[1,0.0026,-0.0013,0,-0.0025,0.9954,0.0963,0,0.0016,-0.0962,0.9954,0,0,0.1595,0,1]},
{"frame":48,"values":[1,0.0023,-0.0025,0,-0.0021,0.9954,0.096,0,0.0027,-0.096,0.9954,0,0,0.1595,0,1]},
{"frame":49,"values":[1,0.0016,-0.0034,0,-0.0012,0.9953,0.0967,0,0.0035,-0.0967,0.9953,0,0,0.1595,0,1]},
{"frame":50,"values":[1,-0.0031,-0.0051,0,0.0036,0.9954,0.0953,0,0.0048,-0.0953,0.9954,0,0,0.1595,0,1]},
{"frame":51,"values":[1,-0.0064,-0.0061,0,0.007,0.9955,0.0947,0,0.0055,-0.0948,0.9955,0,0,0.1595,0,1]},
{"frame":52,"values":[0.9999,-0.0105,-0.0072,0,0.0111,0.9957,0.092,0,0.0062,-0.092,0.9957,0,0,0.1595,0,1]},
{"frame":53,"values":[0.9999,-0.0151,-0.0085,0,0.0157,0.9963,0.0849,0,0.0072,-0.085,0.9964,0,0,0.1595,0,1]},
{"frame":54,"values":[0.9998,-0.0162,-0.0087,0,0.0169,0.9965,0.0815,0,0.0073,-0.0816,0.9966,0,0,0.1595,0,1]},
{"frame":55,"values":[0.9998,-0.0173,-0.0088,0,0.018,0.9968,0.078,0,0.0075,-0.0781,0.9969,0,0,0.1595,0,1]},
{"frame":56,"values":[0.9999,-0.0147,-0.0074,0,0.0153,0.9969,0.077,0,0.0063,-0.0771,0.997,0,0,0.1595,0,1]},
{"frame":57,"values":[0.9999,-0.014,-0.0062,0,0.0145,0.9972,0.0739,0,0.0052,-0.074,0.9972,0,0,0.1595,0,1]},
{"frame":58,"values":[0.9999,-0.0094,-0.0037,0,0.0097,0.9976,0.0683,0,0.003,-0.0683,0.9977,0,0,0.1595,0,1]},
{"frame":59,"values":[1,-0.0063,-0.0016,0,0.0064,0.9978,0.0653,0,0.0012,-0.0653,0.9979,0,0,0.1595,0,1]},
{"frame":60,"values":[1,-0.0038,0.0004,0,0.0038,0.9977,0.0676,0,-0.0006,-0.0676,0.9977,0,0,0.1595,0,1]},
{"frame":61,"values":[1,-0.0035,0.0018,0,0.0033,0.9973,0.0737,0,-0.002,-0.0736,0.9973,0,0,0.1595,0,1]},
{"frame":62,"values":[1,-0.0072,0.0021,0,0.007,0.997,0.0774,0,-0.0027,-0.0774,0.997,0,0,0.1595,0,1]}]}},
{"name":"mixamorig1:Head","index":5,"matrix":[0.9997,0.025,-0.0003,0,-0.0248,0.9921,-0.1232,0,-0.0027,0.1232,0.9924,0,0,0.0711,0.0237,1],"rest":[1,0,0,0,0,1,0,0,0,0,1,0,0,0.0712,0.0237,1],"parentBoneIndex":4,"length":0.2376
,"animation":
{"name":"anim","property":"_matrix","dataType":3,"framePerSecond":30,"loopBehavior":1,"keys":[
{"frame":1,"values":[0.9997,0.025,-0.0003,0,-0.0248,0.9921,-0.1232,0,-0.0027,0.1232,0.9924,0,0,0.0711,0.0237,1]},
{"frame":2,"values":[0.9997,0.0224,0.0087,0,-0.0213,0.9938,-0.109,0,-0.0111,0.1088,0.994,0,0,0.0711,0.0237,1]},
{"frame":3,"values":[0.9997,0.0181,0.0166,0,-0.0164,0.9951,-0.0971,0,-0.0183,0.0968,0.9951,0,0,0.0712,0.0237,1]},
{"frame":4,"values":[0.9997,0.0058,0.0236,0,-0.0039,0.9968,-0.0795,0,-0.024,0.0794,0.9966,0,0,0.0711,0.0237,1]},
{"frame":5,"values":[0.9997,-0.0003,0.0261,0,0.0022,0.9974,-0.0723,0,-0.026,0.0723,0.997,0,0,0.0711,0.0237,1]},
{"frame":6,"values":[0.9996,0.0051,0.0277,0,-0.0029,0.9971,-0.0766,0,-0.028,0.0765,0.9967,0,0,0.0712,0.0237,1]},
{"frame":7,"values":[0.9996,0.0114,0.0266,0,-0.0095,0.9975,-0.0706,0,-0.0273,0.0703,0.9972,0,0,0.0711,0.0237,1]},
{"frame":8,"values":[0.9996,0.0164,0.0219,0,-0.0153,0.9986,-0.0498,0,-0.0227,0.0495,0.9985,0,0,0.0711,0.0237,1]},
{"frame":9,"values":[0.9993,0.0308,0.0224,0,-0.0295,0.9979,-0.0574,0,-0.0241,0.0567,0.9981,0,0,0.0711,0.0237,1]},
{"frame":10,"values":[0.9987,0.0452,0.0227,0,-0.0437,0.9969,-0.0649,0,-0.0256,0.0638,0.9976,0,0,0.0711,0.0237,1]},
{"frame":11,"values":[0.998,0.0596,0.023,0,-0.0578,0.9957,-0.0724,0,-0.0272,0.0709,0.9971,0,0,0.0711,0.0237,1]},
{"frame":12,"values":[0.9981,0.0591,0.0181,0,-0.0576,0.9955,-0.0755,0,-0.0225,0.0743,0.997,0,0,0.0711,0.0237,1]},
{"frame":13,"values":[0.9982,0.0591,0.0098,0,-0.0582,0.9957,-0.0724,0,-0.0141,0.0717,0.9973,0,0,0.0711,0.0237,1]},
{"frame":14,"values":[0.9984,0.0567,0.0019,0,-0.0564,0.9961,-0.068,0,-0.0057,0.0678,0.9977,0,0,0.0711,0.0237,1]},
{"frame":15,"values":[0.9981,0.0618,-0.0041,0,-0.0619,0.9951,-0.0767,0,-0.0007,0.0768,0.997,0,0,0.0711,0.0237,1]},
{"frame":16,"values":[0.997,0.0773,-0.0064,0,-0.0775,0.9924,-0.0957,0,-0.001,0.0959,0.9954,0,0,0.0711,0.0237,1]},
{"frame":17,"values":[0.9964,0.0852,-0.0049,0,-0.0853,0.9911,-0.1024,0,-0.0039,0.1024,0.9947,0,0,0.0711,0.0237,1]},
{"frame":18,"values":[0.9973,0.0726,-0.0058,0,-0.0728,0.9926,-0.0971,0,-0.0013,0.0972,0.9953,0,0,0.0712,0.0237,1]},
{"frame":19,"values":[0.9987,0.0496,-0.0086,0,-0.0502,0.9939,-0.098,0,0.0036,0.0983,0.9951,0,0,0.0712,0.0237,1]},
{"frame":20,"values":[0.9994,0.0342,-0.0089,0,-0.035,0.9924,-0.1178,0,0.0048,0.118,0.993,0,0,0.0711,0.0237,1]},
{"frame":21,"values":[0.9995,0.0298,-0.01,0,-0.0309,0.9899,-0.1382,0,0.0058,0.1385,0.9903,0,0,0.0711,0.0237,1]},
{"frame":22,"values":[0.9996,0.028,-0.0085,0,-0.0289,0.99,-0.138,0,0.0046,0.1381,0.9904,0,0,0.0711,0.0237,1]},
{"frame":23,"values":[0.9997,0.025,-0.0003,0,-0.0248,0.9921,-0.1232,0,-0.0027,0.1232,0.9924,0,0,0.0712,0.0237,1]},
{"frame":31,"values":[1,-0.007,0.0027,0,0.007,1,0,0,-0.0027,0,1,0,0,0.0711,0.0237,1]},
{"frame":32,"values":[1,-0.0027,0.0036,0,0.0027,1,0.0032,0,-0.0036,-0.0031,1,0,0,0.0712,0.0237,1]},
{"frame":33,"values":[1,0.0021,0.0047,0,-0.0021,1,0.0061,0,-0.0047,-0.0061,1,0,0,0.0711,0.0237,1]},
{"frame":34,"values":[1,0.0069,0.0059,0,-0.0069,0.9999,0.009,0,-0.0058,-0.009,0.9999,0,0,0.0711,0.0237,1]},
{"frame":35,"values":[0.9999,0.0117,0.0071,0,-0.0117,0.9999,0.0119,0,-0.0069,-0.012,0.9999,0,0,0.0711,0.0237,1]},
{"frame":36,"values":[0.9998,0.0178,0.009,0,-0.0179,0.9997,0.0134,0,-0.0087,-0.0135,0.9999,0,0,0.0711,0.0237,1]},
{"frame":37,"values":[0.9997,0.024,0.0109,0,-0.0242,0.9996,0.0148,0,-0.0105,-0.0151,0.9998,0,0,0.0711,0.0237,1]},
{"frame":38,"values":[0.9996,0.0263,0.0118,0,-0.0264,0.9996,0.0086,0,-0.0115,-0.0089,0.9999,0,0,0.0711,0.0237,1]},
{"frame":39,"values":[0.9995,0.0287,0.0126,0,-0.0287,0.9996,0.0024,0,-0.0126,-0.0027,0.9999,0,0,0.0712,0.0237,1]},
{"frame":40,"values":[0.9996,0.0266,0.0119,0,-0.0266,0.9996,0.0027,0,-0.0118,-0.003,0.9999,0,0,0.0711,0.0237,1]},
{"frame":41,"values":[0.9996,0.0263,0.011,0,-0.0264,0.9996,0.0073,0,-0.0108,-0.0076,0.9999,0,0,0.0711,0.0237,1]},
{"frame":42,"values":[0.9997,0.0237,0.0093,0,-0.0237,0.9997,0.0062,0,-0.0091,-0.0064,0.9999,0,0,0.0711,0.0237,1]},
{"frame":43,"values":[0.9998,0.0161,0.0063,0,-0.0162,0.9999,0.0051,0,-0.0062,-0.0052,1,0,0,0.0712,0.0237,1]},
{"frame":44,"values":[0.9999,0.0114,0.004,0,-0.0115,0.9999,0.0077,0,-0.004,-0.0078,1,0,0,0.0712,0.0237,1]},
{"frame":45,"values":[1,0.0074,0.0019,0,-0.0074,0.9999,0.0112,0,-0.0018,-0.0112,0.9999,0,0,0.0711,0.0237,1]},
{"frame":46,"values":[1,0.0039,-0.0001,0,-0.0039,0.9998,0.0173,0,0.0001,-0.0173,0.9999,0,0,0.0711,0.0237,1]},
{"frame":47,"values":[1,0.0025,-0.0015,0,-0.0025,0.9998,0.0189,0,0.0016,-0.0189,0.9998,0,0,0.0712,0.0237,1]},
{"frame":48,"values":[1,0.0021,-0.0026,0,-0.0021,0.9998,0.0186,0,0.0027,-0.0186,0.9998,0,0,0.0711,0.0237,1]},
{"frame":49,"values":[1,0.0013,-0.0035,0,-0.0012,0.9998,0.0193,0,0.0035,-0.0193,0.9998,0,0,0.0711,0.0237,1]},
{"frame":50,"values":[1,-0.0035,-0.0049,0,0.0036,0.9998,0.0179,0,0.0048,-0.0179,0.9998,0,0,0.0711,0.0237,1]},
{"frame":51,"values":[1,-0.0069,-0.0056,0,0.007,0.9998,0.0174,0,0.0055,-0.0174,0.9998,0,0,0.0711,0.0237,1]},
{"frame":52,"values":[0.9999,-0.011,-0.0064,0,0.0111,0.9998,0.0146,0,0.0062,-0.0147,0.9999,0,0,0.0712,0.0237,1]},
{"frame":53,"values":[0.9999,-0.0157,-0.0073,0,0.0157,0.9998,0.0075,0,0.0072,-0.0076,0.9999,0,0,0.0711,0.0237,1]},
{"frame":54,"values":[0.9998,-0.0168,-0.0074,0,0.0169,0.9998,0.004,0,0.0073,-0.0042,1,0,0,0.0712,0.0237,1]},
{"frame":55,"values":[0.9998,-0.018,-0.0075,0,0.018,0.9998,0.0006,0,0.0075,-0.0007,1,0,0,0.0711,0.0237,1]},
{"frame":56,"values":[0.9999,-0.0153,-0.0063,0,0.0153,0.9999,-0.0004,0,0.0063,0.0003,1,0,0,0.0711,0.0237,1]},
{"frame":57,"values":[0.9999,-0.0145,-0.0051,0,0.0145,0.9999,-0.0036,0,0.0052,0.0035,1,0,0,0.0712,0.0237,1]},
{"frame":58,"values":[0.9999,-0.0097,-0.003,0,0.0097,0.9999,-0.0092,0,0.003,0.0092,1,0,0,0.0711,0.0237,1]},
{"frame":59,"values":[1,-0.0064,-0.0011,0,0.0064,0.9999,-0.0121,0,0.0012,0.0121,0.9999,0,0,0.0711,0.0237,1]},
{"frame":60,"values":[1,-0.0038,0.0007,0,0.0038,0.9999,-0.0098,0,-0.0006,0.0098,1,0,0,0.0711,0.0237,1]},
{"frame":61,"values":[1,-0.0033,0.002,0,0.0033,1,-0.0038,0,-0.002,0.0038,1,0,0,0.0712,0.0237,1]},
