{"producer":{"name":"Blender","version":"2.76 (sub 0)","exporter_version":"5.0.6","file":"PlayerBody.babylon"},
"autoClear":true,"clearColor":[0.0509,0.0509,0.0509],"ambientColor":[0,0,0],"gravity":[0,-9.81,0],
"materials":[{"name":"PlayerBody.Material","id":"PlayerBody.Material","ambient":[0.8,0.5885,0.3107],"diffuse":[0.64,0.4708,0.2485],"specular":[0,0,0],"emissive":[0,0,0],"specularPower":50,"alpha":1,"backFaceCulling":true,"checkReadyOnlyOnce":false,"maxSimultaneousLights":4}],
"multiMaterials":[],
"skeletons":[{"name":"Skeleton","id":0,"dimensionsAtRest":[2.7556,8.8251,0.7678],"bones":[
{"name":"pelvis","index":0,"matrix":[1,0,0,0,0,1,0,0,0,0,-1,0,0,4,-0.1425,1],"rest":[1,0,0,0,0,1,0,0,0,0,-1,0,0,4,-0.1425,1],"parentBoneIndex":-1,"length":0.4668
,"animation":{"dataType":3,"framePerSecond":60,"keys":[
{"frame":0,"values":[1,0,0,0,0,1,0,0,0,0,-1,0,0,4,-0.1425,1]},
{"frame":41,"values":[1,0,0,0,0,1,0,0,0,0,-1,0,0,4,-0.1425,1]},
{"frame":50,"values":[1,0,0,0,0,1,0,0,0,0,-1,0,0,4,-0.1425,1]},
{"frame":70,"values":[1,0,0,0,0,1,0,0,0,0,-1,0,0,4,-0.1425,1]},
{"frame":80,"values":[1,0,0,0,0,1,0,0,0,0,-1,0,0,4,-0.1425,1]},
{"frame":121,"values":[1,0,0,0,0,1,0,0,0,0,-1,0,0,4,-0.1425,1]}],"loopBehavior":1,"name":"anim","property":"_matrix"}},
{"name":"stomach","index":1,"matrix":[1,0,0,0,0,1,0,0,0,0,1,0,0,0.4668,0,1],"rest":[1,0,0,0,0,1,0,0,0,0,1,0,0,0.4668,0,1],"parentBoneIndex":0,"length":1.1733
,"animation":{"dataType":3,"framePerSecond":60,"keys":[
{"frame":0,"values":[1,0,0,0,0,1,0,0,0,0,1,0,0,0.4668,0,1]},
{"frame":41,"values":[1,0,0,0,0,1,0,0,0,0,1,0,0,0.4668,0,1]},
{"frame":50,"values":[1,0,0,0,0,1,0,0,0,0,1,0,0,0.4668,0,1]},
{"frame":70,"values":[1,0,0,0,0,1,0,0,0,0,1,0,0,0.4668,0,1]},
{"frame":80,"values":[1,0,0,0,0,1,0,0,0,0,1,0,0,0.4668,0,1]},
{"frame":121,"values":[1,0,0,0,0,1,0,0,0,0,1,0,0,0.4668,0,1]}],"loopBehavior":1,"name":"anim","property":"_matrix"}},
{"name":"chest","index":2,"matrix":[1,0,0,0,0,1,0,0,0,0,1,0,0,1.1733,0,1],"rest":[1,0,0,0,0,1,0,0,0,0,1,0,0,1.1733,0,1],"parentBoneIndex":1,"length":1.3877
,"animation":{"dataType":3,"framePerSecond":60,"keys":[
{"frame":0,"values":[1,0,0,0,0,1,0,0,0,0,1,0,0,1.1733,0,1]},
{"frame":21,"values":[1,-0.0001,-0.0026,0,0.0001,1,0.0004,0,0.0026,-0.0004,1,0,0,1.1733,0,1]},
{"frame":22,"values":[0.9999,-0.0004,-0.0106,0,0.0004,1,0.0017,0,0.0106,-0.0017,0.9999,0,0,1.1733,0,1]},
{"frame":23,"values":[0.9997,-0.0009,-0.0239,0,0.001,1,0.0038,0,0.0239,-0.0038,0.9997,0,0,1.1733,0,1]},
{"frame":24,"values":[0.9991,-0.0015,-0.0425,0,0.0018,1,0.0067,0,0.0425,-0.0067,0.9991,0,0,1.1733,0,1]},
{"frame":25,"values":[0.9978,-0.0022,-0.0662,0,0.0029,0.9999,0.0104,0,0.0661,-0.0105,0.9978,0,0,1.1733,0,1]},
{"frame":26,"values":[0.9955,-0.003,-0.0945,0,0.0044,0.9999,0.0147,0,0.0944,-0.0151,0.9954,0,0,1.1733,0,1]},
{"frame":27,"values":[0.9919,-0.0036,-0.1269,0,0.0062,0.9998,0.0197,0,0.1268,-0.0203,0.9917,0,0,1.1733,0,1]},
{"frame":28,"values":[0.9867,-0.0042,-0.1624,0,0.0084,0.9996,0.0251,0,0.1623,-0.0261,0.9864,0,0,1.1733,0,1]},
{"frame":29,"values":[0.9798,-0.0046,-0.2001,0,0.0109,0.9995,0.0308,0,0.1998,-0.0324,0.9793,0,0,1.1733,0,1]},
{"frame":30,"values":[0.9711,-0.0047,-0.2387,0,0.0138,0.9992,0.0365,0,0.2383,-0.0388,0.9704,0,0,1.1733,0,1]},
{"frame":31,"values":[0.9609,-0.0046,-0.2768,0,0.0169,0.999,0.0422,0,0.2764,-0.0452,0.96,0,0,1.1733,0,1]},
{"frame":32,"values":[0.9496,-0.0042,-0.3134,0,0.0201,0.9987,0.0475,0,0.3128,-0.0514,0.9484,0,0,1.1733,0,1]},
{"frame":33,"values":[0.9377,-0.0036,-0.3473,0,0.0233,0.9984,0.0524,0,0.3466,-0.0572,0.9363,0,0,1.1733,0,1]},
{"frame":34,"values":[0.9259,-0.003,-0.3777,0,0.0263,0.998,0.0567,0,0.3768,-0.0624,0.9242,0,0,1.1733,0,1]},
{"frame":35,"values":[0.9148,-0.0022,-0.4039,0,0.0291,0.9978,0.0604,0,0.4028,-0.067,0.9128,0,0,1.1733,0,1]},
{"frame":36,"values":[0.905,-0.0015,-0.4254,0,0.0315,0.9975,0.0634,0,0.4243,-0.0708,0.9028,0,0,1.1733,0,1]},
{"frame":37,"values":[0.8969,-0.0009,-0.4422,0,0.0334,0.9973,0.0657,0,0.4409,-0.0737,0.8945,0,0,1.1733,0,1]},
{"frame":38,"values":[0.8909,-0.0004,-0.4541,0,0.0348,0.9971,0.0674,0,0.4528,-0.0758,0.8884,0,0,1.1733,0,1]},
{"frame":39,"values":[0.8873,-0.0001,-0.4612,0,0.0356,0.997,0.0683,0,0.4598,-0.0771,0.8847,0,0,1.1733,0,1]},
{"frame":40,"values":[0.8861,0,-0.4635,0,0.0359,0.997,0.0687,0,0.4621,-0.0775,0.8834,0,0,1.1733,0,1]},
{"frame":41,"values":[0.8861,0,-0.4635,0,0.0359,0.997,0.0687,0,0.4621,-0.0775,0.8834,0,0,1.1733,0,1]},
{"frame":50,"values":[1,0,0,0,0,1,0,0,0,0,1,0,0,1.1733,0,1]},
{"frame":70,"values":[1,0,0,0,0,1,0,0,0,0,1,0,0,1.1733,0,1]},
{"frame":80,"values":[1,0,0,0,0,1,0,0,0,0,1,0,0,1.1733,0,1]},
{"frame":121,"values":[1,0,0,0,0,1,0,0,0,0,1,0,0,1.1733,0,1]}],"loopBehavior":1,"name":"anim","property":"_matrix"}},
{"name":"neck","index":3,"matrix":[1,0,0,0,0,1,0,0,0,0,1,0,0,1.3877,0,1],"rest":[1,0,0,0,0,1,0,0,0,0,1,0,0,1.3877,0,1],"parentBoneIndex":2,"length":0.3247
,"animation":{"dataType":3,"framePerSecond":60,"keys":[
{"frame":0,"values":[1,0,0,0,0,1,0,0,0,0,1,0,0,1.3877,0,1]},
{"frame":41,"values":[1,0,0,0,0,1,0,0,0,0,1,0,0,1.3877,0,1]},
{"frame":50,"values":[1,0,0,0,0,1,0,0,0,0,1,0,0,1.3877,0,1]},
{"frame":70,"values":[1,0,0,0,0,1,0,0,0,0,1,0,0,1.3877,0,1]},
{"frame":80,"values":[1,0,0,0,0,1,0,0,0,0,1,0,0,1.3877,0,1]},
{"frame":121,"values":[1,0,0,0,0,1,0,0,0,0,1,0,0,1.3877,0,1]}],"loopBehavior":1,"name":"anim","property":"_matrix"}},
{"name":"head","index":4,"matrix":[1,0,0,0,0,1,0,0,0,0,1,0,0,0.3247,0,1],"rest":[1,0,0,0,0,1,0,0,0,0,1,0,0,0.3247,0,1],"parentBoneIndex":3,"length":1.5346
,"animation":{"dataType":3,"framePerSecond":60,"keys":[
{"frame":0,"values":[1,0,0,0,0,1,0,0,0,0,1,0,0,0.3247,0,1]},
{"frame":41,"values":[1,0,0,0,0,1,0,0,0,0,1,0,0,0.3247,0,1]},
{"frame":50,"values":[1,0,0,0,0,1,0,0,0,0,1,0,0,0.3247,0,1]},
{"frame":70,"values":[1,0,0,0,0,1,0,0,0,0,1,0,0,0.3247,0,1]},
{"frame":80,"values":[1,0,0,0,0,1,0,0,0,0,1,0,0,0.3247,0,1]},
{"frame":121,"values":[1,0,0,0,0,1,0,0,0,0,1,0,0,0.3247,0,1]}],"loopBehavior":1,"name":"anim","property":"_matrix"}},
{"name":"shoulder.L","index":5,"matrix":[0,0,1,0,0.949,-0.3152,0,0,0.3152,0.949,0,0,0,1.3877,0,1],"rest":[0,0,1,0,0.949,-0.3152,0,0,0.3152,0.949,0,0,0,1.3877,0,1],"parentBoneIndex":2,"length":1.0537
,"animation":{"dataType":3,"framePerSecond":60,"keys":[
{"frame":0,"values":[0,0,1,0,0.949,-0.3152,0,0,0.3152,0.949,0,0,0,1.3877,0,1]},
{"frame":21,"values":[0.0014,0,1,0,0.949,-0.3153,-0.0013,0,0.3153,0.949,-0.0004,0,0,1.3877,0,1]},
{"frame":22,"values":[0.0055,0,1,0,0.9489,-0.3156,-0.0052,0,0.3156,0.9489,-0.0017,0,0,1.3877,0,1]},
{"frame":23,"values":[0.0124,0,0.9999,0,0.9487,-0.3161,-0.0118,0,0.3161,0.9487,-0.0039,0,0,1.3877,0,1]},
{"frame":24,"values":[0.0221,0,0.9998,0,0.9483,-0.3168,-0.021,0,0.3167,0.9485,-0.007,0,0,1.3877,0,1]},
{"frame":25,"values":[0.0344,0,0.9994,0,0.9476,-0.3177,-0.0326,0,0.3175,0.9482,-0.0109,0,0,1.3877,0,1]},
{"frame":26,"values":[0.0491,-0.0001,0.9988,0,0.9467,-0.3188,-0.0466,0,0.3184,0.9478,-0.0156,0,0,1.3877,0,1]},
{"frame":27,"values":[0.0659,-0.0002,0.9978,0,0.9453,-0.32,-0.0625,0,0.3194,0.9474,-0.0209,0,0,1.3877,0,1]},
{"frame":28,"values":[0.0844,-0.0003,0.9964,0,0.9436,-0.3214,-0.08,0,0.3203,0.9469,-0.0269,0,0,1.3877,0,1]},
{"frame":29,"values":[0.104,-0.0004,0.9946,0,0.9413,-0.3228,-0.0986,0,0.3211,0.9465,-0.0332,0,0,1.3877,0,1]},
{"frame":30,"values":[0.1243,-0.0006,0.9922,0,0.9386,-0.3243,-0.1177,0,0.3219,0.9459,-0.0397,0,0,1.3877,0,1]},
{"frame":31,"values":[0.1444,-0.0008,0.9895,0,0.9355,-0.3258,-0.1368,0,0.3225,0.9454,-0.0463,0,0,1.3877,0,1]},
{"frame":32,"values":[0.1639,-0.0011,0.9865,0,0.9321,-0.3273,-0.1553,0,0.323,0.9449,-0.0527,0,0,1.3877,0,1]},
{"frame":33,"values":[0.1822,-0.0013,0.9833,0,0.9286,-0.3286,-0.1725,0,0.3233,0.9445,-0.0587,0,0,1.3877,0,1]},
{"frame":34,"values":[0.1987,-0.0015,0.9801,0,0.9251,-0.3298,-0.1881,0,0.3235,0.944,-0.0641,0,0,1.3877,0,1]},
{"frame":35,"values":[0.2131,-0.0018,0.977,0,0.9219,-0.3309,-0.2017,0,0.3236,0.9437,-0.0689,0,0,1.3877,0,1]},
{"frame":36,"values":[0.2251,-0.002,0.9743,0,0.919,-0.3317,-0.213,0,0.3236,0.9434,-0.0728,0,0,1.3877,0,1]},
{"frame":37,"values":[0.2345,-0.0022,0.9721,0,0.9167,-0.3324,-0.2219,0,0.3236,0.9431,-0.076,0,0,1.3877,0,1]},
{"frame":38,"values":[0.2412,-0.0023,0.9705,0,0.9149,-0.3329,-0.2282,0,0.3236,0.943,-0.0782,0,0,1.3877,0,1]},
{"frame":39,"values":[0.2453,-0.0024,0.9695,0,0.9139,-0.3332,-0.232,0,0.3236,0.9428,-0.0796,0,0,1.3877,0,1]},
{"frame":40,"values":[0.2466,-0.0024,0.9691,0,0.9135,-0.3333,-0.2333,0,0.3236,0.9428,-0.08,0,0,1.3877,0,1]},
{"frame":41,"values":[0.2466,-0.0024,0.9691,0,0.9135,-0.3333,-0.2333,0,0.3236,0.9428,-0.08,0,0,1.3877,0,1]},
{"frame":50,"values":[0,0,1,0,0.949,-0.3152,0,0,0.3152,0.949,0,0,0,1.3877,0,1]},
{"frame":70,"values":[0,0,1,0,0.949,-0.3152,0,0,0.3152,0.949,0,0,0,1.3877,0,1]},
{"frame":80,"values":[0,0,1,0,0.949,-0.3152,0,0,0.3152,0.949,0,0,0,1.3877,0,1]},
{"frame":121,"values":[0,0,1,0,0.949,-0.3152,0,0,0.3152,0.949,0,0,0,1.3877,0,1]}],"loopBehavior":1,"name":"anim","property":"_matrix"}},
{"name":"bicep.L","index":6,"matrix":[0.0784,0.8537,0.5149,0,-0.3271,0.5099,-0.7956,0,-0.9417,-0.106,0.3192,0,0,1.0537,0,1],"rest":[0,0.8494,0.5277,0,0,0.5277,-0.8494,0,-1,0,0,0,0,1.0537,0,1],"parentBoneIndex":5,"length":1.4513
,"animation":{"dataType":3,"framePerSecond":60,"keys":[
{"frame":0,"values":[0.0784,0.6191,0.7814,0,-0.3271,0.7564,-0.5665,0,-0.9417,-0.2111,0.2618,0,0,1.0537,0,1]},
{"frame":41,"values":[0.0784,0.6191,0.7814,0,-0.3271,0.7564,-0.5665,0,-0.9417,-0.2111,0.2618,0,0,1.0537,0,1]},
{"frame":50,"values":[0,0.8494,0.5277,0,0,0.5277,-0.8494,0,-1,0,0,0,0,1.0537,0,1]},
{"frame":70,"values":[0,0.8494,0.5277,0,0,0.5277,-0.8494,0,-1,0,0,0,0,1.0537,0,1]},
{"frame":80,"values":[0.0784,0.8537,0.5149,0,-0.3271,0.5099,-0.7956,0,-0.9417,-0.106,0.3192,0,0,1.0537,0,1]},
{"frame":81,"values":[0.0793,0.8538,0.5146,0,-0.3306,0.5095,-0.7944,0,-0.9404,-0.1072,0.3227,0,0,1.0537,0,1]},
{"frame":82,"values":[0.0819,0.8541,0.5137,0,-0.3414,0.5082,-0.7906,0,-0.9363,-0.1107,0.3332,0,0,1.0537,0,1]},
{"frame":83,"values":[0.0861,0.8546,0.5121,0,-0.3591,0.5061,-0.7842,0,-0.9293,-0.1164,0.3504,0,0,1.0537,0,1]},
{"frame":84,"values":[0.0917,0.8553,0.5099,0,-0.3823,0.5031,-0.7751,0,-0.9195,-0.1239,0.3731,0,0,1.0537,0,1]},
{"frame":85,"values":[0.0981,0.8562,0.5072,0,-0.4093,0.4993,-0.7637,0,-0.9071,-0.1327,0.3994,0,0,1.0537,0,1]},
{"frame":86,"values":[0.1048,0.8572,0.5041,0,-0.4372,0.495,-0.7509,0,-0.8932,-0.1417,0.4267,0,0,1.0537,0,1]},
{"frame":87,"values":[0.1111,0.8583,0.501,0,-0.4634,0.4907,-0.7379,0,-0.8792,-0.1502,0.4522,0,0,1.0537,0,1]},
{"frame":88,"values":[0.1163,0.8592,0.4982,0,-0.4853,0.4868,-0.7262,0,-0.8666,-0.1573,0.4737,0,0,1.0537,0,1]},
{"frame":89,"values":[0.1203,0.8599,0.496,0,-0.5016,0.4838,-0.7172,0,-0.8567,-0.1626,0.4895,0,0,1.0537,0,1]},
{"frame":90,"values":[0.1226,0.8604,0.4947,0,-0.5114,0.4819,-0.7115,0,-0.8505,-0.1658,0.4991,0,0,1.0537,0,1]},
{"frame":91,"values":[0.1234,0.8605,0.4942,0,-0.5147,0.4813,-0.7096,0,-0.8485,-0.1668,0.5023,0,0,1.0537,0,1]},
{"frame":92,"values":[0.1216,0.8602,0.4953,0,-0.5072,0.4828,-0.7139,0,-0.8532,-0.1644,0.495,0,0,1.0537,0,1]},
{"frame":93,"values":[0.1161,0.8592,0.4984,0,-0.4842,0.487,-0.7269,0,-0.8672,-0.1569,0.4725,0,0,1.0537,0,1]},
{"frame":94,"values":[0.1068,0.8576,0.5032,0,-0.4453,0.4937,-0.747,0,-0.889,-0.1443,0.4346,0,0,1.0537,0,1]},
{"frame":95,"values":[0.0939,0.8556,0.509,0,-0.3918,0.5018,-0.7712,0,-0.9153,-0.127,0.3823,0,0,1.0537,0,1]},
{"frame":96,"values":[0.0785,0.8537,0.5148,0,-0.3274,0.5099,-0.7955,0,-0.9416,-0.1061,0.3195,0,0,1.0537,0,1]},
{"frame":97,"values":[0.0619,0.852,0.5198,0,-0.2583,0.5167,-0.8162,0,-0.9641,-0.0837,0.2521,0,0,1.0537,0,1]},
{"frame":98,"values":[0.046,0.8508,0.5234,0,-0.192,0.5217,-0.8312,0,-0.9803,-0.0622,0.1874,0,0,1.0537,0,1]},
{"frame":99,"values":[0.0323,0.8501,0.5256,0,-0.1347,0.5248,-0.8405,0,-0.9904,-0.0437,0.1314,0,0,1.0537,0,1]},
{"frame":100,"values":[0.0217,0.8497,0.5268,0,-0.0904,0.5264,-0.8454,0,-0.9957,-0.0293,0.0882,0,0,1.0537,0,1]},
{"frame":101,"values":[0.0146,0.8495,0.5273,0,-0.0608,0.5271,-0.8476,0,-0.998,-0.0197,0.0593,0,0,1.0537,0,1]},
{"frame":102,"values":[0.0095,0.8495,0.5276,0,-0.0398,0.5275,-0.8486,0,-0.9992,-0.0129,0.0388,0,0,1.0537,0,1]},
{"frame":103,"values":[0.0051,0.8494,0.5277,0,-0.0214,0.5277,-0.8492,0,-0.9998,-0.0069,0.0209,0,0,1.0537,0,1]},
{"frame":104,"values":[0.0014,0.8494,0.5277,0,-0.0059,0.5277,-0.8494,0,-1,-0.0019,0.0058,0,0,1.0537,0,1]},
{"frame":105,"values":[-0.0015,0.8494,0.5277,0,0.0062,0.5277,-0.8494,0,-1,0.002,-0.006,0,0,1.0537,0,1]},
{"frame":106,"values":[-0.0036,0.8494,0.5277,0,0.0149,0.5277,-0.8493,0,-0.9999,0.0048,-0.0145,0,0,1.0537,0,1]},
{"frame":107,"values":[-0.0049,0.8494,0.5277,0,0.0205,0.5277,-0.8492,0,-0.9998,0.0067,-0.02,0,0,1.0537,0,1]},
{"frame":108,"values":[-0.0057,0.8494,0.5277,0,0.0237,0.5277,-0.8491,0,-0.9997,0.0077,-0.0231,0,0,1.0537,0,1]},
{"frame":109,"values":[-0.006,0.8494,0.5277,0,0.0252,0.5276,-0.8491,0,-0.9997,0.0082,-0.0246,0,0,1.0537,0,1]},
{"frame":110,"values":[-0.0061,0.8494,0.5277,0,0.0256,0.5276,-0.8491,0,-0.9997,0.0083,-0.025,0,0,1.0537,0,1]},
{"frame":111,"values":[-0.0062,0.8494,0.5277,0,0.0257,0.5276,-0.8491,0,-0.9997,0.0083,-0.0251,0,0,1.0537,0,1]},
{"frame":112,"values":[-0.0043,0.8494,0.5277,0,0.0178,0.5277,-0.8492,0,-0.9998,0.0058,-0.0173,0,0,1.0537,0,1]},
{"frame":113,"values":[0.0015,0.8494,0.5277,0,-0.0061,0.5277,-0.8494,0,-1,-0.002,0.006,0,0,1.0537,0,1]},
{"frame":114,"values":[0.0108,0.8495,0.5275,0,-0.045,0.5274,-0.8484,0,-0.9989,-0.0146,0.0439,0,0,1.0537,0,1]},
{"frame":115,"values":[0.023,0.8498,0.5267,0,-0.0959,0.5263,-0.8449,0,-0.9951,-0.0311,0.0936,0,0,1.0537,0,1]},
{"frame":116,"values":[0.0367,0.8503,0.525,0,-0.1533,0.5239,-0.8379,0,-0.9875,-0.0497,0.1496,0,0,1.0537,0,1]},
{"frame":117,"values":[0.0504,0.8511,0.5225,0,-0.2102,0.5205,-0.8276,0,-0.9764,-0.0681,0.2051,0,0,1.0537,0,1]},
{"frame":118,"values":[0.0622,0.8521,0.5197,0,-0.2597,0.5166,-0.8159,0,-0.9637,-0.0842,0.2534,0,0,1.0537,0,1]},
{"frame":119,"values":[0.0712,0.8529,0.5172,0,-0.2969,0.5131,-0.8053,0,-0.9522,-0.0962,0.2898,0,0,1.0537,0,1]},
{"frame":120,"values":[0.0766,0.8535,0.5155,0,-0.3196,0.5107,-0.7981,0,-0.9445,-0.1036,0.3119,0,0,1.0537,0,1]},
{"frame":121,"values":[0.0784,0.8537,0.5149,0,-0.3271,0.5099,-0.7956,0,-0.9417,-0.106,0.3192,0,0,1.0537,0,1]}],"loopBehavior":1,"name":"anim","property":"_matrix"}},
{"name":"forearm.L","index":7,"matrix":[0.9638,0.2658,-0.0196,0,-0.2396,0.8318,-0.5008,0,-0.1168,0.4874,0.8654,0,0,1.4513,0,1],"rest":[0.9626,0.2709,0,0,-0.2709,0.9626,0,0,0,0,1,0,0,1.4513,0,1],"parentBoneIndex":6,"length":1.254
,"animation":{"dataType":3,"framePerSecond":60,"keys":[
{"frame":0,"values":[0.8938,0.4153,0.1692,0,0.0443,0.2936,-0.9549,0,-0.4463,0.861,0.244,0,0,1.4513,0,1]},
{"frame":1,"values":[0.8947,0.4138,0.1683,0,0.0412,0.2987,-0.9535,0,-0.4448,0.86,0.2502,0,0,1.4513,0,1]},
{"frame":2,"values":[0.8974,0.409,0.1655,0,0.0319,0.3141,-0.9489,0,-0.4401,0.8568,0.2688,0,0,1.4513,0,1]},
{"frame":3,"values":[0.9019,0.401,0.1607,0,0.0164,0.3399,-0.9403,0,-0.4317,0.8507,0.2999,0,0,1.4513,0,1]},
{"frame":4,"values":[0.908,0.39,0.1534,0,-0.005,0.376,-0.9266,0,-0.419,0.8406,0.3433,0,0,1.4513,0,1]},
{"frame":5,"values":[0.9154,0.3762,0.1431,0,-0.0317,0.4218,-0.9061,0,-0.4012,0.825,0.3981,0,0,1.4513,0,1]},
{"frame":6,"values":[0.9239,0.3601,0.1293,0,-0.0628,0.4762,-0.8771,0,-0.3774,0.8022,0.4626,0,0,1.4513,0,1]},
{"frame":7,"values":[0.9329,0.3423,0.1118,0,-0.0968,0.5373,-0.8378,0,-0.3469,0.7708,0.5344,0,0,1.4513,0,1]},
{"frame":8,"values":[0.9417,0.324,0.0904,0,-0.1317,0.6023,-0.7873,0,-0.3095,0.7295,0.6099,0,0,1.4513,0,1]},
{"frame":9,"values":[0.9497,0.3062,0.0654,0,-0.1654,0.6679,-0.7256,0,-0.2658,0.6783,0.685,0,0,1.4513,0,1]},
{"frame":10,"values":[0.9563,0.2899,0.0375,0,-0.1958,0.7305,-0.6542,0,-0.2171,0.6183,0.7554,0,0,1.4513,0,1]},
{"frame":11,"values":[0.9611,0.2761,0.008,0,-0.2212,0.7869,-0.5761,0,-0.1654,0.5519,0.8174,0,0,1.4513,0,1]},
{"frame":12,"values":[0.964,0.2651,-0.0216,0,-0.2407,0.8348,-0.4951,0,-0.1132,0.4824,0.8686,0,0,1.4513,0,1]},
{"frame":13,"values":[0.965,0.2573,-0.0501,0,-0.2544,0.8733,-0.4155,0,-0.0632,0.4137,0.9082,0,0,1.4513,0,1]},
{"frame":14,"values":[0.9647,0.2521,-0.0761,0,-0.2628,0.9025,-0.3413,0,-0.0174,0.3492,0.9369,0,0,1.4513,0,1]},
{"frame":15,"values":[0.9634,0.2491,-0.0987,0,-0.267,0.9234,-0.2756,0,0.0224,0.2919,0.9562,0,0,1.4513,0,1]},
{"frame":16,"values":[0.9617,0.2477,-0.1173,0,-0.2685,0.9377,-0.2205,0,0.0554,0.2436,0.9683,0,0,1.4513,0,1]},
{"frame":17,"values":[0.9599,0.2473,-0.1318,0,-0.2683,0.9469,-0.1774,0,0.0809,0.2056,0.9753,0,0,1.4513,0,1]},
{"frame":18,"values":[0.9585,0.2474,-0.142,0,-0.2675,0.9523,-0.1466,0,0.099,0.1785,0.979,0,0,1.4513,0,1]},
{"frame":19,"values":[0.9575,0.2475,-0.1481,0,-0.2667,0.9552,-0.1282,0,0.1097,0.1623,0.9806,0,0,1.4513,0,1]},
{"frame":20,"values":[0.9572,0.2476,-0.15,0,-0.2664,0.9561,-0.1222,0,0.1132,0.1569,0.9811,0,0,1.4513,0,1]},
{"frame":41,"values":[0.9572,0.2476,-0.15,0,-0.2664,0.9561,-0.1222,0,0.1132,0.1569,0.9811,0,0,1.4513,0,1]},
{"frame":50,"values":[0.9626,0.2709,0,0,-0.2709,0.9626,0,0,0,0,1,0,0,1.4513,0,1]},
{"frame":70,"values":[0.9626,0.2709,0,0,-0.2709,0.9626,0,0,0,0,1,0,0,1.4513,0,1]},
{"frame":80,"values":[0.9638,0.2658,-0.0196,0,-0.2396,0.8318,-0.5008,0,-0.1168,0.4874,0.8654,0,0,1.4513,0,1]},
{"frame":92,"values":[0.9638,0.2658,-0.0196,0,-0.2395,0.8316,-0.5012,0,-0.1169,0.4877,0.8651,0,0,1.4513,0,1]},
{"frame":93,"values":[0.9638,0.2658,-0.0196,0,-0.2394,0.8309,-0.5023,0,-0.1172,0.4888,0.8645,0,0,1.4513,0,1]},
{"frame":94,"values":[0.9638,0.2657,-0.0197,0,-0.2391,0.8299,-0.5041,0,-0.1176,0.4906,0.8634,0,0,1.4513,0,1]},
{"frame":95,"values":[0.9639,0.2657,-0.0198,0,-0.2388,0.8285,-0.5065,0,-0.1182,0.4929,0.862,0,0,1.4513,0,1]},
{"frame":96,"values":[0.9639,0.2656,-0.0199,0,-0.2384,0.827,-0.5092,0,-0.1188,0.4955,0.8604,0,0,1.4513,0,1]},
{"frame":97,"values":[0.9639,0.2656,-0.02,0,-0.238,0.8254,-0.5119,0,-0.1194,0.4981,0.8588,0,0,1.4513,0,1]},
{"frame":98,"values":[0.9639,0.2655,-0.0201,0,-0.2377,0.824,-0.5142,0,-0.12,0.5005,0.8574,0,0,1.4513,0,1]},
{"frame":99,"values":[0.9639,0.2655,-0.0202,0,-0.2375,0.823,-0.516,0,-0.1204,0.5022,0.8563,0,0,1.4513,0,1]},
{"frame":100,"values":[0.9639,0.2654,-0.0202,0,-0.2373,0.8223,-0.5172,0,-0.1207,0.5033,0.8557,0,0,1.4513,0,1]},
{"frame":101,"values":[0.9639,0.2654,-0.0202,0,-0.2373,0.8221,-0.5175,0,-0.1207,0.5037,0.8554,0,0,1.4513,0,1]},
{"frame":112,"values":[0.9639,0.2654,-0.0202,0,-0.2373,0.8223,-0.5172,0,-0.1207,0.5033,0.8557,0,0,1.4513,0,1]},
{"frame":113,"values":[0.9639,0.2655,-0.0202,0,-0.2375,0.823,-0.516,0,-0.1204,0.5022,0.8563,0,0,1.4513,0,1]},
{"frame":114,"values":[0.9639,0.2655,-0.0201,0,-0.2377,0.824,-0.5142,0,-0.12,0.5005,0.8574,0,0,1.4513,0,1]},
{"frame":115,"values":[0.9639,0.2656,-0.02,0,-0.238,0.8254,-0.5119,0,-0.1194,0.4981,0.8588,0,0,1.4513,0,1]},
{"frame":116,"values":[0.9639,0.2656,-0.0199,0,-0.2384,0.827,-0.5092,0,-0.1188,0.4955,0.8604,0,0,1.4513,0,1]},
{"frame":117,"values":[0.9639,0.2657,-0.0198,0,-0.2388,0.8285,-0.5065,0,-0.1182,0.4929,0.862,0,0,1.4513,0,1]},
{"frame":118,"values":[0.9638,0.2657,-0.0197,0,-0.2391,0.8299,-0.5041,0,-0.1176,0.4906,0.8634,0,0,1.4513,0,1]},
{"frame":119,"values":[0.9638,0.2658,-0.0196,0,-0.2394,0.8309,-0.5023,0,-0.1172,0.4888,0.8645,0,0,1.4513,0,1]},
{"frame":120,"values":[0.9638,0.2658,-0.0196,0,-0.2395,0.8316,-0.5012,0,-0.1169,0.4877,0.8651,0,0,1.4513,0,1]},
{"frame":121,"values":[0.9638,0.2658,-0.0196,0,-0.2396,0.8318,-0.5008,0,-0.1168,0.4874,0.8654,0,0,1.4513,0,1]}],"loopBehavior":1,"name":"anim","property":"_matrix"}},
{"name":"hand.L","index":8,"matrix":[0.9741,-0.226,0,0,0.226,0.9741,0,0,0,0,1,0,0,1.254,0,1],"rest":[0.9741,-0.226,0,0,0.226,0.9741,0,0,0,0,1,0,0,1.254,0,1],"parentBoneIndex":7,"length":0.4709
,"animation":{"dataType":3,"framePerSecond":60,"keys":[
{"frame":0,"values":[0.9741,-0.226,0,0,0.226,0.9741,0,0,0,0,1,0,0,1.254,0,1]},
{"frame":41,"values":[0.9741,-0.226,0,0,0.226,0.9741,0,0,0,0,1,0,0,1.254,0,1]},
{"frame":50,"values":[0.9741,-0.226,0,0,0.226,0.9741,0,0,0,0,1,0,0,1.254,0,1]},
{"frame":70,"values":[0.9741,-0.226,0,0,0.226,0.9741,0,0,0,0,1,0,0,1.254,0,1]},
{"frame":80,"values":[0.9741,-0.226,0,0,0.226,0.9741,0,0,0,0,1,0,0,1.254,0,1]},
{"frame":121,"values":[0.9741,-0.226,0,0,0.226,0.9741,0,0,0,0,1,0,0,1.254,0,1]}],"loopBehavior":1,"name":"anim","property":"_matrix"}},
{"name":"middleFinger1.L","index":9,"matrix":[0.9588,0.2841,0,0,-0.2841,0.9588,0,0,0,0,1,0,0,0.4709,0,1],"rest":[0.9588,0.2841,0,0,-0.2841,0.9588,0,0,0,0,1,0,0,0.4709,0,1],"parentBoneIndex":8,"length":0.2071
,"animation":{"dataType":3,"framePerSecond":60,"keys":[
{"frame":0,"values":[0.9588,0.2841,0,0,-0.2841,0.9588,0,0,0,0,1,0,0,0.4709,0,1]},
{"frame":41,"values":[0.9588,0.2841,0,0,-0.2841,0.9588,0,0,0,0,1,0,0,0.4709,0,1]},
{"frame":50,"values":[0.9588,0.2841,0,0,-0.2841,0.9588,0,0,0,0,1,0,0,0.4709,0,1]},
{"frame":70,"values":[0.9588,0.2841,0,0,-0.2841,0.9588,0,0,0,0,1,0,0,0.4709,0,1]},
{"frame":80,"values":[0.9588,0.2841,0,0,-0.2841,0.9588,0,0,0,0,1,0,0,0.4709,0,1]},
{"frame":121,"values":[0.9588,0.2841,0,0,-0.2841,0.9588,0,0,0,0,1,0,0,0.4709,0,1]}],"loopBehavior":1,"name":"anim","property":"_matrix"}},
{"name":"middleFinger2.L","index":10,"matrix":[0.9972,0.0061,-0.0748,0,-0.0062,1,0,0,0.0748,0.0005,0.9972,0,0,0.2071,0,1],"rest":[1,0.0062,0,0,-0.0062,1,0,0,0,0,1,0,0,0.2071,0,1],"parentBoneIndex":9,"length":0.2112
,"animation":{"dataType":3,"framePerSecond":60,"keys":[
{"frame":0,"values":[0.9972,0.0061,-0.0748,0,-0.0062,1,0,0,0.0748,0.0005,0.9972,0,0,0.2071,0,1]},
{"frame":41,"values":[0.9972,0.0061,-0.0748,0,-0.0062,1,0,0,0.0748,0.0005,0.9972,0,0,0.2071,0,1]},
{"frame":50,"values":[1,0.0062,0,0,-0.0062,1,0,0,0,0,1,0,0,0.2071,0,1]},
{"frame":70,"values":[1,0.0062,0,0,-0.0062,1,0,0,0,0,1,0,0,0.2071,0,1]},
{"frame":80,"values":[0.9972,0.0061,-0.0748,0,-0.0062,1,0,0,0.0748,0.0005,0.9972,0,0,0.2071,0,1]},
{"frame":92,"values":[0.9973,0.0061,-0.0731,0,-0.0062,1,0,0,0.0731,0.0005,0.9973,0,0,0.2071,0,1]},
{"frame":93,"values":[0.9977,0.0061,-0.0681,0,-0.0062,1,0,0,0.0681,0.0004,0.9977,0,0,0.2071,0,1]},
{"frame":94,"values":[0.9982,0.0061,-0.06,0,-0.0062,1,0,0,0.06,0.0004,0.9982,0,0,0.2071,0,1]},
{"frame":95,"values":[0.9988,0.0062,-0.0494,0,-0.0062,1,0,0,0.0494,0.0003,0.9988,0,0,0.2071,0,1]},
{"frame":96,"values":[0.9993,0.0062,-0.0374,0,-0.0062,1,0,0,0.0374,0.0002,0.9993,0,0,0.2071,0,1]},
{"frame":97,"values":[0.9997,0.0062,-0.0254,0,-0.0062,1,0,0,0.0254,0.0002,0.9997,0,0,0.2071,0,1]},
{"frame":98,"values":[0.9999,0.0062,-0.0148,0,-0.0062,1,0,0,0.0148,0.0001,0.9999,0,0,0.2071,0,1]},
{"frame":99,"values":[1,0.0062,-0.0067,0,-0.0062,1,0,0,0.0067,0,1,0,0,0.2071,0,1]},
{"frame":100,"values":[1,0.0062,-0.0017,0,-0.0062,1,0,0,0.0017,0,1,0,0,0.2071,0,1]},
{"frame":101,"values":[1,0.0062,0,0,-0.0062,1,0,0,0,0,1,0,0,0.2071,0,1]},
{"frame":112,"values":[1,0.0062,-0.0017,0,-0.0062,1,0,0,0.0017,0,1,0,0,0.2071,0,1]},
{"frame":113,"values":[1,0.0062,-0.0067,0,-0.0062,1,0,0,0.0067,0,1,0,0,0.2071,0,1]},
{"frame":114,"values":[0.9999,0.0062,-0.0148,0,-0.0062,1,0,0,0.0148,0.0001,0.9999,0,0,0.2071,0,1]},
{"frame":115,"values":[0.9997,0.0062,-0.0254,0,-0.0062,1,0,0,0.0254,0.0002,0.9997,0,0,0.2071,0,1]},
{"frame":116,"values":[0.9993,0.0062,-0.0374,0,-0.0062,1,0,0,0.0374,0.0002,0.9993,0,0,0.2071,0,1]},
{"frame":117,"values":[0.9988,0.0062,-0.0494,0,-0.0062,1,0,0,0.0494,0.0003,0.9988,0,0,0.2071,0,1]},
{"frame":118,"values":[0.9982,0.0061,-0.06,0,-0.0062,1,0,0,0.06,0.0004,0.9982,0,0,0.2071,0,1]},
{"frame":119,"values":[0.9977,0.0061,-0.0681,0,-0.0062,1,0,0,0.0681,0.0004,0.9977,0,0,0.2071,0,1]},
{"frame":120,"values":[0.9973,0.0061,-0.0731,0,-0.0062,1,0,0,0.0731,0.0005,0.9973,0,0,0.2071,0,1]},
{"frame":121,"values":[0.9972,0.0061,-0.0748,0,-0.0062,1,0,0,0.0748,0.0005,0.9972,0,0,0.2071,0,1]}],"loopBehavior":1,"name":"anim","property":"_matrix"}},
{"name":"thumb1.L","index":11,"matrix":[0.95,0.3122,0,0,-0.2827,0.8602,-0.4244,0,-0.1325,0.4032,0.9055,0,0,1.254,0,1],"rest":[0.95,0.3122,0,0,-0.2827,0.8602,-0.4244,0,-0.1325,0.4032,0.9055,0,0,1.254,0,1],"parentBoneIndex":7,"length":0.4365
,"animation":{"dataType":3,"framePerSecond":60,"keys":[
{"frame":0,"values":[0.95,0.3122,0,0,-0.2827,0.8602,-0.4244,0,-0.1325,0.4032,0.9055,0,0,1.254,0,1]},
{"frame":41,"values":[0.95,0.3122,0,0,-0.2827,0.8602,-0.4244,0,-0.1325,0.4032,0.9055,0,0,1.254,0,1]},
{"frame":50,"values":[0.95,0.3122,0,0,-0.2827,0.8602,-0.4244,0,-0.1325,0.4032,0.9055,0,0,1.254,0,1]},
{"frame":70,"values":[0.95,0.3122,0,0,-0.2827,0.8602,-0.4244,0,-0.1325,0.4032,0.9055,0,0,1.254,0,1]},
{"frame":80,"values":[0.95,0.3122,0,0,-0.2827,0.8602,-0.4244,0,-0.1325,0.4032,0.9055,0,0,1.254,0,1]},
{"frame":121,"values":[0.95,0.3122,0,0,-0.2827,0.8602,-0.4244,0,-0.1325,0.4032,0.9055,0,0,1.254,0,1]}],"loopBehavior":1,"name":"anim","property":"_matrix"}},
{"name":"thumb2.L","index":12,"matrix":[0.9371,-0.316,-0.1481,0,0.349,0.8485,0.3977,0,0,-0.4244,0.9055,0,0,0.4365,0,1],"rest":[0.9371,-0.316,-0.1481,0,0.349,0.8485,0.3977,0,0,-0.4244,0.9055,0,0,0.4365,0,1],"parentBoneIndex":11,"length":0.168
,"animation":{"dataType":3,"framePerSecond":60,"keys":[
{"frame":0,"values":[0.9371,-0.316,-0.1481,0,0.349,0.8485,0.3977,0,0,-0.4244,0.9055,0,0,0.4365,0,1]},
{"frame":41,"values":[0.9371,-0.316,-0.1481,0,0.349,0.8485,0.3977,0,0,-0.4244,0.9055,0,0,0.4365,0,1]},
{"frame":50,"values":[0.9371,-0.316,-0.1481,0,0.349,0.8485,0.3977,0,0,-0.4244,0.9055,0,0,0.4365,0,1]},
{"frame":70,"values":[0.9371,-0.316,-0.1481,0,0.349,0.8485,0.3977,0,0,-0.4244,0.9055,0,0,0.4365,0,1]},
{"frame":80,"values":[0.9371,-0.316,-0.1481,0,0.349,0.8485,0.3977,0,0,-0.4244,0.9055,0,0,0.4365,0,1]},
{"frame":121,"values":[0.9371,-0.316,-0.1481,0,0.349,0.8485,0.3977,0,0,-0.4244,0.9055,0,0,0.4365,0,1]}],"loopBehavior":1,"name":"anim","property":"_matrix"}},
{"name":"shoulder.R","index":13,"matrix":[0,0,-1,0,-0.949,-0.3152,0,0,-0.3152,0.949,0,0,0,1.3877,0,1],"rest":[0,0,-1,0,-0.949,-0.3152,0,0,-0.3152,0.949,0,0,0,1.3877,0,1],"parentBoneIndex":2,"length":1.0537
,"animation":{"dataType":3,"framePerSecond":60,"keys":[
{"frame":0,"values":[0,0,-1,0,-0.949,-0.3152,0,0,-0.3152,0.949,0,0,0,1.3877,0,1]},
{"frame":21,"values":[-0.002,0,-1,0,-0.9491,-0.315,0.0019,0,-0.315,0.9491,0.0006,0,0,1.3877,0,1]},
{"frame":22,"values":[-0.008,0,-1,0,-0.9492,-0.3146,0.0076,0,-0.3146,0.9492,0.0025,0,0,1.3877,0,1]},
{"frame":23,"values":[-0.018,0,-0.9998,0,-0.9493,-0.3139,0.0171,0,-0.3138,0.9495,0.0057,0,0,1.3877,0,1]},
{"frame":24,"values":[-0.032,0,-0.9995,0,-0.9493,-0.3128,0.0304,0,-0.3127,0.9498,0.0101,0,0,1.3877,0,1]},
{"frame":25,"values":[-0.0499,0.0001,-0.9988,0,-0.9491,-0.3115,0.0474,0,-0.3111,0.9502,0.0156,0,0,1.3877,0,1]},
{"frame":26,"values":[-0.0712,0.0002,-0.9975,0,-0.9484,-0.3099,0.0676,0,-0.3091,0.9508,0.0223,0,0,1.3877,0,1]},
{"frame":27,"values":[-0.0956,0.0004,-0.9954,0,-0.947,-0.3081,0.0908,0,-0.3067,0.9513,0.0298,0,0,1.3877,0,1]},
{"frame":28,"values":[-0.1224,0.0006,-0.9925,0,-0.9449,-0.3061,0.1163,0,-0.3038,0.952,0.038,0,0,1.3877,0,1]},
{"frame":29,"values":[-0.1508,0.0009,-0.9886,0,-0.9418,-0.304,0.1434,0,-0.3004,0.9527,0.0467,0,0,1.3877,0,1]},
{"frame":30,"values":[-0.18,0.0013,-0.9837,0,-0.9378,-0.3019,0.1713,0,-0.2967,0.9533,0.0555,0,0,1.3877,0,1]},
{"frame":31,"values":[-0.2091,0.0017,-0.9779,0,-0.933,-0.2997,0.199,0,-0.2928,0.954,0.0643,0,0,1.3877,0,1]},
{"frame":32,"values":[-0.2371,0.0022,-0.9715,0,-0.9276,-0.2976,0.2257,0,-0.2887,0.9547,0.0726,0,0,1.3877,0,1]},
{"frame":33,"values":[-0.2632,0.0027,-0.9647,0,-0.9218,-0.2957,0.2506,0,-0.2846,0.9553,0.0803,0,0,1.3877,0,1]},
{"frame":34,"values":[-0.2867,0.0033,-0.958,0,-0.916,-0.294,0.2731,0,-0.2807,0.9558,0.0873,0,0,1.3877,0,1]},
{"frame":35,"values":[-0.3071,0.0038,-0.9517,0,-0.9104,-0.2924,0.2926,0,-0.2772,0.9563,0.0932,0,0,1.3877,0,1]},
{"frame":36,"values":[-0.324,0.0042,-0.946,0,-0.9054,-0.2912,0.3088,0,-0.2742,0.9567,0.0981,0,0,1.3877,0,1]},
{"frame":37,"values":[-0.3372,0.0046,-0.9414,0,-0.9013,-0.2902,0.3215,0,-0.2717,0.957,0.102,0,0,1.3877,0,1]},
{"frame":38,"values":[-0.3467,0.0048,-0.938,0,-0.8983,-0.2895,0.3305,0,-0.27,0.9572,0.1047,0,0,1.3877,0,1]},
{"frame":39,"values":[-0.3523,0.005,-0.9359,0,-0.8964,-0.2891,0.3359,0,-0.2689,0.9573,0.1063,0,0,1.3877,0,1]},
{"frame":40,"values":[-0.3542,0.005,-0.9352,0,-0.8958,-0.2889,0.3377,0,-0.2685,0.9573,0.1068,0,0,1.3877,0,1]},
{"frame":41,"values":[-0.3542,0.005,-0.9352,0,-0.8958,-0.2889,0.3377,0,-0.2685,0.9573,0.1068,0,0,1.3877,0,1]},
{"frame":50,"values":[0,0,-1,0,-0.949,-0.3152,0,0,-0.3152,0.949,0,0,0,1.3877,0,1]},
{"frame":70,"values":[0,0,-1,0,-0.949,-0.3152,0,0,-0.3152,0.949,0,0,0,1.3877,0,1]},
{"frame":80,"values":[0,0,-1,0,-0.949,-0.3152,0,0,-0.3152,0.949,0,0,0,1.3877,0,1]},
{"frame":121,"values":[0,0,-1,0,-0.949,-0.3152,0,0,-0.3152,0.949,0,0,0,1.3877,0,1]}],"loopBehavior":1,"name":"anim","property":"_matrix"}},
{"name":"bicep.R","index":14,"matrix":[0.0146,-0.8495,-0.5273,0,0.0608,0.5271,-0.8476,0,0.998,-0.0197,0.0593,0,0,1.0537,0,1],"rest":[0,-0.8494,-0.5277,0,0,0.5277,-0.8494,0,1,0,0,0,0,1.0537,0,1],"parentBoneIndex":13,"length":1.4513
,"animation":{"dataType":3,"framePerSecond":60,"keys":[
{"frame":0,"values":[-0.8825,-0.1889,-0.4308,0,0.2203,0.6431,-0.7334,0,0.4156,-0.7421,-0.5259,0,0,1.0537,0,1]},
{"frame":1,"values":[-0.8803,-0.1938,-0.4331,0,0.2188,0.6441,-0.7329,0,0.421,-0.74,-0.5246,0,0,1.0537,0,1]},
{"frame":2,"values":[-0.8733,-0.2086,-0.4402,0,0.2142,0.6471,-0.7317,0,0.4375,-0.7333,-0.5205,0,0,1.0537,0,1]},
{"frame":3,"values":[-0.861,-0.2334,-0.4518,0,0.2062,0.652,-0.7297,0,0.4649,-0.7214,-0.5133,0,0,1.0537,0,1]},
{"frame":4,"values":[-0.8423,-0.2678,-0.4678,0,0.1944,0.6585,-0.727,0,0.5027,-0.7033,-0.5026,0,0,1.0537,0,1]},
{"frame":5,"values":[-0.8159,-0.3112,-0.4874,0,0.1785,0.6662,-0.7241,0,0.55,-0.6777,-0.488,0,0,1.0537,0,1]},
{"frame":6,"values":[-0.7803,-0.3622,-0.5098,0,0.1581,0.6745,-0.7212,0,0.6051,-0.6433,-0.469,0,0,1.0537,0,1]},
{"frame":7,"values":[-0.7345,-0.4189,-0.5339,0,0.1331,0.6825,-0.7187,0,0.6654,-0.599,-0.4455,0,0,1.0537,0,1]},
{"frame":8,"values":[-0.6781,-0.4784,-0.558,0,0.1039,0.6892,-0.7171,0,0.7276,-0.5442,-0.4176,0,0,1.0537,0,1]},
{"frame":9,"values":[-0.6114,-0.5376,-0.5806,0,0.0708,0.6936,-0.7168,0,0.7882,-0.4794,-0.386,0,0,1.0537,0,1]},
{"frame":10,"values":[-0.5363,-0.5933,-0.6002,0,0.035,0.6949,-0.7182,0,0.8433,-0.4062,-0.352,0,0,1.0537,0,1]},
{"frame":11,"values":[-0.4559,-0.6428,-0.6156,0,-0.0024,0.6926,-0.7214,0,0.89,-0.3274,-0.3172,0,0,1.0537,0,1]},
{"frame":12,"values":[-0.3738,-0.6842,-0.6263,0,-0.0398,0.6864,-0.7261,0,0.9267,-0.2465,-0.2838,0,0,1.0537,0,1]},
{"frame":13,"values":[-0.294,-0.7169,-0.6321,0,-0.0762,0.6768,-0.7322,0,0.9528,-0.1671,-0.2536,0,0,1.0537,0,1]},
{"frame":14,"values":[-0.2202,-0.7416,-0.6337,0,-0.1104,0.6644,-0.7391,0,0.9692,-0.0928,-0.2282,0,0,1.0537,0,1]},
{"frame":15,"values":[-0.1551,-0.7594,-0.6319,0,-0.142,0.6501,-0.7464,0,0.9776,-0.026,-0.2087,0,0,1.0537,0,1]},
{"frame":16,"values":[-0.1007,-0.7721,-0.6274,0,-0.1708,0.6347,-0.7536,0,0.9801,0.0313,-0.1958,0,0,1.0537,0,1]},
{"frame":17,"values":[-0.058,-0.7815,-0.6212,0,-0.1969,0.619,-0.7603,0,0.9787,0.0782,-0.1898,0,0,1.0537,0,1]},
{"frame":18,"values":[-0.0275,-0.789,-0.6138,0,-0.2204,0.6037,-0.7661,0,0.975,0.1142,-0.1905,0,0,1.0537,0,1]},
{"frame":19,"values":[-0.009,-0.7958,-0.6055,0,-0.2418,0.5893,-0.7709,0,0.9703,0.1394,-0.1977,0,0,1.0537,0,1]},
{"frame":20,"values":[-0.0024,-0.8027,-0.5963,0,-0.2613,0.5761,-0.7745,0,0.9652,0.154,-0.2112,0,0,1.0537,0,1]},
{"frame":21,"values":[-0.0024,-0.8104,-0.5859,0,-0.281,0.5628,-0.7773,0,0.9597,0.1628,-0.2291,0,0,1.0537,0,1]},
{"frame":22,"values":[-0.0038,-0.819,-0.5738,0,-0.3026,0.5479,-0.7799,0,0.9531,0.1706,-0.2499,0,0,1.0537,0,1]},
{"frame":23,"values":[-0.0066,-0.8285,-0.5599,0,-0.3258,0.5312,-0.7821,0,0.9454,0.1773,-0.2734,0,0,1.0537,0,1]},
{"frame":24,"values":[-0.0106,-0.8388,-0.5443,0,-0.3507,0.5129,-0.7836,0,0.9364,0.1826,-0.2996,0,0,1.0537,0,1]},
{"frame":25,"values":[-0.0156,-0.8498,-0.5269,0,-0.3769,0.4931,-0.7841,0,0.9261,0.1863,-0.328,0,0,1.0537,0,1]},
{"frame":26,"values":[-0.0215,-0.8612,-0.5077,0,-0.4043,0.472,-0.7835,0,0.9144,0.1884,-0.3583,0,0,1.0537,0,1]},
{"frame":27,"values":[-0.0279,-0.8729,-0.4871,0,-0.4323,0.4499,-0.7815,0,0.9013,0.1888,-0.3899,0,0,1.0537,0,1]},
{"frame":28,"values":[-0.0346,-0.8845,-0.4653,0,-0.4605,0.4273,-0.778,0,0.887,0.1874,-0.4221,0,0,1.0537,0,1]},
{"frame":29,"values":[-0.0413,-0.8957,-0.4427,0,-0.4883,0.4047,-0.7732,0,0.8717,0.1843,-0.4541,0,0,1.0537,0,1]},
{"frame":30,"values":[-0.0478,-0.9063,-0.4198,0,-0.5152,0.3824,-0.767,0,0.8557,0.1797,-0.4853,0,0,1.0537,0,1]},
{"frame":31,"values":[-0.0538,-0.9161,-0.3972,0,-0.5407,0.3612,-0.7598,0,0.8395,0.1739,-0.5148,0,0,1.0537,0,1]},
{"frame":32,"values":[-0.0592,-0.9249,-0.3755,0,-0.5641,0.3414,-0.7518,0,0.8236,0.1673,-0.542,0,0,1.0537,0,1]},
{"frame":33,"values":[-0.0639,-0.9326,-0.3553,0,-0.5852,0.3234,-0.7436,0,0.8084,0.1603,-0.5664,0,0,1.0537,0,1]},
{"frame":34,"values":[-0.0679,-0.9391,-0.337,0,-0.6035,0.3076,-0.7356,0,0.7945,0.1534,-0.5876,0,0,1.0537,0,1]},
{"frame":35,"values":[-0.0712,-0.9444,-0.3211,0,-0.619,0.2942,-0.7282,0,0.7822,0.1469,-0.6055,0,0,1.0537,0,1]},
{"frame":36,"values":[-0.0738,-0.9486,-0.3079,0,-0.6316,0.2833,-0.7217,0,0.7718,0.1412,-0.62,0,0,1.0537,0,1]},
{"frame":37,"values":[-0.0757,-0.9517,-0.2975,0,-0.6412,0.275,-0.7164,0,0.7637,0.1365,-0.631,0,0,1.0537,0,1]},
{"frame":38,"values":[-0.0771,-0.9539,-0.2901,0,-0.6479,0.2691,-0.7126,0,0.7578,0.1331,-0.6388,0,0,1.0537,0,1]},
{"frame":39,"values":[-0.0779,-0.9551,-0.2858,0,-0.6519,0.2656,-0.7103,0,0.7543,0.131,-0.6433,0,0,1.0537,0,1]},
{"frame":40,"values":[-0.0781,-0.9555,-0.2843,0,-0.6532,0.2645,-0.7095,0,0.7532,0.1303,-0.6448,0,0,1.0537,0,1]},
{"frame":41,"values":[-0.0781,-0.9555,-0.2843,0,-0.6532,0.2645,-0.7095,0,0.7532,0.1303,-0.6448,0,0,1.0537,0,1]},
{"frame":50,"values":[0,-0.8494,-0.5277,0,0,0.5277,-0.8494,0,1,0,0,0,0,1.0537,0,1]},
{"frame":70,"values":[0,-0.8494,-0.5277,0,0,0.5277,-0.8494,0,1,0,0,0,0,1.0537,0,1]},
{"frame":80,"values":[0.0146,-0.8495,-0.5273,0,0.0608,0.5271,-0.8476,0,0.998,-0.0197,0.0593,0,0,1.0537,0,1]},
{"frame":81,"values":[0.0142,-0.8495,-0.5273,0,0.0592,0.5272,-0.8477,0,0.9981,-0.0192,0.0578,0,0,1.0537,0,1]},
{"frame":82,"values":[0.0131,-0.8495,-0.5274,0,0.0545,0.5273,-0.848,0,0.9984,-0.0177,0.0531,0,0,1.0537,0,1]},
{"frame":83,"values":[0.0112,-0.8495,-0.5275,0,0.0466,0.5274,-0.8483,0,0.9988,-0.0151,0.0455,0,0,1.0537,0,1]},
{"frame":84,"values":[0.0087,-0.8495,-0.5276,0,0.0362,0.5275,-0.8488,0,0.9993,-0.0117,0.0353,0,0,1.0537,0,1]},
{"frame":85,"values":[0.0058,-0.8494,-0.5277,0,0.024,0.5277,-0.8491,0,0.9997,-0.0078,0.0234,0,0,1.0537,0,1]},
{"frame":86,"values":[0.0027,-0.8494,-0.5277,0,0.0111,0.5277,-0.8493,0,0.9999,-0.0036,0.0109,0,0,1.0537,0,1]},
{"frame":87,"values":[-0.0003,-0.8494,-0.5277,0,-0.0011,0.5277,-0.8494,0,1,0.0003,-0.001,0,0,1.0537,0,1]},
{"frame":88,"values":[-0.0028,-0.8494,-0.5277,0,-0.0115,0.5277,-0.8493,0,0.9999,0.0037,-0.0112,0,0,1.0537,0,1]},
{"frame":89,"values":[-0.0046,-0.8494,-0.5277,0,-0.0193,0.5277,-0.8492,0,0.9998,0.0063,-0.0189,0,0,1.0537,0,1]},
{"frame":90,"values":[-0.0058,-0.8494,-0.5277,0,-0.0241,0.5276,-0.8491,0,0.9997,0.0078,-0.0235,0,0,1.0537,0,1]},
{"frame":91,"values":[-0.0062,-0.8494,-0.5277,0,-0.0257,0.5276,-0.8491,0,0.9997,0.0083,-0.0251,0,0,1.0537,0,1]},
{"frame":92,"values":[-0.0048,-0.8494,-0.5277,0,-0.0201,0.5277,-0.8492,0,0.9998,0.0065,-0.0196,0,0,1.0537,0,1]},
{"frame":93,"values":[-0.0007,-0.8494,-0.5277,0,-0.003,0.5277,-0.8494,0,1,0.001,-0.0029,0,0,1.0537,0,1]},
{"frame":94,"values":[0.0062,-0.8494,-0.5277,0,0.0258,0.5276,-0.8491,0,0.9996,-0.0084,0.0252,0,0,1.0537,0,1]},
{"frame":95,"values":[0.0156,-0.8496,-0.5272,0,0.0651,0.5271,-0.8473,0,0.9978,-0.0211,0.0636,0,0,1.0537,0,1]},
{"frame":96,"values":[0.0269,-0.8499,-0.5263,0,0.1122,0.5257,-0.8432,0,0.9933,-0.0364,0.1095,0,0,1.0537,0,1]},
{"frame":97,"values":[0.039,-0.8504,-0.5246,0,0.1629,0.5234,-0.8364,0,0.9859,-0.0528,0.1589,0,0,1.0537,0,1]},
{"frame":98,"values":[0.051,-0.8512,-0.5224,0,0.2127,0.5203,-0.8271,0,0.9758,-0.0689,0.2076,0,0,1.0537,0,1]},
{"frame":99,"values":[0.0618,-0.852,-0.5198,0,0.258,0.5168,-0.8163,0,0.9642,-0.0836,0.2518,0,0,1.0537,0,1]},
{"frame":100,"values":[0.0711,-0.8529,-0.5172,0,0.2964,0.5132,-0.8055,0,0.9524,-0.0961,0.2893,0,0,1.0537,0,1]},
{"frame":101,"values":[0.0784,-0.8537,-0.5149,0,0.3271,0.5099,-0.7956,0,0.9417,-0.106,0.3192,0,0,1.0537,0,1]},
{"frame":102,"values":[0.0849,-0.8545,-0.5125,0,0.3542,0.5067,-0.786,0,0.9313,-0.1148,0.3457,0,0,1.0537,0,1]},
{"frame":103,"values":[0.0916,-0.8553,-0.51,0,0.382,0.5031,-0.7752,0,0.9196,-0.1238,0.3728,0,0,1.0537,0,1]},
{"frame":104,"values":[0.0982,-0.8562,-0.5072,0,0.4097,0.4992,-0.7635,0,0.9069,-0.1328,0.3998,0,0,1.0537,0,1]},
{"frame":105,"values":[0.1046,-0.8572,-0.5042,0,0.4361,0.4952,-0.7514,0,0.8938,-0.1414,0.4256,0,0,1.0537,0,1]},
{"frame":106,"values":[0.1103,-0.8581,-0.5014,0,0.46,0.4913,-0.7396,0,0.881,-0.1491,0.449,0,0,1.0537,0,1]},
{"frame":107,"values":[0.1151,-0.859,-0.4989,0,0.4802,0.4878,-0.729,0,0.8696,-0.1556,0.4686,0,0,1.0537,0,1]},
{"frame":108,"values":[0.1189,-0.8597,-0.4968,0,0.4958,0.4849,-0.7204,0,0.8603,-0.1607,0.4839,0,0,1.0537,0,1]},
{"frame":109,"values":[0.1214,-0.8602,-0.4954,0,0.5066,0.4829,-0.7143,0,0.8536,-0.1642,0.4944,0,0,1.0537,0,1]},
{"frame":110,"values":[0.1229,-0.8604,-0.4945,0,0.5127,0.4817,-0.7107,0,0.8497,-0.1662,0.5004,0,0,1.0537,0,1]},
{"frame":111,"values":[0.1234,-0.8605,-0.4942,0,0.5147,0.4813,-0.7096,0,0.8485,-0.1668,0.5023,0,0,1.0537,0,1]},
{"frame":112,"values":[0.1212,-0.8601,-0.4955,0,0.5057,0.483,-0.7148,0,0.8542,-0.1639,0.4935,0,0,1.0537,0,1]},
{"frame":113,"values":[0.1146,-0.8589,-0.4992,0,0.4782,0.4881,-0.7301,0,0.8708,-0.155,0.4666,0,0,1.0537,0,1]},
{"frame":114,"values":[0.1036,-0.8571,-0.5047,0,0.4321,0.4958,-0.7533,0,0.8958,-0.1401,0.4217,0,0,1.0537,0,1]},
{"frame":115,"values":[0.0887,-0.8549,-0.5111,0,0.3698,0.5047,-0.7801,0,0.9249,-0.1199,0.3609,0,0,1.0537,0,1]},
{"frame":116,"values":[0.0711,-0.8529,-0.5172,0,0.2968,0.5131,-0.8054,0,0.9523,-0.0962,0.2896,0,0,1.0537,0,1]},
{"frame":117,"values":[0.0532,-0.8513,-0.5219,0,0.2219,0.5197,-0.8251,0,0.9736,-0.0719,0.2165,0,0,1.0537,0,1]},
{"frame":118,"values":[0.0371,-0.8503,-0.5249,0,0.1547,0.5238,-0.8376,0,0.9873,-0.0502,0.151,0,0,1.0537,0,1]},
{"frame":119,"values":[0.0247,-0.8498,-0.5265,0,0.1031,0.526,-0.8442,0,0.9944,-0.0334,0.1006,0,0,1.0537,0,1]},
{"frame":120,"values":[0.0171,-0.8496,-0.5271,0,0.0714,0.5269,-0.8469,0,0.9973,-0.0231,0.0696,0,0,1.0537,0,1]},
{"frame":121,"values":[0.0146,-0.8495,-0.5273,0,0.0608,0.5271,-0.8476,0,0.998,-0.0197,0.0593,0,0,1.0537,0,1]}],"loopBehavior":1,"name":"anim","property":"_matrix"}},
{"name":"forearm.R","index":15,"matrix":[0.9639,-0.2654,0.0202,0,0.2373,0.8221,-0.5175,0,0.1207,0.5037,0.8554,0,0,1.4513,0,1],"rest":[0.9626,-0.2709,0,0,0.2709,0.9626,0,0,0,0,1,0,0,1.4513,0,1],"parentBoneIndex":14,"length":1.254
,"animation":{"dataType":3,"framePerSecond":60,"keys":[
{"frame":0,"values":[0.6988,-0.7111,-0.078,0,0.4494,0.5212,-0.7255,0,0.5565,0.4719,0.6838,0,0,1.4513,0,1]},
{"frame":1,"values":[0.7001,-0.71,-0.0761,0,0.4498,0.5213,-0.7252,0,0.5546,0.4734,0.6843,0,0,1.4513,0,1]},
{"frame":2,"values":[0.704,-0.7067,-0.0706,0,0.4511,0.5217,-0.7241,0,0.5486,0.478,0.686,0,0,1.4513,0,1]},
{"frame":3,"values":[0.7105,-0.7011,-0.0612,0,0.4532,0.5223,-0.7224,0,0.5384,0.4855,0.6888,0,0,1.4513,0,1]},
{"frame":4,"values":[0.7193,-0.693,-0.0482,0,0.456,0.5234,-0.7198,0,0.5241,0.4958,0.6925,0,0,1.4513,0,1]},
{"frame":5,"values":[0.7303,-0.6824,-0.0315,0,0.4596,0.5249,-0.7164,0,0.5055,0.5087,0.6969,0,0,1.4513,0,1]},
