{"producer":{"name":"Blender","version":"2.76 (sub 0)","exporter_version":"5.2.0","file":"mage_anim1.babylon"},
"autoClear":true,"clearColor":[0.0509,0.0509,0.0509],"ambientColor":[0,0,0],"gravity":[0,-9.81,0],
"materials":[{"name":"mage_anim1.Material.001","id":"mage_anim1.Material.001","ambient":[0.8,0.8,0.8],"diffuse":[0.64,0.64,0.64],"specular":[0.5,0.5,0.5],"emissive":[0,0,0],"specularPower":50,"alpha":1,"backFaceCulling":true,"checkReadyOnlyOnce":false,"maxSimultaneousLights":4, 
"diffuseTexture":{"name":"MagesTexture.png","level":1,"hasAlpha":1,"coordinatesMode":0,"uOffset":0,"vOffset":0,"uScale":1,"vScale":1,"uAng":0,"vAng":0,"wAng":0,"wrapU":1,"wrapV":1,"coordinatesIndex":0}}],
"multiMaterials":[],
"skeletons":[{"name":"Armature","id":0,"dimensionsAtRest":[58.5583,53.0011,26.9233],"bones":[
{"name":"Control","index":0,"matrix":[-1,0,0,0,0,0,-1,0,0,1,0,0,0,-0.1863,-0.0097,1],"rest":[-1,0,0,0,0,0,-1,0,0,1,0,0,0,-0.1863,-0.0097,1],"parentBoneIndex":-1,"length":14.1391
,"animation":{"dataType":3,"framePerSecond":30,"keys":[
{"frame":1,"values":[-1,0,0,0,0,0,-1,0,0,1,0,0,0,-0.1863,-0.0097,1]},
{"frame":110,"values":[-0.9996,0,0.0285,0,-0.0285,0,-0.9996,0,0,1,0,0,0,-0.1863,-0.0097,1]},
{"frame":111,"values":[-0.9935,0,0.1141,0,-0.1141,0,-0.9935,0,0,1,0,0,0,-0.1863,-0.0097,1]},
{"frame":112,"values":[-0.9685,0,0.2491,0,-0.2491,0,-0.9685,0,0,1,0,0,0,-0.1863,-0.0097,1]},
{"frame":113,"values":[-0.9126,0,0.4089,0,-0.4089,0,-0.9126,0,0,1,0,0,0,-0.1863,-0.0097,1]},
{"frame":114,"values":[-0.8305,0,0.557,0,-0.557,0,-0.8305,0,0,1,0,0,0,-0.1863,-0.0097,1]},
{"frame":115,"values":[-0.7464,0,0.6655,0,-0.6655,0,-0.7464,0,0,1,0,0,0,-0.1863,-0.0097,1]},
{"frame":116,"values":[-0.6866,0,0.7271,0,-0.7271,0,-0.6866,0,0,1,0,0,0,-0.1863,-0.0097,1]},
{"frame":117,"values":[-0.6656,0,0.7463,0,-0.7463,0,-0.6656,0,0,1,0,0,0,-0.1863,-0.0097,1]},
{"frame":128,"values":[-0.7245,0,0.6892,0,-0.6892,0,-0.7245,0,0,1,0,0,0,-0.1863,-0.0097,1]},
{"frame":129,"values":[-0.8664,0,0.4993,0,-0.4993,0,-0.8664,0,0,1,0,0,0,-0.1863,-0.0097,1]},
{"frame":130,"values":[-0.9742,0,0.2257,0,-0.2257,0,-0.9742,0,0,1,0,0,0,-0.1863,-0.0097,1]},
{"frame":131,"values":[-1,0,0,0,0,0,-1,0,0,1,0,0,0,-0.1863,-0.0097,1]},
{"frame":132,"values":[-0.9821,0,-0.1882,0,0.1882,0,-0.9821,0,0,1,0,0,0,-0.1863,-0.0194,1]},
{"frame":133,"values":[-0.9214,0,-0.3887,0,0.3887,0,-0.9214,0,0,1,0,0,0,-0.1863,-0.0476,1]},
{"frame":134,"values":[-0.8219,0,-0.5696,0,0.5696,0,-0.8219,0,0,1,0,0,0,-0.1863,-0.0882,1]},
{"frame":135,"values":[-0.7151,0,-0.699,0,0.699,0,-0.7151,0,0,1,0,0,0,-0.1863,-0.1287,1]},
{"frame":136,"values":[-0.6395,0,-0.7688,0,0.7688,0,-0.6395,0,0,1,0,0,0,-0.1863,-0.1569,1]},
{"frame":137,"values":[-0.614,0,-0.7893,0,0.7893,0,-0.614,0,0,1,0,0,0,-0.1863,-0.1666,1]},
{"frame":149,"values":[-0.6742,0,-0.7386,0,0.7386,0,-0.6742,0,0,1,0,0,0,-0.1863,-0.1527,1]},
{"frame":150,"values":[-0.8234,0,-0.5674,0,0.5674,0,-0.8234,0,0,1,0,0,0,-0.1863,-0.1134,1]},
{"frame":151,"values":[-0.9534,0,-0.3016,0,0.3016,0,-0.9534,0,0,1,0,0,0,-0.1863,-0.063,1]},
{"frame":152,"values":[-0.9969,0,-0.0787,0,0.0787,0,-0.9969,0,0,1,0,0,0,-0.1863,-0.0237,1]},
{"frame":153,"values":[-1,0,0,0,0,0,-1,0,0,1,0,0,0,-0.1863,-0.0097,1]},
{"frame":162,"values":[-1,0,0,0,0,0.1707,-0.9853,0,0,0.9853,0.1707,0,0,0.0954,0.0853,1]},
{"frame":163,"values":[-1,0,0,0,0,0.5957,-0.8032,0,0,0.8032,0.5957,0,0,0.7767,0.3213,1]},
{"frame":164,"values":[-1,0,0,0,0,0.8828,-0.4697,0,0,0.4697,0.8828,0,0,1.301,0.5166,1]},
{"frame":165,"values":[-1,0,0,0,0,0.9974,-0.0722,0,0,0.0722,0.9974,0,0,1.5668,0.6188,1]},
{"frame":166,"values":[-1,0,0,0,0,0.9422,0.335,0,0,-0.335,0.9422,0,0,1.6951,0.6849,1]},
{"frame":167,"values":[-1,0,0,0,0,0.8812,0.4728,0,0,-0.4728,0.8812,0,0,1.7183,0.7773,1]},
{"frame":168,"values":[-1,0,0,0,0,0.9335,0.3586,0,0,-0.3586,0.9335,0,0,1.2698,0.917,1]},
{"frame":169,"values":[-1,0,0,0,0,0.9952,0.0978,0,0,-0.0978,0.9952,0,0,0.3102,1.0823,1]},
{"frame":170,"values":[-1,0,0,0,0,0.9997,-0.0255,0,0,0.0255,0.9997,0,0,-0.1382,1.2265,1]},
{"frame":171,"values":[-1,0,0,0,0,0.9997,-0.0255,0,0,0.0255,0.9997,0,0,-0.0713,1.3419,1]},
{"frame":172,"values":[-1,0,0,0,0,0.9997,-0.0255,0,0,0.0255,0.9997,0,0,-0.0045,1.4239,1]},
{"frame":173,"values":[-1,0,0,0,0,0.9997,-0.0255,0,0,0.0255,0.9997,0,0,-0.0662,1.4788,1]},
{"frame":174,"values":[-1,0,0,0,0,0.9997,-0.0255,0,0,0.0255,0.9997,0,0,-0.1382,1.4945,1]},
{"frame":175,"values":[-1,0,0,0,0,0.9974,-0.0718,0,0,0.0718,0.9974,0,0,-0.1545,1.4529,1]},
{"frame":176,"values":[-1,0,0,0,0,0.9768,-0.2143,0,0,0.2143,0.9768,0,0,-0.1676,1.323,1]},
{"frame":177,"values":[-1,0,0,0,0,0.8988,-0.4383,0,0,0.4383,0.8988,0,0,-0.177,1.1073,1]},
{"frame":178,"values":[-1,0,0,0,0,0.7288,-0.6848,0,0,0.6848,0.7288,0,0,-0.1826,0.8288,1]},
{"frame":179,"values":[-1,0,0,0,0,0.4842,-0.8749,0,0,0.8749,0.4842,0,0,-0.1853,0.5267,1]},
{"frame":180,"values":[-1,0,0,0,0,0.2258,-0.9742,0,0,0.9742,0.2258,0,0,-0.1858,0.2392,1]},
{"frame":181,"values":[-1,0,0,0,0,0,-1,0,0,1,0,0,0,-0.1863,-0.0097,1]},
{"frame":182,"values":[-1,0,0,0,0,-0.1969,-0.9804,0,0,0.9804,-0.1969,0,0,-0.0224,-0.2433,1]},
{"frame":183,"values":[-1,0,0,0,0,-0.3924,-0.9198,0,0,0.9198,-0.3924,0,0,0.4083,-0.4859,1]},
{"frame":184,"values":[-1,0,0,0,0,-0.6001,-0.7999,0,0,0.7999,-0.6001,0,0,0.8187,-0.7194,1]},
{"frame":185,"values":[-1,0,0,0,0,-0.8451,-0.5346,0,0,0.5346,-0.8451,0,0,1.211,-0.9538,1]},
{"frame":186,"values":[-1,0,0,0,0,-0.9896,-0.1437,0,0,0.1437,-0.9896,0,0,1.6027,-1.1813,1]},
{"frame":187,"values":[-1,0,0,0,0,-0.9998,0.0217,0,0,-0.0217,-0.9998,0,0,1.7485,-1.3633,1]},
{"frame":188,"values":[-1,0,0,0,0,-0.9998,0.0192,0,0,-0.0192,-0.9998,0,0,1.3446,-1.4901,1]},
{"frame":189,"values":[-1,0,0,0,0,-1,0.0065,0,0,-0.0065,-1,0,0,0.4803,-1.5709,1]},
{"frame":190,"values":[-1,0,0,0,0,-1,0,0,0,0,-1,0,0,0.0763,-1.6614,1]},
{"frame":191,"values":[-1,0,0,0,0,-1,0,0,0,0,-1,0,0,0.2134,-1.7863,1]},
{"frame":192,"values":[-1,0,0,0,0,-1,0,0,0,0,-1,0,0,0.3505,-1.9008,1]},
{"frame":193,"values":[-1,0,0,0,0,-1,0,0,0,0,-1,0,0,0.2134,-1.9913,1]},
{"frame":194,"values":[-1,0,0,0,0,-1,0,0,0,0,-1,0,0,0.0763,-2.0282,1]},
{"frame":198,"values":[-1,0,0,0,0,-0.7071,-0.7071,0,0,0.7071,-0.7071,0,0,-0.055,-1.019,1]},
{"frame":199,"values":[-1,0,0,0,0,0,-1,0,0,1,0,0,0,-0.1863,-0.0097,1]},
{"frame":223,"values":[-1,0,0,0,0,0,-1,0,0,1,0,0,0,-0.1863,-0.0097,1]}],"loopBehavior":1,"name":"anim","property":"_matrix"}},
{"name":"Hips","index":1,"matrix":[-1,0,0,0,0,0.0493,0.9988,0,0,0.9988,-0.0493,0,0,3.2681,21.6756,1],"rest":[-1,0,0,0,0,0.0493,0.9988,0,0,0.9988,-0.0493,0,0,3.2681,21.6756,1],"parentBoneIndex":0,"length":5.3339
,"animation":{"dataType":3,"framePerSecond":30,"keys":[
{"frame":1,"values":[-1,0,0,0,0,0.0493,0.9988,0,0,0.9988,-0.0493,0,0,3.2681,21.6756,1]},
{"frame":2,"values":[-1,0,0,0,0,0.0493,0.9988,0,0,0.9988,-0.0493,0,0,3.2681,21.6755,1]},
{"frame":3,"values":[-1,0,0,0,0,0.0493,0.9988,0,0,0.9988,-0.0493,0,0,3.2681,21.6751,1]},
{"frame":4,"values":[-1,0,0,0,0,0.0493,0.9988,0,0,0.9988,-0.0493,0,0,3.268,21.6745,1]},
{"frame":5,"values":[-1,0,0,0,0,0.0493,0.9988,0,0,0.9988,-0.0493,0,0,3.268,21.6736,1]},
{"frame":6,"values":[-1,0,0,0,0,0.0493,0.9988,0,0,0.9988,-0.0493,0,0,3.2679,21.6726,1]},
{"frame":7,"values":[-1,0,0,0,0,0.0493,0.9988,0,0,0.9988,-0.0493,0,0,3.2679,21.6714,1]},
{"frame":8,"values":[-1,0,0,0,0,0.0493,0.9988,0,0,0.9988,-0.0493,0,0,3.2678,21.6701,1]},
{"frame":9,"values":[-1,0,0,0,0,0.0493,0.9988,0,0,0.9988,-0.0493,0,0,3.2677,21.6687,1]},
{"frame":10,"values":[-1,0,0,0,0,0.0493,0.9988,0,0,0.9988,-0.0493,0,0,3.2677,21.6674,1]},
{"frame":11,"values":[-1,0,0,0,0,0.0493,0.9988,0,0,0.9988,-0.0493,0,0,3.2676,21.6662,1]},
{"frame":12,"values":[-1,0,0,0,0,0.0493,0.9988,0,0,0.9988,-0.0493,0,0,3.2676,21.6652,1]},
{"frame":13,"values":[-1,0,0,0,0,0.0493,0.9988,0,0,0.9988,-0.0493,0,0,3.2676,21.6643,1]},
{"frame":14,"values":[-1,0,0,0,0,0.0493,0.9988,0,0,0.9988,-0.0493,0,0,3.2676,21.6637,1]},
{"frame":15,"values":[-1,0,0,0,0,0.0493,0.9988,0,0,0.9988,-0.0493,0,0,3.2676,21.6634,1]},
{"frame":16,"values":[-1,0,0,0,0,0.0493,0.9988,0,0,0.9988,-0.0493,0,0,3.2676,21.6635,1]},
{"frame":17,"values":[-1,0,0,0,0,0.0493,0.9988,0,0,0.9988,-0.0493,0,0,3.2676,21.6636,1]},
{"frame":18,"values":[-1,0,0,0,0,0.0493,0.9988,0,0,0.9988,-0.0493,0,0,3.2676,21.6637,1]},
{"frame":19,"values":[-1,0,0,0,0,0.0493,0.9988,0,0,0.9988,-0.0493,0,0,3.2676,21.6641,1]},
{"frame":20,"values":[-1,0,0,0,0,0.0493,0.9988,0,0,0.9988,-0.0493,0,0,3.2676,21.6648,1]},
{"frame":21,"values":[-1,0,0,0,0,0.0493,0.9988,0,0,0.9988,-0.0493,0,0,3.2676,21.6655,1]},
{"frame":22,"values":[-1,0,0,0,0,0.0493,0.9988,0,0,0.9988,-0.0493,0,0,3.2677,21.6664,1]},
{"frame":23,"values":[-1,0,0,0,0,0.0493,0.9988,0,0,0.9988,-0.0493,0,0,3.2677,21.6673,1]},
{"frame":24,"values":[-1,0,0,0,0,0.0493,0.9988,0,0,0.9988,-0.0493,0,0,3.2678,21.6684,1]},
{"frame":25,"values":[-1,0,0,0,0,0.0493,0.9988,0,0,0.9988,-0.0493,0,0,3.2678,21.6695,1]},
{"frame":26,"values":[-1,0,0,0,0,0.0493,0.9988,0,0,0.9988,-0.0493,0,0,3.2679,21.6706,1]},
{"frame":27,"values":[-1,0,0,0,0,0.0493,0.9988,0,0,0.9988,-0.0493,0,0,3.2679,21.6717,1]},
{"frame":28,"values":[-1,0,0,0,0,0.0493,0.9988,0,0,0.9988,-0.0493,0,0,3.268,21.6729,1]},
{"frame":29,"values":[-1,0,0,0,0,0.0493,0.9988,0,0,0.9988,-0.0493,0,0,3.268,21.674,1]},
{"frame":30,"values":[-1,0,0,0,0,0.0493,0.9988,0,0,0.9988,-0.0493,0,0,3.268,21.675,1]},
{"frame":31,"values":[-1,0,0,0,0,0.0493,0.9988,0,0,0.9988,-0.0493,0,0,3.268,21.6756,1]},
{"frame":32,"values":[-1,0,0,0,0,0.0493,0.9988,0,0,0.9988,-0.0493,0,0,3.2679,21.6756,1]},
{"frame":33,"values":[-0.9999,0.0173,-0.0009,0,0,0.0493,0.9988,0,0.0173,0.9986,-0.0493,0,0,3.2679,21.6716,1]},
{"frame":34,"values":[-0.998,0.0625,-0.0031,0,0,0.0494,0.9988,0,0.0625,0.9968,-0.0493,0,0,3.2673,21.66,1]},
{"frame":35,"values":[-0.9942,0.1075,-0.0053,0,0,0.0496,0.9988,0,0.1076,0.993,-0.0493,0,0,3.2666,21.6445,1]},
{"frame":36,"values":[-0.9922,0.1247,-0.0062,0,0,0.0497,0.9988,0,0.1248,0.991,-0.0493,0,0,3.2659,21.6311,1]},
{"frame":37,"values":[-0.9927,0.1209,-0.006,0,0,0.0496,0.9988,0,0.121,0.9914,-0.0493,0,0,3.2652,21.6169,1]},
{"frame":38,"values":[-0.994,0.1093,-0.0054,0,0,0.0496,0.9988,0,0.1095,0.9928,-0.0493,0,0,3.2645,21.6022,1]},
{"frame":39,"values":[-0.9959,0.0902,-0.0045,0,0,0.0495,0.9988,0,0.0904,0.9947,-0.0493,0,0,3.2645,21.5967,1]},
{"frame":40,"values":[-0.9979,0.0644,-0.0032,0,0,0.0494,0.9988,0,0.0645,0.9967,-0.0493,0,0,3.2644,21.6007,1]},
{"frame":41,"values":[-0.9994,0.0334,-0.0017,0,0,0.0493,0.9988,0,0.0334,0.9982,-0.0493,0,0,3.2651,21.6137,1]},
{"frame":42,"values":[-1,-0.0005,0,0,0,0.0493,0.9988,0,-0.0005,0.9988,-0.0493,0,0,3.2659,21.6311,1]},
{"frame":43,"values":[-0.9994,-0.0343,0.0017,0,0,0.0493,0.9988,0,-0.0344,0.9982,-0.0493,0,0,3.2672,21.6574,1]},
{"frame":44,"values":[-0.9979,-0.0654,0.0032,0,0,0.0494,0.9988,0,-0.0654,0.9966,-0.0493,0,0,3.2688,21.6892,1]},
{"frame":45,"values":[-0.9958,-0.0912,0.0045,0,0,0.0495,0.9988,0,-0.0913,0.9946,-0.0493,0,0,3.2694,21.702,1]},
{"frame":46,"values":[-0.9939,-0.1103,0.0054,0,0,0.0496,0.9988,0,-0.1104,0.9927,-0.0493,0,0,3.2688,21.6892,1]},
{"frame":47,"values":[-0.9925,-0.1218,0.006,0,0,0.0496,0.9988,0,-0.122,0.9913,-0.0493,0,0,3.2672,21.6574,1]},
{"frame":48,"values":[-0.9921,-0.1256,0.0062,0,0,0.0497,0.9988,0,-0.1258,0.9908,-0.0493,0,0,3.2659,21.6311,1]},
{"frame":49,"values":[-0.9925,-0.1218,0.006,0,0,0.0496,0.9988,0,-0.122,0.9913,-0.0493,0,0,3.2651,21.6137,1]},
{"frame":50,"values":[-0.9939,-0.1103,0.0054,0,0,0.0496,0.9988,0,-0.1104,0.9927,-0.0493,0,0,3.2644,21.6007,1]},
{"frame":51,"values":[-0.9958,-0.0912,0.0045,0,0,0.0495,0.9988,0,-0.0913,0.9946,-0.0493,0,0,3.2644,21.5967,1]},
{"frame":52,"values":[-0.9979,-0.0654,0.0032,0,0,0.0494,0.9988,0,-0.0654,0.9966,-0.0493,0,0,3.2644,21.6007,1]},
{"frame":53,"values":[-0.9994,-0.0343,0.0017,0,0,0.0493,0.9988,0,-0.0344,0.9982,-0.0493,0,0,3.2651,21.6137,1]},
{"frame":54,"values":[-1,-0.0005,0,0,0,0.0493,0.9988,0,-0.0005,0.9988,-0.0493,0,0,3.2659,21.6311,1]},
{"frame":55,"values":[-0.9994,0.0334,-0.0017,0,0,0.0493,0.9988,0,0.0334,0.9982,-0.0493,0,0,3.2672,21.6574,1]},
{"frame":56,"values":[-0.9979,0.0644,-0.0032,0,0,0.0493,0.9988,0,0.0645,0.9967,-0.0492,0,0,3.2688,21.6892,1]},
{"frame":57,"values":[-0.9959,0.0902,-0.0045,0,0,0.0494,0.9988,0,0.0904,0.9947,-0.0492,0,0,3.2694,21.702,1]},
{"frame":58,"values":[-0.994,0.1093,-0.0054,0,0,0.0495,0.9988,0,0.1095,0.9928,-0.0492,0,0,3.2686,21.6849,1]},
{"frame":59,"values":[-0.9927,0.1209,-0.006,0,0,0.0496,0.9988,0,0.121,0.9914,-0.0492,0,0,3.2668,21.6482,1]},
{"frame":60,"values":[-0.9922,0.1247,-0.0062,0,0,0.0496,0.9988,0,0.1248,0.991,-0.0492,0,0,3.2659,21.6311,1]},
{"frame":61,"values":[-0.9931,0.117,-0.0058,0,0,0.0495,0.9988,0,0.1171,0.9919,-0.0492,0,0,3.2662,21.6339,1]},
{"frame":62,"values":[-0.9955,0.0947,-0.0047,0,0,0.0494,0.9988,0,0.0948,0.9943,-0.0492,0,0,3.2664,21.6419,1]},
{"frame":63,"values":[-0.998,0.0624,-0.0031,0,0,0.0493,0.9988,0,0.0625,0.9968,-0.0492,0,0,3.267,21.6533,1]},
{"frame":64,"values":[-0.9995,0.0302,-0.0015,0,0,0.0492,0.9988,0,0.0302,0.9983,-0.0492,0,0,3.2676,21.6648,1]},
{"frame":65,"values":[-1,0.0077,-0.0004,0,0,0.0492,0.9988,0,0.0077,0.9988,-0.0492,0,0,3.2678,21.6728,1]},
{"frame":66,"values":[-1,0,0,0,0,0.0492,0.9988,0,0,0.9988,-0.0492,0,0,3.2681,21.6756,1]},
{"frame":67,"values":[-1,0,0,0,0,0.0492,0.9988,0,0,0.9988,-0.0492,0,0,3.2673,21.6591,1]},
{"frame":68,"values":[-1,0,0,0,0,0.0492,0.9988,0,0,0.9988,-0.0492,0,0,3.2652,21.6159,1]},
{"frame":69,"values":[-1,0,0,0,0,0.0492,0.9988,0,0,0.9988,-0.0492,0,0,3.263,21.5727,1]},
{"frame":70,"values":[-1,0,0,0,0,0.0492,0.9988,0,0,0.9988,-0.0492,0,0,3.2622,21.5561,1]},
{"frame":75,"values":[-1,0,0,0,0,0.0492,0.9988,0,0,0.9988,-0.0492,0,0,3.263,21.5719,1]},
{"frame":76,"values":[-1,0,0,0,0,0.0492,0.9988,0,0,0.9988,-0.0492,0,0,3.265,21.6129,1]},
{"frame":77,"values":[-1,0,0,0,0,0.0492,0.9988,0,0,0.9988,-0.0492,0,0,3.2669,21.6507,1]},
{"frame":78,"values":[-1,0,0,0,0,0.0492,0.9988,0,0,0.9988,-0.0492,0,0,3.2683,21.6803,1]},
{"frame":79,"values":[-1,0,0,0,0,0.0492,0.9988,0,0,0.9988,-0.0492,0,0,3.2699,21.7115,1]},
{"frame":80,"values":[-1,0,0,0,0,0.0492,0.9988,0,0,0.9988,-0.0492,0,0,3.2714,21.743,1]},
{"frame":81,"values":[-1,0,0,0,0,0.0492,0.9988,0,0,0.9988,-0.0492,0,0,3.2729,21.7736,1]},
{"frame":82,"values":[-1,0,0,0,0,0.0492,0.9988,0,0,0.9988,-0.0492,0,0,3.2743,21.8013,1]},
{"frame":83,"values":[-1,0,0,0,0,0.0492,0.9988,0,0,0.9988,-0.0492,0,0,3.2755,21.8249,1]},
{"frame":84,"values":[-1,0,0,0,0,0.0492,0.9988,0,0,0.9988,-0.0492,0,0,3.2764,21.8438,1]},
{"frame":85,"values":[-1,0,0,0,0,0.0492,0.9988,0,0,0.9988,-0.0492,0,0,3.2771,21.8583,1]},
{"frame":86,"values":[-1,0,0,0,0,0.0492,0.9988,0,0,0.9988,-0.0492,0,0,3.2777,21.87,1]},
{"frame":87,"values":[-1,0,0,0,0,0.0492,0.9988,0,0,0.9988,-0.0492,0,0,3.2782,21.8798,1]},
{"frame":88,"values":[-1,0,0,0,0,0.0492,0.9988,0,0,0.9988,-0.0492,0,0,3.2785,21.8873,1]},
{"frame":89,"values":[-1,0,0,0,0,0.0492,0.9988,0,0,0.9988,-0.0492,0,0,3.2788,21.8924,1]},
{"frame":90,"values":[-1,0,0,0,0,0.0493,0.9988,0,0,0.9988,-0.0493,0,0,3.2788,21.8954,1]},
{"frame":91,"values":[-1,0,0,0,0,0.0493,0.9988,0,0,0.9988,-0.0493,0,0,3.2787,21.8968,1]},
{"frame":92,"values":[-1,0,0,0,0,0.0493,0.9988,0,0,0.9988,-0.0493,0,0,3.2787,21.8972,1]},
{"frame":93,"values":[-1,0,0,0,0,0.0493,0.9988,0,0,0.9988,-0.0493,0,0,3.2787,21.8971,1]},
{"frame":94,"values":[-1,0,0,0,0,0.0493,0.9988,0,0,0.9988,-0.0493,0,0,3.2786,21.897,1]},
{"frame":95,"values":[-1,0,0,0,0,0.0493,0.9988,0,0,0.9988,-0.0493,0,0,3.2786,21.8969,1]},
{"frame":96,"values":[-1,0,0,0,0,0.0493,0.9988,0,0,0.9988,-0.0493,0,0,3.2786,21.896,1]},
{"frame":97,"values":[-1,0,0,0,0,0.0493,0.9988,0,0,0.9988,-0.0493,0,0,3.2785,21.894,1]},
{"frame":98,"values":[-1,0,0,0,0,0.0493,0.9988,0,0,0.9988,-0.0493,0,0,3.2785,21.8904,1]},
{"frame":99,"values":[-1,0,0,0,0,0.0493,0.9988,0,0,0.9988,-0.0493,0,0,3.2784,21.885,1]},
{"frame":100,"values":[-1,0,0,0,0,0.0493,0.9988,0,0,0.9988,-0.0493,0,0,3.2781,21.8778,1]},
{"frame":101,"values":[-1,0,0,0,0,0.0493,0.9988,0,0,0.9988,-0.0493,0,0,3.2776,21.8688,1]},
{"frame":102,"values":[-1,0,0,0,0,0.0493,0.9988,0,0,0.9988,-0.0493,0,0,3.2771,21.8583,1]},
{"frame":103,"values":[-1,0,0,0,0,0.0493,0.9988,0,0,0.9988,-0.0493,0,0,3.2764,21.8431,1]},
{"frame":104,"values":[-1,0,0,0,0,0.0493,0.9988,0,0,0.9988,-0.0493,0,0,3.2752,21.8196,1]},
{"frame":105,"values":[-1,0,0,0,0,0.0493,0.9988,0,0,0.9988,-0.0493,0,0,3.2737,21.7891,1]},
{"frame":106,"values":[-1,0,0,0,0,0.0493,0.9988,0,0,0.9988,-0.0493,0,0,3.272,21.7552,1]},
{"frame":107,"values":[-1,0,0,0,0,0.0493,0.9988,0,0,0.9988,-0.0493,0,0,3.2704,21.7227,1]},
{"frame":108,"values":[-1,0,0,0,0,0.0493,0.9988,0,0,0.9988,-0.0493,0,0,3.2691,21.6956,1]},
{"frame":109,"values":[-1,0,0,0,0,0.0493,0.9988,0,0,0.9988,-0.0493,0,0,3.2681,21.6756,1]},
{"frame":110,"values":[-1,0.0086,-0.0004,0,0,0.0493,0.9988,0,0.0086,0.9987,-0.0493,0,0,3.2674,21.6604,1]},
{"frame":111,"values":[-0.9994,0.0353,-0.0017,0,0,0.0491,0.9988,0,0.0353,0.9982,-0.049,0,0,3.2667,21.6477,1]},
{"frame":112,"values":[-0.9968,0.0796,-0.0039,0,0,0.0489,0.9988,0,0.0797,0.9956,-0.0488,0,0,3.2662,21.6378,1]},
{"frame":113,"values":[-0.9904,0.1378,-0.0068,0,0,0.049,0.9988,0,0.138,0.9892,-0.0485,0,0,3.266,21.6311,1]},
{"frame":114,"values":[-0.9792,0.2029,-0.01,0,0,0.0493,0.9988,0,0.2031,0.978,-0.0483,0,0,3.2657,21.6272,1]},
{"frame":115,"values":[-0.9638,0.2665,-0.0132,0,0,0.0493,0.9988,0,0.2668,0.9626,-0.0475,0,0,3.2657,21.6253,1]},
{"frame":116,"values":[-0.9464,0.3225,-0.0159,0,0,0.0493,0.9988,0,0.3229,0.9453,-0.0467,0,0,3.2656,21.6247,1]},
{"frame":117,"values":[-0.9297,0.3678,-0.0182,0,0.0001,0.0494,0.9988,0,0.3683,0.9286,-0.046,0,0,3.2656,21.6247,1]},
{"frame":118,"values":[-0.9106,0.4128,-0.0194,0,0.0011,0.0493,0.9988,0,0.4132,0.9095,-0.0453,0,-0.0095,3.2741,21.6247,1]},
{"frame":119,"values":[-0.8872,0.4609,-0.0193,0,0.0038,0.0491,0.9988,0,0.4613,0.8861,-0.0454,0,-0.0343,3.2962,21.6247,1]},
{"frame":120,"values":[-0.8684,0.4955,-0.0185,0,0.0064,0.0486,0.9988,0,0.4958,0.8672,-0.0454,0,-0.0591,3.3183,21.6247,1]},
{"frame":121,"values":[-0.8618,0.5068,-0.0182,0,0.0074,0.0484,0.9988,0,0.5071,0.8607,-0.0455,0,-0.0686,3.3268,21.6247,1]},
{"frame":122,"values":[-0.8618,0.5068,-0.0182,0,0.0075,0.0485,0.9988,0,0.5071,0.8607,-0.0455,0,-0.0686,3.3268,21.6247,1]},
{"frame":123,"values":[-0.8618,0.5068,-0.0182,0,0.0075,0.0485,0.9988,0,0.5071,0.8607,-0.0456,0,-0.0686,3.3268,21.6247,1]},
{"frame":124,"values":[-0.8618,0.5068,-0.0182,0,0.0075,0.0486,0.9988,0,0.5071,0.8607,-0.0457,0,-0.0686,3.3268,21.6247,1]},
{"frame":126,"values":[-0.8618,0.5068,-0.0182,0,0.0076,0.0487,0.9988,0,0.5071,0.8607,-0.0458,0,-0.0686,3.3268,21.6246,1]},
{"frame":128,"values":[-0.8965,0.4427,-0.0158,0,0.0066,0.049,0.9988,0,0.4429,0.8953,-0.0469,0,-0.0591,3.3187,21.6317,1]},
{"frame":129,"values":[-0.9648,0.2627,-0.0093,0,0.0038,0.0495,0.9988,0,0.2628,0.9636,-0.0488,0,-0.0343,3.2975,21.6501,1]},
{"frame":130,"values":[-0.9973,0.0729,-0.0026,0,0.001,0.0489,0.9988,0,0.0729,0.9961,-0.0488,0,-0.0095,3.2762,21.6685,1]},
{"frame":131,"values":[-1,0,0,0,0,0.0488,0.9988,0,0,0.9988,-0.0488,0,0,3.2681,21.6756,1]},
{"frame":132,"values":[-1,0,0,0,0,0.0488,0.9988,0,0,0.9988,-0.0488,0,0,3.2679,21.6707,1]},
{"frame":133,"values":[-1,0,0,0,0,0.0489,0.9988,0,0,0.9988,-0.0489,0,0,3.2673,21.6567,1]},
{"frame":134,"values":[-1,0,0,0,0,0.0489,0.9988,0,0,0.9988,-0.0489,0,0,3.2667,21.6364,1]},
{"frame":135,"values":[-1,0,0,0,0,0.0489,0.9988,0,0,0.9988,-0.0489,0,0,3.2664,21.6162,1]},
{"frame":136,"values":[-1,0,0,0,0,0.0489,0.9988,0,0,0.9988,-0.0489,0,0,3.2668,21.602,1]},
{"frame":137,"values":[-1,0,0,0,0,0.0489,0.9988,0,0,0.9988,-0.0489,0,0,3.2681,21.5971,1]},
{"frame":138,"values":[-1,0,0,0,0,0.049,0.9988,0,0,0.9988,-0.049,0,0.0123,3.2788,21.5971,1]},
{"frame":139,"values":[-1,0,0,0,0,0.049,0.9988,0,0,0.9988,-0.049,0,0.0446,3.3037,21.5971,1]},
{"frame":140,"values":[-1,0,0,0,0,0.049,0.9988,0,0,0.9988,-0.049,0,0.0768,3.3282,21.5971,1]},
{"frame":141,"values":[-1,0,0,0,0,0.049,0.9988,0,0,0.9988,-0.049,0,0.0891,3.3374,21.5971,1]},
{"frame":142,"values":[-1,0,0,0,0,0.0491,0.9988,0,0,0.9988,-0.0491,0,0.0891,3.3374,21.5971,1]},
{"frame":147,"values":[-1,0,0,0,0,0.0492,0.9988,0,0,0.9988,-0.0492,0,0.0891,3.3374,21.5971,1]},
{"frame":149,"values":[-1,0,0,0,0,0.0492,0.9988,0,0,0.9988,-0.0492,0,0.0812,3.3354,21.6022,1]},
{"frame":150,"values":[-1,0,0,0,0,0.0492,0.9988,0,0,0.9988,-0.0492,0,0.0589,3.3278,21.6174,1]},
{"frame":151,"values":[-1,0,0,0,0,0.0492,0.9988,0,0,0.9988,-0.0492,0,0.0302,3.3132,21.6392,1]},
{"frame":152,"values":[-1,0,0,0,0,0.0493,0.9988,0,0,0.9988,-0.0493,0,0.0079,3.2925,21.6603,1]},
{"frame":153,"values":[-1,0,0,0,0,0.0493,0.9988,0,0,0.9988,-0.0493,0,0,3.2681,21.6756,1]},
{"frame":154,"values":[-0.9957,-0.0912,-0.017,0,-0.0133,-0.041,0.9991,0,-0.0918,0.995,0.0396,0,0,3.2281,21.6869,1]},
{"frame":155,"values":[-0.9575,-0.2772,-0.0804,0,-0.0133,-0.2357,0.9717,0,-0.2883,0.9315,0.222,0,0,3.1777,21.6952,1]},
{"frame":156,"values":[-0.927,-0.355,-0.1209,0,0,-0.3225,0.9466,0,-0.375,0.8775,0.2989,0,0,3.1571,21.6977,1]},
{"frame":157,"values":[-0.9391,-0.3272,-0.1053,0,-0.0058,-0.2911,0.9567,0,-0.3437,0.899,0.2715,0,0,3.167,21.6957,1]},
{"frame":158,"values":[-0.9676,-0.2437,-0.0658,0,-0.0163,-0.1995,0.9798,0,-0.2519,0.9491,0.1891,0,0,3.1948,21.6902,1]},
{"frame":159,"values":[-0.9915,-0.1277,-0.0263,0,-0.0163,-0.0781,0.9968,0,-0.1294,0.9887,0.0753,0,0,3.2305,21.6831,1]},
{"frame":160,"values":[-0.9994,-0.0336,-0.0053,0,-0.0058,0.0164,0.9998,0,-0.0335,0.9993,-0.0165,0,0,3.2582,21.6776,1]},
{"frame":161,"values":[-1,0,0,0,0,0.0493,0.9988,0,0,0.9988,-0.0493,0,0,3.2681,21.6756,1]},
{"frame":162,"values":[-1,0,0,0,0,0.035,0.9994,0,0,0.9994,-0.035,0,0,3.2681,21.6756,1]},
{"frame":163,"values":[-1,0,0,0,0,-0.0082,1,0,0,1,0.0082,0,0,3.2681,21.6756,1]},
{"frame":164,"values":[-1,0,0,0,0,-0.0779,0.997,0,0,0.997,0.0779,0,0,3.2681,21.6756,1]},
{"frame":165,"values":[-1,0,0,0,0,-0.1664,0.9861,0,0,0.9861,0.1664,0,0,3.2681,21.6756,1]},
{"frame":166,"values":[-1,0,0,0,0,-0.2606,0.9654,0,0,0.9654,0.2606,0,0,3.2681,21.6756,1]},
{"frame":167,"values":[-1,0,0,0,0,-0.3456,0.9384,0,0,0.9384,0.3456,0,0,3.2681,21.6756,1]},
{"frame":168,"values":[-1,0,0,0,0,-0.4101,0.912,0,0,0.912,0.4101,0,0,3.2681,21.6756,1]},
{"frame":169,"values":[-1,0,0,0,0,-0.4491,0.8935,0,0,0.8935,0.4491,0,0,3.2681,21.6756,1]},
{"frame":170,"values":[-1,0,0,0,0,-0.4619,0.8869,0,0,0.8869,0.4619,0,0,3.2681,21.6756,1]},
{"frame":171,"values":[-1,0,0,0,0,-0.3641,0.9314,0,0,0.9314,0.3641,0,0,3.3108,21.6767,1]},
{"frame":172,"values":[-1,0,0,0,0,-0.1726,0.985,0,0,0.985,0.1726,0,0,3.3535,21.6778,1]},
{"frame":173,"values":[-1,0,0,0,0,0.0257,0.9997,0,0,0.9997,-0.0257,0,0,3.3108,21.6767,1]},
{"frame":174,"values":[-1,0,0,0,0,0.1328,0.9911,0,0,0.9911,-0.1328,0,0,3.2681,21.6756,1]},
{"frame":175,"values":[-1,0,0,0,0,0.1312,0.9914,0,0,0.9914,-0.1312,0,0,3.2681,21.6756,1]},
{"frame":176,"values":[-1,0,0,0,0,0.126,0.992,0,0,0.992,-0.126,0,0,3.2681,21.6756,1]},
{"frame":177,"values":[-1,0,0,0,0,0.1165,0.9932,0,0,0.9932,-0.1165,0,0,3.2681,21.6756,1]},
{"frame":178,"values":[-1,0,0,0,0,0.103,0.9947,0,0,0.9947,-0.103,0,0,3.2681,21.6756,1]},
{"frame":179,"values":[-1,0,0,0,0,0.0864,0.9963,0,0,0.9963,-0.0864,0,0,3.2681,21.6756,1]},
{"frame":180,"values":[-1,0,0,0,0,0.0681,0.9977,0,0,0.9977,-0.0681,0,0,3.2681,21.6756,1]},
{"frame":181,"values":[-1,0,0,0,0,0.0493,0.9988,0,0,0.9988,-0.0493,0,0,3.2681,21.6756,1]},
{"frame":182,"values":[-1,0,0,0,0,0.0282,0.9996,0,0,0.9996,-0.0282,0,0,3.2681,21.6756,1]},
{"frame":183,"values":[-1,0,0,0,0,0.0025,1,0,0,1,-0.0025,0,0,3.2681,21.6756,1]},
{"frame":184,"values":[-1,0,0,0,0,-0.0276,0.9996,0,0,0.9996,0.0276,0,0,3.2681,21.6756,1]},
{"frame":185,"values":[-1,0,0,0,0,-0.0613,0.9981,0,0,0.9981,0.0613,0,0,3.2681,21.6756,1]},
{"frame":186,"values":[-1,0,0,0,0,-0.0973,0.9953,0,0,0.9953,0.0973,0,0,3.2681,21.6756,1]},
{"frame":187,"values":[-1,0,0,0,0,-0.134,0.991,0,0,0.991,0.134,0,0,3.2681,21.6756,1]},
{"frame":188,"values":[-1,0,0,0,0,-0.1696,0.9855,0,0,0.9855,0.1696,0,0,3.2681,21.6756,1]},
{"frame":189,"values":[-1,0,0,0,0,-0.202,0.9794,0,0,0.9794,0.202,0,0,3.2681,21.6756,1]},
{"frame":190,"values":[-1,0,0,0,0,-0.2297,0.9733,0,0,0.9733,0.2297,0,0,3.2681,21.6756,1]},
{"frame":191,"values":[-1,0,0,0,0,-0.2517,0.9678,0,0,0.9678,0.2517,0,0,3.2681,21.6756,1]},
{"frame":192,"values":[-1,0,0,0,0,-0.2674,0.9636,0,0,0.9636,0.2674,0,0,3.2681,21.6756,1]},
{"frame":193,"values":[-1,0,0,0,0,-0.2767,0.961,0,0,0.961,0.2767,0,0,3.2681,21.6756,1]},
{"frame":194,"values":[-1,0,0,0,0,-0.2797,0.9601,0,0,0.9601,0.2797,0,0,3.2681,21.6756,1]},
{"frame":198,"values":[-1,0,0,0,0,0.0383,0.9993,0,0,0.9993,-0.0383,0,0,3.4207,21.77,1]},
{"frame":199,"values":[-1,0,0,0,0,0.3523,0.9359,0,0,0.9359,-0.3523,0,0,3.5734,21.8644,1]},
{"frame":202,"values":[-1,0,0,0,0,0.3523,0.9359,0,0,0.9359,-0.3523,0,0,3.5734,21.8631,1]},
{"frame":203,"values":[-1,0,0,0,0,0.3523,0.9359,0,0,0.9359,-0.3523,0,0,3.5734,21.8591,1]},
{"frame":204,"values":[-1,0,0,0,0,0.3523,0.9359,0,0,0.9359,-0.3523,0,0,3.5734,21.8527,1]},
{"frame":205,"values":[-1,0,0,0,0,0.3523,0.9359,0,0,0.9359,-0.3523,0,0,3.5734,21.8442,1]},
{"frame":206,"values":[-1,0,0,0,0,0.3523,0.9359,0,0,0.9359,-0.3523,0,0,3.5734,21.8347,1]},
{"frame":207,"values":[-1,0,0,0,0,0.3523,0.9359,0,0,0.9359,-0.3523,0,0,3.5734,21.8251,1]},
{"frame":208,"values":[-1,0,0,0,0,0.3523,0.9359,0,0,0.9359,-0.3523,0,0,3.5734,21.8167,1]},
{"frame":209,"values":[-1,0,0,0,0,0.3523,0.9359,0,0,0.9359,-0.3523,0,0,3.5734,21.8102,1]},
{"frame":210,"values":[-1,0,0,0,0,0.3523,0.9359,0,0,0.9359,-0.3523,0,0,3.5734,21.8062,1]},
{"frame":211,"values":[-1,0,0,0,0,0.3523,0.9359,0,0,0.9359,-0.3523,0,0,3.5734,21.8049,1]},
{"frame":212,"values":[-1,0,0,0,0,0.3523,0.9359,0,0,0.9359,-0.3523,0,0,3.5734,21.8062,1]},
{"frame":213,"values":[-1,0,0,0,0,0.3523,0.9359,0,0,0.9359,-0.3523,0,0,3.5734,21.8102,1]},
{"frame":214,"values":[-1,0,0,0,0,0.3523,0.9359,0,0,0.9359,-0.3523,0,0,3.5734,21.8167,1]},
{"frame":215,"values":[-1,0,0,0,0,0.3523,0.9359,0,0,0.9359,-0.3523,0,0,3.5734,21.8251,1]},
{"frame":216,"values":[-1,0,0,0,0,0.3523,0.9359,0,0,0.9359,-0.3523,0,0,3.5734,21.8347,1]},
{"frame":217,"values":[-1,0,0,0,0,0.3523,0.9359,0,0,0.9359,-0.3523,0,0,3.5734,21.8442,1]},
{"frame":218,"values":[-1,0,0,0,0,0.3523,0.9359,0,0,0.9359,-0.3523,0,0,3.5734,21.8527,1]},
{"frame":219,"values":[-1,0,0,0,0,0.3523,0.9359,0,0,0.9359,-0.3523,0,0,3.5734,21.8591,1]},
{"frame":220,"values":[-1,0,0,0,0,0.3523,0.9359,0,0,0.9359,-0.3523,0,0,3.5734,21.8631,1]},
{"frame":221,"values":[-1,0,0,0,0,0.3523,0.9359,0,0,0.9359,-0.3523,0,0,3.5734,21.8644,1]},
{"frame":223,"values":[-1,0,0,0,0,0.3523,0.9359,0,0,0.9359,-0.3523,0,0,3.5734,21.8644,1]}],"loopBehavior":1,"name":"anim","property":"_matrix"}},
{"name":"Spine","index":2,"matrix":[1,0,0,0,0,0.9947,-0.1028,0,0,0.1028,0.9947,0,0,3.4272,0,1],"rest":[1,0,0,0,0,0.9947,-0.1028,0,0,0.1028,0.9947,0,0,3.4272,0,1],"parentBoneIndex":1,"length":5.9473
,"animation":{"dataType":3,"framePerSecond":30,"keys":[
{"frame":1,"values":[1,0,0,0,0,0.9947,-0.1028,0,0,0.1028,0.9947,0,0,3.4272,0,1]},
{"frame":23,"values":[1,0,0,0,0,0.9947,-0.1028,0,0,0.1028,0.9947,0,0,3.4271,0,1]},
{"frame":25,"values":[1,0,0,0,0,0.9947,-0.1028,0,0,0.1028,0.9947,0,0,3.4272,0,1]},
{"frame":38,"values":[1,0,0,0,0,0.9947,-0.1028,0,0,0.1028,0.9947,0,0,3.4271,0,1]},
{"frame":39,"values":[1,0,0,0,0,0.9947,-0.1028,0,0,0.1028,0.9947,0,0,3.4272,0,1]},
{"frame":51,"values":[1,0,0,0,0,0.9947,-0.1028,0,0,0.1028,0.9947,0,0,3.4271,0,1]},
{"frame":52,"values":[1,0,0,0,0,0.9947,-0.1028,0,0,0.1028,0.9947,0,0,3.4272,0,1]},
{"frame":58,"values":[1,0,0,0,0,0.9947,-0.1028,0,0,0.1028,0.9947,0,0,3.4271,0,1]},
{"frame":59,"values":[1,0,0,0,0,0.9947,-0.1028,0,0,0.1028,0.9947,0,0,3.4272,0,1]},
{"frame":61,"values":[1,0,0,0,0,0.9947,-0.1028,0,0,0.1028,0.9947,0,0,3.4271,0,1]},
{"frame":63,"values":[1,0,0,0,0,0.9947,-0.1028,0,0,0.1028,0.9947,0,0,3.4272,0,1]},
{"frame":67,"values":[1,0,0,0,0,0.9819,-0.1895,0,0,0.1895,0.9819,0,0,3.4272,0,1]},
{"frame":68,"values":[1,0,0,0,0,0.9115,-0.4114,0,0,0.4114,0.9115,0,0,3.4272,0,1]},
{"frame":69,"values":[1,0,0,0,0,0.7912,-0.6116,0,0,0.6116,0.7912,0,0,3.4272,0,1]},
{"frame":70,"values":[1,0,0,0,0,0.7341,-0.679,0,0,0.679,0.7341,0,0,3.4272,0,1]},
{"frame":71,"values":[1,0,0,0,0,0.7796,-0.6263,0,0,0.6263,0.7796,0,0,3.4272,0,1]},
{"frame":72,"values":[1,0,0,0,0,0.8928,-0.4504,0,0,0.4504,0.8928,0,0,3.4272,0,1]},
{"frame":73,"values":[1,0,0,0,0,0.9827,-0.1855,0,0,0.1855,0.9827,0,0,3.4272,0,1]},
{"frame":74,"values":[1,0,0,0,0,0.9982,0.0597,0,0,-0.0597,0.9982,0,0,3.4272,0,1]},
{"frame":75,"values":[1,0,0,0,0,0.9448,0.3276,0,0,-0.3276,0.9448,0,0,3.4272,0,1]},
{"frame":76,"values":[1,0,0,0,0,0.8051,0.5932,0,0,-0.5932,0.8051,0,0,3.4272,0,1]},
{"frame":77,"values":[1,0,0,0,0,0.73,0.6834,0,0,-0.6834,0.73,0,0,3.4272,0,1]},
{"frame":78,"values":[1,0,0,0,0,0.7574,0.653,0,0,-0.653,0.7574,0,0,3.4272,0,1]},
{"frame":79,"values":[1,0,0,0,0,0.8329,0.5535,0,0,-0.5535,0.8329,0,0,3.4272,0,1]},
{"frame":80,"values":[1,0,0,0,0,0.9277,0.3734,0,0,-0.3734,0.9277,0,0,3.4272,0,1]},
{"frame":81,"values":[1,0,0,0,0,0.9919,0.1272,0,0,-0.1272,0.9919,0,0,3.4272,0,1]},
{"frame":82,"values":[1,0,0,0,0,0.9919,-0.1269,0,0,0.1269,0.9919,0,0,3.4272,0,1]},
{"frame":83,"values":[1,0,0,0,0,0.9459,-0.3245,0,0,0.3245,0.9459,0,0,3.4272,0,1]},
{"frame":84,"values":[1,0,0,0,0,0.8984,-0.4392,0,0,0.4392,0.8984,0,0,3.4272,0,1]},
{"frame":85,"values":[1,0,0,0,0,0.8799,-0.4751,0,0,0.4751,0.8799,0,0,3.4272,0,1]},
{"frame":86,"values":[1,0,0,0,0,0.8806,-0.4739,0,0,0.4739,0.8806,0,0,3.4272,0,1]},
{"frame":87,"values":[1,0,0,0,0,0.8822,-0.471,0,0,0.471,0.8822,0,0,3.4272,0,1]},
{"frame":88,"values":[1,0,0,0,0,0.8845,-0.4665,0,0,0.4665,0.8845,0,0,3.4272,0,1]},
{"frame":89,"values":[1,0,0,0,0,0.8873,-0.4612,0,0,0.4612,0.8873,0,0,3.4272,0,1]},
{"frame":90,"values":[1,0,0,0,0,0.89,-0.4559,0,0,0.4559,0.89,0,0,3.4272,0,1]},
{"frame":91,"values":[1,0,0,0,0,0.8922,-0.4516,0,0,0.4516,0.8922,0,0,3.4272,0,1]},
{"frame":92,"values":[1,0,0,0,0,0.8936,-0.4488,0,0,0.4488,0.8936,0,0,3.4271,0,1]},
{"frame":93,"values":[1,0,0,0,0,0.8937,-0.4487,0,0,0.4487,0.8937,0,0,3.4272,0,1]},
{"frame":95,"values":[1,0,0,0,0,0.8926,-0.4509,0,0,0.4509,0.8926,0,0,3.4272,0,1]},
{"frame":96,"values":[1,0,0,0,0,0.8907,-0.4545,0,0,0.4545,0.8907,0,0,3.4272,0,1]},
{"frame":97,"values":[1,0,0,0,0,0.8884,-0.4591,0,0,0.4591,0.8884,0,0,3.4271,0,1]},
{"frame":98,"values":[1,0,0,0,0,0.8858,-0.464,0,0,0.464,0.8858,0,0,3.4272,0,1]},
{"frame":99,"values":[1,0,0,0,0,0.8834,-0.4686,0,0,0.4686,0.8834,0,0,3.4272,0,1]},
{"frame":100,"values":[1,0,0,0,0,0.8815,-0.4721,0,0,0.4721,0.8815,0,0,3.4272,0,1]},
{"frame":101,"values":[1,0,0,0,0,0.8803,-0.4743,0,0,0.4743,0.8803,0,0,3.4272,0,1]},
{"frame":102,"values":[1,0,0,0,0,0.8799,-0.4751,0,0,0.4751,0.8799,0,0,3.4272,0,1]},
{"frame":103,"values":[1,0,0,0,0,0.8882,-0.4595,0,0,0.4595,0.8882,0,0,3.4271,0,1]},
{"frame":104,"values":[1,0,0,0,0,0.9111,-0.4122,0,0,0.4122,0.9111,0,0,3.4272,0,1]},
{"frame":105,"values":[1,0,0,0,0,0.9412,-0.3378,0,0,0.3378,0.9412,0,0,3.4272,0,1]},
{"frame":106,"values":[1,0,0,0,0,0.9681,-0.2507,0,0,0.2507,0.9681,0,0,3.4272,0,1]},
{"frame":107,"values":[1,0,0,0,0,0.985,-0.1723,0,0,0.1723,0.985,0,0,3.4272,0,1]},
{"frame":108,"values":[1,0,0,0,0,0.9927,-0.1204,0,0,0.1204,0.9927,0,0,3.4272,0,1]},
{"frame":109,"values":[1,0,0,0,0,0.9947,-0.1028,0,0,0.1028,0.9947,0,0,3.4272,0,1]},
{"frame":110,"values":[1,0.0085,-0.0004,0,-0.0085,0.9943,-0.1059,0,-0.0005,0.1059,0.9944,0,0,3.4271,0,1]},
{"frame":111,"values":[0.9994,0.0338,-0.0015,0,-0.0338,0.9928,-0.1151,0,-0.0024,0.1151,0.9934,0,0,3.4272,0,1]},
{"frame":112,"values":[0.9973,0.0737,-0.0039,0,-0.0736,0.9888,-0.1296,0,-0.0057,0.1295,0.9916,0,0,3.4272,0,1]},
{"frame":113,"values":[0.9925,0.1221,-0.0076,0,-0.1219,0.9816,-0.147,0,-0.0105,0.1468,0.9891,0,0,3.4272,0,1]},
{"frame":114,"values":[0.9853,0.1702,-0.0121,0,-0.1698,0.9717,-0.1642,0,-0.0162,0.1639,0.9864,0,0,3.4272,0,1]},
{"frame":115,"values":[0.9777,0.2092,-0.0164,0,-0.2087,0.9616,-0.1781,0,-0.0215,0.1776,0.9839,0,0,3.4272,0,1]},
{"frame":116,"values":[0.9721,0.2338,-0.0194,0,-0.2332,0.9543,-0.1868,0,-0.0251,0.1861,0.9822,0,0,3.4272,0,1]},
{"frame":117,"values":[0.9701,0.2419,-0.0205,0,-0.2414,0.9517,-0.1897,0,-0.0264,0.189,0.9816,0,0,3.4272,0,1]},
{"frame":118,"values":[0.9798,0.1992,-0.0156,0,-0.1988,0.9638,-0.1777,0,-0.0203,0.1772,0.984,0,0,3.4272,0,1]},
{"frame":119,"values":[0.9963,0.0853,-0.0055,0,-0.0852,0.9857,-0.1451,0,-0.0069,0.1451,0.9894,0,0,3.4272,0,1]},
{"frame":120,"values":[0.9996,-0.0298,0.0007,0,0.0297,0.9933,-0.1115,0,0.0026,0.1115,0.9938,0,0,3.4272,0,1]},
{"frame":121,"values":[0.9973,-0.0736,0.002,0,0.0735,0.9924,-0.0986,0,0.0053,0.0984,0.9951,0,0,3.4272,0,1]},
{"frame":122,"values":[0.9974,-0.072,0.0019,0,0.0718,0.9925,-0.0994,0,0.0053,0.0992,0.9951,0,0,3.4272,0,1]},
{"frame":123,"values":[0.9977,-0.0671,0.0018,0,0.067,0.9927,-0.1002,0,0.0049,0.1,0.995,0,0,3.4272,0,1]},
{"frame":124,"values":[0.9982,-0.0592,0.0017,0,0.059,0.9931,-0.1009,0,0.0043,0.1009,0.9949,0,0,3.4272,0,1]},
{"frame":125,"values":[0.9988,-0.0487,0.0014,0,0.0486,0.9936,-0.1017,0,0.0036,0.1017,0.9948,0,0,3.4272,0,1]},
{"frame":126,"values":[0.9993,-0.0369,0.0011,0,0.0368,0.9941,-0.1019,0,0.0027,0.1018,0.9948,0,0,3.4272,0,1]},
{"frame":127,"values":[0.9997,-0.025,0.0007,0,0.025,0.9945,-0.102,0,0.0018,0.1019,0.9948,0,0,3.4272,0,1]},
{"frame":128,"values":[0.9999,-0.0146,0.0004,0,0.0145,0.9947,-0.1021,0,0.0011,0.1021,0.9948,0,0,3.4272,0,1]},
{"frame":129,"values":[1,-0.0066,0.0002,0,0.0065,0.9947,-0.1022,0,0.0004,0.1022,0.9948,0,0,3.4272,0,1]},
{"frame":130,"values":[1,-0.0016,0,0,0.0016,0.9948,-0.1023,0,0.0001,0.1023,0.9948,0,0,3.4272,0,1]},
{"frame":131,"values":[1,0,0,0,0,0.9947,-0.1024,0,0,0.1024,0.9947,0,0,3.4272,0,1]},
{"frame":132,"values":[1,0,0,0,0,0.9947,-0.1025,0,0,0.1025,0.9947,0,0,3.4272,0,1]},
{"frame":133,"values":[1,0,0,0,0,0.9947,-0.1026,0,0,0.1026,0.9947,0,0,3.4272,0,1]},
{"frame":134,"values":[1,0,0,0,0,0.9947,-0.1027,0,0,0.1027,0.9947,0,0,3.4272,0,1]},
{"frame":135,"values":[1,0,0,0,0,0.9947,-0.1028,0,0,0.1028,0.9947,0,0,3.4271,0,1]},
{"frame":136,"values":[1,0,0,0,0,0.9947,-0.1028,0,0,0.1028,0.9947,0,0,3.4272,0,1]},
{"frame":138,"values":[0.9992,0.0172,0.0349,0,-0.0141,0.9961,-0.0872,0,-0.0362,0.0866,0.9956,0,0,3.4272,0,1]},
{"frame":139,"values":[0.9901,0.0596,0.1273,0,-0.0538,0.9974,-0.0485,0,-0.1298,0.0412,0.9907,0,0,3.4272,0,1]},
{"frame":140,"values":[0.9706,0.0975,0.2201,0,-0.0968,0.9952,-0.0137,0,-0.2203,-0.008,0.9754,0,0,3.4272,0,1]},
{"frame":141,"values":[0.9605,0.1106,0.2553,0,-0.114,0.9935,-0.0015,0,-0.2538,-0.0276,0.9669,0,0,3.4272,0,1]},
{"frame":149,"values":[0.9672,0.1022,0.2327,0,-0.1029,0.9946,-0.0093,0,-0.2324,-0.015,0.9725,0,0,3.4272,0,1]},
{"frame":150,"values":[0.9827,0.077,0.1686,0,-0.0726,0.9968,-0.0326,0,-0.1705,0.0198,0.9852,0,0,3.4272,0,1]},
{"frame":151,"values":[0.9954,0.0413,0.0861,0,-0.0357,0.9972,-0.0653,0,-0.0885,0.0619,0.9941,0,0,3.4272,0,1]},
{"frame":152,"values":[0.9997,0.0111,0.0224,0,-0.009,0.9957,-0.0927,0,-0.0233,0.0925,0.9954,0,0,3.4272,0,1]},
{"frame":153,"values":[1,0,0,0,0,0.9947,-0.1028,0,0,0.1028,0.9947,0,0,3.4272,0,1]},
{"frame":154,"values":[0.9978,0.0602,0.0271,0,-0.0584,0.9963,-0.0635,0,-0.0308,0.0618,0.9976,0,0,3.4272,0,1]},
{"frame":155,"values":[0.9785,0.1841,0.0927,0,-0.1863,0.9824,0.0154,0,-0.0882,-0.0323,0.9956,0,0,3.4272,0,1]},
{"frame":156,"values":[0.9628,0.2387,0.1264,0,-0.2464,0.9679,0.049,0,-0.1106,-0.0783,0.9908,0,0,3.4271,0,1]},
{"frame":157,"values":[0.9691,0.2189,0.1138,0,-0.2243,0.9738,0.0369,0,-0.1027,-0.0613,0.9928,0,0,3.4272,0,1]},
{"frame":158,"values":[0.9837,0.1614,0.0796,0,-0.162,0.9868,0.0011,0,-0.0784,-0.014,0.9968,0,0,3.4272,0,1]},
{"frame":159,"values":[0.9957,0.0842,0.0387,0,-0.0823,0.9955,-0.048,0,-0.0426,0.0446,0.9981,0,0,3.4272,0,1]},
{"frame":160,"values":[0.9997,0.0223,0.0097,0,-0.0213,0.9959,-0.0882,0,-0.0116,0.0879,0.9961,0,0,3.4272,0,1]},
{"frame":161,"values":[1,0,0,0,0,0.9947,-0.1028,0,0,0.1028,0.9947,0,0,3.4272,0,1]},
{"frame":162,"values":[1,0,0,0,0,0.9719,0.2354,0,0,-0.2354,0.9719,0,0,3.4272,0,1]},
{"frame":163,"values":[1,0,0,0,0,0.5077,0.8615,0,0,-0.8615,0.5077,0,0,3.4272,0,1]},
{"frame":164,"values":[1,0,0,0,0,0.1766,0.9843,0,0,-0.9843,0.1766,0,0,3.4271,0,1]},
{"frame":165,"values":[1,0,0,0,0,0.2384,0.9712,0,0,-0.9712,0.2384,0,0,3.4272,0,1]},
{"frame":166,"values":[1,0,0,0,0,0.365,0.931,0,0,-0.931,0.365,0,0,3.4272,0,1]},
{"frame":167,"values":[1,0,0,0,0,0.4209,0.9071,0,0,-0.9071,0.4209,0,0,3.4272,0,1]},
{"frame":168,"values":[1,0,0,0,0,0.4079,0.913,0,0,-0.913,0.4079,0,0,3.4272,0,1]},
{"frame":169,"values":[1,0,0,0,0,0.3799,0.925,0,0,-0.925,0.3799,0,0,3.4272,0,1]},
{"frame":170,"values":[1,0,0,0,0,0.3667,0.9304,0,0,-0.9304,0.3667,0,0,3.4272,0,1]},
{"frame":171,"values":[1,0,0,0,0,0.4142,0.9102,0,0,-0.9102,0.4142,0,0,3.4272,0,1]},
{"frame":172,"values":[1,0,0,0,0,0.6298,0.7767,0,0,-0.7767,0.6298,0,0,3.4272,0,1]},
{"frame":173,"values":[1,0,0,0,0,0.979,0.2039,0,0,-0.2039,0.979,0,0,3.4272,0,1]},
{"frame":174,"values":[1,0,0,0,0,0.9697,-0.2441,0,0,0.2441,0.9697,0,0,3.4272,0,1]},
{"frame":175,"values":[1,0,0,0,0,0.9713,-0.2377,0,0,0.2377,0.9713,0,0,3.4272,0,1]},
{"frame":176,"values":[1,0,0,0,0,0.9757,-0.2189,0,0,0.2189,0.9757,0,0,3.4271,0,1]},
{"frame":177,"values":[1,0,0,0,0,0.9817,-0.1902,0,0,0.1902,0.9817,0,0,3.4272,0,1]},
{"frame":178,"values":[1,0,0,0,0,0.9875,-0.1574,0,0,0.1574,0.9875,0,0,3.4272,0,1]},
{"frame":179,"values":[1,0,0,0,0,0.9917,-0.1284,0,0,0.1284,0.9917,0,0,3.4271,0,1]},
{"frame":180,"values":[1,0,0,0,0,0.994,-0.1093,0,0,0.1093,0.994,0,0,3.4272,0,1]},
{"frame":181,"values":[1,0,0,0,0,0.9947,-0.1028,0,0,0.1028,0.9947,0,0,3.4272,0,1]},
{"frame":182,"values":[1,0,0,0,0,0.9675,-0.2527,0,0,0.2527,0.9675,0,0,3.4272,0,1]},
{"frame":183,"values":[1,0,0,0,0,0.8331,-0.5532,0,0,0.5532,0.8331,0,0,3.4272,0,1]},
{"frame":184,"values":[1,0,0,0,0,0.7393,-0.6733,0,0,0.6733,0.7393,0,0,3.4272,0,1]},
{"frame":185,"values":[1,0,0,0,0,0.7665,-0.6422,0,0,0.6422,0.7665,0,0,3.4272,0,1]},
{"frame":186,"values":[1,0,0,0,0,0.8388,-0.5445,0,0,0.5445,0.8388,0,0,3.4272,0,1]},
{"frame":187,"values":[1,0,0,0,0,0.9215,-0.3883,0,0,0.3883,0.9215,0,0,3.4271,0,1]},
{"frame":188,"values":[1,0,0,0,0,0.9755,-0.2201,0,0,0.2201,0.9755,0,0,3.4272,0,1]},
{"frame":189,"values":[1,0,0,0,0,0.995,-0.1001,0,0,0.1001,0.995,0,0,3.4272,0,1]},
{"frame":190,"values":[1,0,0,0,0,0.9983,-0.0589,0,0,0.0589,0.9983,0,0,3.4272,0,1]},
{"frame":191,"values":[1,0,0,0,0,0.984,-0.178,0,0,0.178,0.984,0,0,3.4272,0,1]},
{"frame":192,"values":[1,0,0,0,0,0.9556,-0.2946,0,0,0.2946,0.9556,0,0,3.4272,0,1]},
{"frame":193,"values":[1,0,0,0,0,0.9987,-0.0512,0,0,0.0512,0.9987,0,0,3.4272,0,1]},
{"frame":194,"values":[1,0,0,0,0,0.9808,0.1952,0,0,-0.1952,0.9808,0,0,3.4272,0,1]},
{"frame":198,"values":[1,0,0,0,0,0.9998,-0.0174,0,0,0.0174,0.9998,0,0,3.4272,0,1]},
{"frame":199,"values":[1,0,0,0,0,0.9734,-0.2292,0,0,0.2292,0.9734,0,0,3.4272,0,1]},
{"frame":200,"values":[1,0,0,0,0,0.9734,-0.2289,0,0,0.2289,0.9734,0,0,3.4272,0,1]},
{"frame":201,"values":[1,0,0,0,0,0.9735,-0.2287,0,0,0.2287,0.9735,0,0,3.4272,0,1]},
{"frame":202,"values":[1,0,0,0,0,0.9736,-0.2284,0,0,0.2284,0.9736,0,0,3.4272,0,1]},
{"frame":203,"values":[1,0,0,0,0,0.9741,-0.2259,0,0,0.2259,0.9741,0,0,3.4272,0,1]},
{"frame":204,"values":[1,0,0,0,0,0.9751,-0.222,0,0,0.222,0.9751,0,0,3.4272,0,1]},
{"frame":205,"values":[1,0,0,0,0,0.9762,-0.2167,0,0,0.2167,0.9762,0,0,3.4272,0,1]},
{"frame":206,"values":[1,0,0,0,0,0.9775,-0.2108,0,0,0.2108,0.9775,0,0,3.4272,0,1]},
{"frame":207,"values":[1,0,0,0,0,0.9788,-0.2049,0,0,0.2049,0.9788,0,0,3.4272,0,1]},
