{"producer":{"name":"Blender","version":"2.93.4","exporter_version":"2.93.4","file":"weapons2021_01a.babylon"},
"autoClear":true,"clearColor":[0.0509,0.0509,0.0509],"gravity":[0,-9.81,0],
"materials":[{"name":"base_clothes:Skin","id":"base_clothes:Skin","customType":"BABYLON.PBRMaterial","albedo":[0.8,0.3865,0.1687],"emissive":[0,0,0],"reflectivity":[0.5,0.5,0.5],"roughness":0.5,"alpha":1,"transparencyMode":0,"alphaCutOff":0.4,"metallic":0},
{"name":"base_clothes:jeans01:jeans01Material","id":"base_clothes:jeans01:jeans01Material","customType":"BABYLON.PBRMaterial","albedo":[1,1,1],"roughness":0.2,"alpha":1,"transparencyMode":0,"alphaCutOff":0.4},
{"name":"base_clothes:Low-Poly:Eye_brown","id":"base_clothes:Low-Poly:Eye_brown","customType":"BABYLON.PBRMaterial","albedo":[1,1,1],"roughness":0.2,"alpha":1,"transparencyMode":0,"alphaCutOff":0.4},
{"name":"base_clothes:mhair02:mhair02black","id":"base_clothes:mhair02:mhair02black","customType":"BABYLON.PBRMaterial","albedo":[1,1,1],"roughness":0.2,"alpha":1,"transparencyMode":0,"alphaCutOff":0.4},
{"name":"base_clothes:shoes02:SportShoes","id":"base_clothes:shoes02:SportShoes","customType":"BABYLON.PBRMaterial","albedo":[1,1,1],"roughness":0.2,"alpha":1,"transparencyMode":0,"alphaCutOff":0.4},
{"name":"base_clothes:Tshirt01:TShirtWhite","id":"base_clothes:Tshirt01:TShirtWhite","customType":"BABYLON.PBRMaterial","albedo":[1,1,1],"roughness":0.2,"alpha":1,"transparencyMode":0,"alphaCutOff":0.4},
{"name":"Small_doll:Uni1228:Defaultskin","id":"Small_doll:Uni1228:Defaultskin","customType":"BABYLON.PBRMaterial","albedo":[0.8,0.3045,0.0916],"emissive":[0,0,0],"reflectivity":[0.5,0.5,0.5],"roughness":0.5,"alpha":1,"transparencyMode":0,"alphaCutOff":0.4,"metallic":0}],
"skeletons":[{"name":"base_clothes","id":0,"dimensionsAtRest":[1.0852,1.7169,0.3522],"bones":[
{"name":"hips","index":0,"matrix":[1,0,0,0,0,0.9895,0.1443,0,0,0.1443,-0.9895,0,0,0.9236,-0.003,1],"rest":[1,0,0,0,0,0.9895,0.1443,0,0,0.1443,-0.9895,0,0,0.9236,-0.003,1],"parentBoneIndex":-1,"length":0.1589
,"animation":{"name":"anim","property":"_matrix","dataType":3,"framePerSecond":24,"loopBehavior":1,"keys":[
{"frame":1,"values":[1,0,0,0,0,0.9895,0.1443,0,0,0.1443,-0.9895,0,0,0.9236,-0.003,1]},
{"frame":30,"values":[1,0,0,0,0,0.9895,0.1443,0,0,0.1443,-0.9895,0,0,0.9236,-0.003,1]},
{"frame":41,"values":[1,0,0,0,0,0.9895,0.1443,0,0,0.1443,-0.9895,0,0,0.9236,-0.003,1]},
{"frame":70,"values":[1,0,0,0,0,0.9895,0.1443,0,0,0.1443,-0.9895,0,0,0.9236,-0.003,1]}]}},
{"name":"thigh.L","index":1,"matrix":[0.9938,0.0996,0.0483,0,0.1025,-0.9928,-0.0612,0,0.0419,0.0658,-0.997,0,0.1085,-0.0034,-0.0113,1],"rest":[0.9938,0.0997,0.0483,0,0.1025,-0.9928,-0.0612,0,0.0419,0.0658,-0.997,0,0.1085,-0.0034,-0.0113,1],"parentBoneIndex":0,"length":0.4176
,"animation":{"name":"anim","property":"_matrix","dataType":3,"framePerSecond":24,"loopBehavior":1,"keys":[
{"frame":1,"values":[0.9938,0.0996,0.0483,0,0.1025,-0.9928,-0.0612,0,0.0419,0.0658,-0.997,0,0.1085,-0.0034,-0.0113,1]},
{"frame":30,"values":[0.9938,0.0996,0.0483,0,0.1025,-0.9928,-0.0612,0,0.0419,0.0658,-0.997,0,0.1085,-0.0034,-0.0113,1]},
{"frame":41,"values":[0.9938,0.0996,0.0483,0,0.1025,-0.9928,-0.0612,0,0.0419,0.0658,-0.997,0,0.1085,-0.0034,-0.0113,1]},
{"frame":70,"values":[0.9938,0.0996,0.0483,0,0.1025,-0.9928,-0.0612,0,0.0419,0.0658,-0.997,0,0.1085,-0.0034,-0.0113,1]}]}},
{"name":"shin.L","index":2,"matrix":[1,0,0,0,0,0.994,0.1094,0,0,-0.1094,0.994,0,0,0.4176,0,1],"rest":[1,0,0,0,0,0.994,0.1093,0,0,-0.1094,0.994,0,0,0.4176,0,1],"parentBoneIndex":1,"length":0.4362
,"animation":{"name":"anim","property":"_matrix","dataType":3,"framePerSecond":24,"loopBehavior":1,"keys":[
{"frame":1,"values":[1,0,0,0,0,0.994,0.1094,0,0,-0.1094,0.994,0,0,0.4176,0,1]},
{"frame":30,"values":[1,0,0,0,0,0.994,0.1094,0,0,-0.1094,0.994,0,0,0.4176,0,1]},
{"frame":41,"values":[1,0,0,0,0,0.994,0.1094,0,0,-0.1094,0.994,0,0,0.4176,0,1]},
{"frame":70,"values":[1,0,0,0,0,0.994,0.1094,0,0,-0.1094,0.994,0,0,0.4176,0,1]}]}},
{"name":"foot.L","index":3,"matrix":[0.9993,0.0265,0.0248,0,0.0112,0.4262,-0.9046,0,-0.0345,0.9043,0.4256,0,0,0.4362,0,1],"rest":[0.9993,0.0265,0.0248,0,0.0112,0.4262,-0.9046,0,-0.0345,0.9043,0.4256,0,0,0.4362,0,1],"parentBoneIndex":2,"length":0.1406
,"animation":{"name":"anim","property":"_matrix","dataType":3,"framePerSecond":24,"loopBehavior":1,"keys":[
{"frame":1,"values":[0.9993,0.0265,0.0248,0,0.0112,0.4262,-0.9046,0,-0.0345,0.9043,0.4256,0,0,0.4362,0,1]},
{"frame":30,"values":[0.9993,0.0265,0.0248,0,0.0112,0.4262,-0.9046,0,-0.0345,0.9043,0.4256,0,0,0.4362,0,1]},
{"frame":41,"values":[0.9993,0.0265,0.0248,0,0.0112,0.4262,-0.9046,0,-0.0345,0.9043,0.4256,0,0,0.4362,0,1]},
{"frame":70,"values":[0.9993,0.0265,0.0248,0,0.0112,0.4262,-0.9046,0,-0.0345,0.9043,0.4256,0,0,0.4362,0,1]}]}},
{"name":"toe.L","index":4,"matrix":[1,0,0,0,0,0.8924,-0.4511,0,0,0.4511,0.8925,0,0,0.1406,0,1],"rest":[1.0031,0,0,0,0,0.8925,-0.4511,0,0,0.4511,0.8924,0,0,0.1406,0,1],"parentBoneIndex":3,"length":0.082
,"animation":{"name":"anim","property":"_matrix","dataType":3,"framePerSecond":24,"loopBehavior":1,"keys":[
{"frame":1,"values":[1,0,0,0,0,0.8924,-0.4511,0,0,0.4511,0.8925,0,0,0.1406,0,1]},
{"frame":30,"values":[1,0,0,0,0,0.8924,-0.4511,0,0,0.4511,0.8925,0,0,0.1406,0,1]},
{"frame":41,"values":[1,0,0,0,0,0.8924,-0.4511,0,0,0.4511,0.8925,0,0,0.1406,0,1]},
{"frame":70,"values":[1,0,0,0,0,0.8924,-0.4511,0,0,0.4511,0.8925,0,0,0.1406,0,1]}]}},
{"name":"thigh.R","index":5,"matrix":[0.9938,-0.0996,-0.0483,0,-0.1025,-0.9928,-0.0612,0,-0.0419,0.0658,-0.997,0,-0.1085,-0.0034,-0.0113,1],"rest":[0.9938,-0.0997,-0.0483,0,-0.1025,-0.9928,-0.0612,0,-0.0419,0.0658,-0.997,0,-0.1085,-0.0034,-0.0113,1],"parentBoneIndex":0,"length":0.4176
,"animation":{"name":"anim","property":"_matrix","dataType":3,"framePerSecond":24,"loopBehavior":1,"keys":[
{"frame":1,"values":[0.9938,-0.0996,-0.0483,0,-0.1025,-0.9928,-0.0612,0,-0.0419,0.0658,-0.997,0,-0.1085,-0.0034,-0.0113,1]},
{"frame":30,"values":[0.9938,-0.0996,-0.0483,0,-0.1025,-0.9928,-0.0612,0,-0.0419,0.0658,-0.997,0,-0.1085,-0.0034,-0.0113,1]},
{"frame":41,"values":[0.9938,-0.0996,-0.0483,0,-0.1025,-0.9928,-0.0612,0,-0.0419,0.0658,-0.997,0,-0.1085,-0.0034,-0.0113,1]},
{"frame":70,"values":[0.9938,-0.0996,-0.0483,0,-0.1025,-0.9928,-0.0612,0,-0.0419,0.0658,-0.997,0,-0.1085,-0.0034,-0.0113,1]}]}},
{"name":"shin.R","index":6,"matrix":[1,0,0,0,0,0.994,0.1094,0,0,-0.1094,0.994,0,0,0.4176,0,1],"rest":[1,0,0,0,0,0.994,0.1093,0,0,-0.1094,0.994,0,0,0.4176,0,1],"parentBoneIndex":5,"length":0.4362
,"animation":{"name":"anim","property":"_matrix","dataType":3,"framePerSecond":24,"loopBehavior":1,"keys":[
{"frame":1,"values":[1,0,0,0,0,0.994,0.1094,0,0,-0.1094,0.994,0,0,0.4176,0,1]},
{"frame":30,"values":[1,0,0,0,0,0.994,0.1094,0,0,-0.1094,0.994,0,0,0.4176,0,1]},
{"frame":41,"values":[1,0,0,0,0,0.994,0.1094,0,0,-0.1094,0.994,0,0,0.4176,0,1]},
{"frame":70,"values":[1,0,0,0,0,0.994,0.1094,0,0,-0.1094,0.994,0,0,0.4176,0,1]}]}},
{"name":"foot.R","index":7,"matrix":[0.9993,-0.0265,-0.0248,0,-0.0112,0.4262,-0.9046,0,0.0345,0.9043,0.4256,0,0,0.4362,0,1],"rest":[0.9993,-0.0265,-0.0248,0,-0.0112,0.4262,-0.9046,0,0.0345,0.9043,0.4256,0,0,0.4362,0,1],"parentBoneIndex":6,"length":0.1406
,"animation":{"name":"anim","property":"_matrix","dataType":3,"framePerSecond":24,"loopBehavior":1,"keys":[
{"frame":1,"values":[0.9993,-0.0265,-0.0248,0,-0.0112,0.4262,-0.9046,0,0.0345,0.9043,0.4256,0,0,0.4362,0,1]},
{"frame":30,"values":[0.9993,-0.0265,-0.0248,0,-0.0112,0.4262,-0.9046,0,0.0345,0.9043,0.4256,0,0,0.4362,0,1]},
{"frame":41,"values":[0.9993,-0.0265,-0.0248,0,-0.0112,0.4262,-0.9046,0,0.0345,0.9043,0.4256,0,0,0.4362,0,1]},
{"frame":70,"values":[0.9993,-0.0265,-0.0248,0,-0.0112,0.4262,-0.9046,0,0.0345,0.9043,0.4256,0,0,0.4362,0,1]}]}},
{"name":"toe.R","index":8,"matrix":[1,0,0,0,0,0.8924,-0.4511,0,0,0.4511,0.8925,0,0,0.1406,0,1],"rest":[1.0031,0,0,0,0,0.8925,-0.4511,0,0,0.4511,0.8924,0,0,0.1406,0,1],"parentBoneIndex":7,"length":0.082
,"animation":{"name":"anim","property":"_matrix","dataType":3,"framePerSecond":24,"loopBehavior":1,"keys":[
{"frame":1,"values":[1,0,0,0,0,0.8924,-0.4511,0,0,0.4511,0.8925,0,0,0.1406,0,1]},
{"frame":30,"values":[1,0,0,0,0,0.8924,-0.4511,0,0,0.4511,0.8925,0,0,0.1406,0,1]},
{"frame":41,"values":[1,0,0,0,0,0.8924,-0.4511,0,0,0.4511,0.8925,0,0,0.1406,0,1]},
{"frame":70,"values":[1,0,0,0,0,0.8924,-0.4511,0,0,0.4511,0.8925,0,0,0.1406,0,1]}]}},
{"name":"spine","index":9,"matrix":[1,0,0,0,0,1,0.0011,0,0,-0.0011,1,0,0,0.1589,0,1],"rest":[1,0,0,0,0,1,0.0011,0,0,-0.0011,1,0,0,0.1589,0,1],"parentBoneIndex":0,"length":0.0605
,"animation":{"name":"anim","property":"_matrix","dataType":3,"framePerSecond":24,"loopBehavior":1,"keys":[
{"frame":1,"values":[1,0,0,0,0,1,0.0011,0,0,-0.0011,1,0,0,0.1589,0,1]},
{"frame":30,"values":[1,0,0,0,0,1,0.0011,0,0,-0.0011,1,0,0,0.1589,0,1]},
{"frame":41,"values":[1,0,0,0,0,1,0.0011,0,0,-0.0011,1,0,0,0.1589,0,1]},
{"frame":70,"values":[1,0,0,0,0,1,0.0011,0,0,-0.0011,1,0,0,0.1589,0,1]}]}},
{"name":"chest","index":10,"matrix":[1,0,0,0,0,0.9664,0.2572,0,0,-0.2572,0.9664,0,0,0.0605,0,1],"rest":[1,0,0,0,0,0.9664,0.2572,0,0,-0.2572,0.9664,0,0,0.0605,0,1],"parentBoneIndex":9,"length":0.3452
,"animation":{"name":"anim","property":"_matrix","dataType":3,"framePerSecond":24,"loopBehavior":1,"keys":[
{"frame":1,"values":[1,0,0,0,0,0.9664,0.2572,0,0,-0.2572,0.9664,0,0,0.0605,0,1]},
{"frame":30,"values":[1,0,0,0,0,0.9664,0.2572,0,0,-0.2572,0.9664,0,0,0.0605,0,1]},
{"frame":41,"values":[1,0,0,0,0,0.9664,0.2572,0,0,-0.2572,0.9664,0,0,0.0605,0,1]},
{"frame":70,"values":[1,0,0,0,0,0.9664,0.2572,0,0,-0.2572,0.9664,0,0,0.0605,0,1]}]}},
{"name":"clavicle.R","index":11,"matrix":[0.2259,-0.2535,-0.9406,0,-0.9637,-0.1994,-0.1777,0,-0.1425,0.9466,-0.2893,0,-0.0228,0.2759,0.0486,1],"rest":[0.2259,-0.2535,-0.9406,0,-0.9637,-0.1994,-0.1777,0,-0.1425,0.9466,-0.2893,0,-0.0228,0.2759,0.0486,1],"parentBoneIndex":10,"length":0.1699
,"animation":{"name":"anim","property":"_matrix","dataType":3,"framePerSecond":24,"loopBehavior":1,"keys":[
{"frame":1,"values":[0.2259,-0.2535,-0.9406,0,-0.9637,-0.1994,-0.1777,0,-0.1425,0.9466,-0.2893,0,-0.0228,0.2759,0.0486,1]},
{"frame":30,"values":[0.2259,-0.2535,-0.9406,0,-0.9637,-0.1994,-0.1777,0,-0.1425,0.9466,-0.2893,0,-0.0228,0.2759,0.0486,1]},
{"frame":41,"values":[0.2259,-0.2535,-0.9406,0,-0.9637,-0.1994,-0.1777,0,-0.1425,0.9466,-0.2893,0,-0.0228,0.2759,0.0486,1]},
{"frame":70,"values":[0.2259,-0.2535,-0.9406,0,-0.9637,-0.1994,-0.1777,0,-0.1425,0.9466,-0.2893,0,-0.0228,0.2759,0.0486,1]}]}},
{"name":"upper_arm.R","index":12,"matrix":[-0.157,0.9549,0.2521,0,0.1281,0.2728,-0.9535,0,-0.9793,-0.1174,-0.1651,0,0,0.1699,0,1],"rest":[-0.1819,0.6234,0.7605,0,-0.0328,0.7691,-0.6383,0,-0.9828,-0.141,-0.1195,0,0,0.1699,0,1],"parentBoneIndex":11,"length":0.252
,"animation":{"name":"anim","property":"_matrix","dataType":3,"framePerSecond":24,"loopBehavior":1,"keys":[
{"frame":1,"values":[-0.157,0.9549,0.2521,0,0.1281,0.2728,-0.9535,0,-0.9793,-0.1174,-0.1651,0,0,0.1699,0,1]},
{"frame":30,"values":[-0.157,0.9549,0.2521,0,0.1281,0.2728,-0.9535,0,-0.9793,-0.1174,-0.1651,0,0,0.1699,0,1]},
{"frame":41,"values":[-0.157,0.9549,0.2521,0,0.1281,0.2728,-0.9535,0,-0.9793,-0.1174,-0.1651,0,0,0.1699,0,1]},
{"frame":70,"values":[-0.157,0.9549,0.2521,0,0.1281,0.2728,-0.9535,0,-0.9793,-0.1174,-0.1651,0,0,0.1699,0,1]}]}},
{"name":"forearm.R","index":13,"matrix":[0.9934,0.1059,-0.0449,0,0.061,-0.1538,0.9862,0,0.0976,-0.9824,-0.1592,0,0,0.252,0,1],"rest":[1,0.0001,0,0,0,0.6876,0.7261,0,0.0001,-0.7261,0.6876,0,0,0.252,0,1],"parentBoneIndex":12,"length":0.2665
,"animation":{"name":"anim","property":"_matrix","dataType":3,"framePerSecond":24,"loopBehavior":1,"keys":[
{"frame":1,"values":[0.9934,0.1059,-0.0449,0,0.061,-0.1538,0.9862,0,0.0976,-0.9824,-0.1592,0,0,0.252,0,1]},
{"frame":30,"values":[0.9934,0.1059,-0.0449,0,0.061,-0.1538,0.9862,0,0.0976,-0.9824,-0.1592,0,0,0.252,0,1]},
{"frame":41,"values":[0.9934,0.1059,-0.0449,0,0.061,-0.1538,0.9862,0,0.0976,-0.9824,-0.1592,0,0,0.252,0,1]},
{"frame":42,"values":[0.9937,0.106,-0.0366,0,0.0528,-0.1546,0.9866,0,0.0989,-0.9823,-0.1592,0,0,0.252,0,1]},
{"frame":43,"values":[0.9943,0.106,-0.0132,0,0.0298,-0.1568,0.9872,0,0.1026,-0.9819,-0.1591,0,0,0.252,0,1]},
{"frame":44,"values":[0.9941,0.106,0.023,0,-0.0057,-0.1604,0.987,0,0.1083,-0.9814,-0.1588,0,0,0.252,0,1]},
{"frame":45,"values":[0.992,0.1057,0.0694,0,-0.0513,-0.1649,0.985,0,0.1156,-0.9806,-0.1581,0,0,0.252,0,1]},
{"frame":46,"values":[0.9868,0.1052,0.1234,0,-0.1044,-0.1701,0.9799,0,0.1241,-0.9798,-0.1569,0,0,0.252,0,1]},
{"frame":47,"values":[0.9777,0.1043,0.1822,0,-0.1622,-0.1758,0.971,0,0.1333,-0.9789,-0.155,0,0,0.252,0,1]},
{"frame":48,"values":[0.9645,0.103,0.243,0,-0.2219,-0.1817,0.958,0,0.1428,-0.9779,-0.1524,0,0,0.252,0,1]},
{"frame":49,"values":[0.9476,0.1013,0.3029,0,-0.2808,-0.1875,0.9413,0,0.1521,-0.977,-0.1493,0,0,0.252,0,1]},
{"frame":50,"values":[0.928,0.0993,0.359,0,-0.336,-0.193,0.9219,0,0.1608,-0.9762,-0.1457,0,0,0.252,0,1]},
{"frame":51,"values":[0.9073,0.0972,0.4091,0,-0.3853,-0.1979,0.9014,0,0.1686,-0.9754,-0.1421,0,0,0.252,0,1]},
{"frame":52,"values":[0.8874,0.0953,0.451,0,-0.4265,-0.2019,0.8817,0,0.1751,-0.9748,-0.1386,0,0,0.252,0,1]},
{"frame":53,"values":[0.8706,0.0936,0.483,0,-0.4579,-0.205,0.8651,0,0.18,-0.9743,-0.1357,0,0,0.252,0,1]},
{"frame":54,"values":[0.8591,0.0924,0.5034,0,-0.4779,-0.207,0.8537,0,0.1831,-0.974,-0.1337,0,0,0.252,0,1]},
{"frame":55,"values":[0.8549,0.092,0.5106,0,-0.485,-0.2077,0.8495,0,0.1842,-0.9739,-0.1329,0,0,0.252,0,1]},
{"frame":56,"values":[0.8586,0.0924,0.5043,0,-0.4788,-0.2071,0.8531,0,0.1832,-0.974,-0.1336,0,0,0.252,0,1]},
{"frame":57,"values":[0.8687,0.0934,0.4864,0,-0.4612,-0.2054,0.8632,0,0.1805,-0.9742,-0.1353,0,0,0.252,0,1]},
{"frame":58,"values":[0.8837,0.0949,0.4583,0,-0.4336,-0.2026,0.878,0,0.1762,-0.9746,-0.1379,0,0,0.252,0,1]},
{"frame":59,"values":[0.9018,0.0967,0.4212,0,-0.3971,-0.199,0.8959,0,0.1705,-0.9752,-0.1411,0,0,0.252,0,1]},
{"frame":60,"values":[0.9211,0.0986,0.3765,0,-0.3532,-0.1947,0.9151,0,0.1635,-0.9759,-0.1445,0,0,0.252,0,1]},
{"frame":61,"values":[0.94,0.1005,0.3259,0,-0.3034,-0.1898,0.9338,0,0.1557,-0.9767,-0.1479,0,0,0.252,0,1]},
{"frame":62,"values":[0.9571,0.1022,0.2712,0,-0.2497,-0.1845,0.9506,0,0.1472,-0.9775,-0.151,0,0,0.252,0,1]},
{"frame":63,"values":[0.9712,0.1036,0.2146,0,-0.194,-0.179,0.9645,0,0.1384,-0.9784,-0.1537,0,0,0.252,0,1]},
{"frame":64,"values":[0.9818,0.1047,0.1583,0,-0.1387,-0.1735,0.975,0,0.1296,-0.9793,-0.1558,0,0,0.252,0,1]},
{"frame":65,"values":[0.9889,0.1054,0.1047,0,-0.086,-0.1683,0.982,0,0.1211,-0.9801,-0.1574,0,0,0.252,0,1]},
{"frame":66,"values":[0.9928,0.1058,0.0561,0,-0.0383,-0.1636,0.9858,0,0.1135,-0.9808,-0.1583,0,0,0.252,0,1]},
{"frame":67,"values":[0.9943,0.106,0.0149,0,0.0023,-0.1596,0.9872,0,0.107,-0.9815,-0.1589,0,0,0.252,0,1]},
{"frame":68,"values":[0.9942,0.106,-0.0171,0,0.0336,-0.1565,0.9871,0,0.102,-0.982,-0.1591,0,0,0.252,0,1]},
{"frame":69,"values":[0.9937,0.106,-0.0376,0,0.0538,-0.1545,0.9865,0,0.0987,-0.9823,-0.1592,0,0,0.252,0,1]},
{"frame":70,"values":[0.9934,0.1059,-0.0449,0,0.061,-0.1538,0.9862,0,0.0976,-0.9824,-0.1592,0,0,0.252,0,1]}]}},
{"name":"hand.R","index":14,"matrix":[0.0809,-0.0651,0.9946,0,-0.2497,0.9647,0.0835,0,-0.9649,-0.2551,0.0618,0,0,0.2665,0,1],"rest":[0.0809,-0.0651,0.9946,0,-0.2497,0.9647,0.0835,0,-0.9649,-0.2551,0.0618,0,0,0.2665,0,1],"parentBoneIndex":13,"length":0.1124
,"animation":{"name":"anim","property":"_matrix","dataType":3,"framePerSecond":24,"loopBehavior":1,"keys":[
{"frame":1,"values":[0.0809,-0.0651,0.9946,0,-0.2497,0.9647,0.0835,0,-0.9649,-0.2551,0.0618,0,0,0.2665,0,1]},
{"frame":30,"values":[0.0809,-0.0651,0.9946,0,-0.2497,0.9647,0.0835,0,-0.9649,-0.2551,0.0618,0,0,0.2665,0,1]},
{"frame":41,"values":[0.0809,-0.0651,0.9946,0,-0.2497,0.9647,0.0835,0,-0.9649,-0.2551,0.0618,0,0,0.2665,0,1]},
{"frame":70,"values":[0.0809,-0.0651,0.9946,0,-0.2497,0.9647,0.0835,0,-0.9649,-0.2551,0.0618,0,0,0.2665,0,1]}]}},
{"name":"thumb.02.R","index":15,"matrix":[-0.0737,-0.4265,0.9015,0,0.3982,0.8162,0.4187,0,-0.9143,0.3898,0.1097,0,0.0397,0.0563,0.0205,1],"rest":[-0.0737,-0.4265,0.9015,0,0.3982,0.8162,0.4187,0,-0.9143,0.3898,0.1097,0,0.0397,0.0563,0.0205,1],"parentBoneIndex":14,"length":0.0362
,"animation":{"name":"anim","property":"_matrix","dataType":3,"framePerSecond":24,"loopBehavior":1,"keys":[
{"frame":1,"values":[-0.0737,-0.4265,0.9015,0,0.3982,0.8162,0.4187,0,-0.9143,0.3898,0.1097,0,0.0397,0.0563,0.0205,1]},
{"frame":30,"values":[-0.0737,-0.4265,0.9015,0,0.3982,0.8162,0.4187,0,-0.9143,0.3898,0.1097,0,0.0397,0.0563,0.0205,1]},
{"frame":41,"values":[-0.0737,-0.4265,0.9015,0,0.3982,0.8162,0.4187,0,-0.9143,0.3898,0.1097,0,0.0397,0.0563,0.0205,1]},
{"frame":70,"values":[-0.0737,-0.4265,0.9015,0,0.3982,0.8162,0.4187,0,-0.9143,0.3898,0.1097,0,0.0397,0.0563,0.0205,1]}]}},
{"name":"thumb.03.R","index":16,"matrix":[0.9991,-0.0164,-0.0387,0,0.0191,0.9974,0.0702,0,0.0374,-0.0709,0.9968,0,0,0.0362,0,1],"rest":[0.9991,-0.0164,-0.0387,0,0.0191,0.9974,0.0702,0,0.0374,-0.0709,0.9968,0,0,0.0362,0,1],"parentBoneIndex":15,"length":0.0223
,"animation":{"name":"anim","property":"_matrix","dataType":3,"framePerSecond":24,"loopBehavior":1,"keys":[
{"frame":1,"values":[0.9991,-0.0164,-0.0387,0,0.0191,0.9974,0.0702,0,0.0374,-0.0709,0.9968,0,0,0.0362,0,1]},
{"frame":30,"values":[0.9991,-0.0164,-0.0387,0,0.0191,0.9974,0.0702,0,0.0374,-0.0709,0.9968,0,0,0.0362,0,1]},
{"frame":41,"values":[0.9991,-0.0164,-0.0387,0,0.0191,0.9974,0.0702,0,0.0374,-0.0709,0.9968,0,0,0.0362,0,1]},
{"frame":70,"values":[0.9991,-0.0164,-0.0387,0,0.0191,0.9974,0.0702,0,0.0374,-0.0709,0.9968,0,0,0.0362,0,1]}]}},
{"name":"f_ring.01.R","index":17,"matrix":[0.9454,0.3097,-0.1011,0,-0.3151,0.9482,-0.0418,0,0.083,0.0714,0.994,0,-0.021,0.0948,-0.014,1],"rest":[0.9454,0.3097,-0.1011,0,-0.3151,0.9482,-0.0418,0,0.083,0.0714,0.994,0,-0.021,0.0948,-0.014,1],"parentBoneIndex":14,"length":0.028
,"animation":{"name":"anim","property":"_matrix","dataType":3,"framePerSecond":24,"loopBehavior":1,"keys":[
{"frame":1,"values":[0.9454,0.3097,-0.1011,0,-0.3151,0.9482,-0.0418,0,0.083,0.0714,0.994,0,-0.021,0.0948,-0.014,1]},
{"frame":30,"values":[0.9454,0.3097,-0.1011,0,-0.3151,0.9482,-0.0418,0,0.083,0.0714,0.994,0,-0.021,0.0948,-0.014,1]},
{"frame":41,"values":[0.9454,0.3097,-0.1011,0,-0.3151,0.9482,-0.0418,0,0.083,0.0714,0.994,0,-0.021,0.0948,-0.014,1]},
{"frame":70,"values":[0.9454,0.3097,-0.1011,0,-0.3151,0.9482,-0.0418,0,0.083,0.0714,0.994,0,-0.021,0.0948,-0.014,1]}]}},
{"name":"f_index.01.R","index":18,"matrix":[0.9123,-0.1461,0.3825,0,0.1212,0.9887,0.0885,0,-0.3911,-0.0344,0.9197,0,0.025,0.104,-0.0076,1],"rest":[0.9123,-0.1461,0.3825,0,0.1212,0.9887,0.0885,0,-0.3911,-0.0344,0.9197,0,0.025,0.104,-0.0076,1],"parentBoneIndex":14,"length":0.0244
,"animation":{"name":"anim","property":"_matrix","dataType":3,"framePerSecond":24,"loopBehavior":1,"keys":[
{"frame":1,"values":[0.9123,-0.1461,0.3825,0,0.1212,0.9887,0.0885,0,-0.3911,-0.0344,0.9197,0,0.025,0.104,-0.0076,1]},
{"frame":30,"values":[0.9123,-0.1461,0.3825,0,0.1212,0.9887,0.0885,0,-0.3911,-0.0344,0.9197,0,0.025,0.104,-0.0076,1]},
{"frame":41,"values":[0.9123,-0.1461,0.3825,0,0.1212,0.9887,0.0885,0,-0.3911,-0.0344,0.9197,0,0.025,0.104,-0.0076,1]},
{"frame":70,"values":[0.9123,-0.1461,0.3825,0,0.1212,0.9887,0.0885,0,-0.3911,-0.0344,0.9197,0,0.025,0.104,-0.0076,1]}]}},
{"name":"doll.R","index":19,"matrix":[0.782,-0.6165,0.0916,0,-0.0056,0.14,0.9901,0,-0.6233,-0.7748,0.106,0,0,0.2665,0,1],"rest":[0.1687,-0.6558,-0.7358,0,0.6558,-0.4826,0.5805,0,-0.7358,-0.5805,0.3486,0,0,0.2665,0,1],"parentBoneIndex":13,"length":0.2127
,"animation":{"name":"anim","property":"_matrix","dataType":3,"framePerSecond":24,"loopBehavior":1,"keys":[
{"frame":1,"values":[0.782,-0.6165,0.0916,0,-0.0056,0.14,0.9901,0,-0.6233,-0.7748,0.106,0,0,0.2665,0,1]},
{"frame":30,"values":[0.782,-0.6165,0.0916,0,-0.0056,0.14,0.9901,0,-0.6233,-0.7748,0.106,0,0,0.2665,0,1]},
{"frame":41,"values":[0.782,-0.6165,0.0916,0,-0.0056,0.14,0.9901,0,-0.6233,-0.7748,0.106,0,0,0.2665,0,1]},
{"frame":70,"values":[0.782,-0.6165,0.0916,0,-0.0056,0.14,0.9901,0,-0.6233,-0.7748,0.106,0,0,0.2665,0,1]}]}},
{"name":"clavicle.L","index":20,"matrix":[0.252,0.1999,0.9469,0,0.8999,-0.4083,-0.1533,0,0.356,0.8907,-0.2828,0,0.0228,0.2759,0.0486,1],"rest":[0.2259,0.2535,0.9406,0,0.9637,-0.1994,-0.1777,0,0.1425,0.9466,-0.2893,0,0.0228,0.2759,0.0486,1],"parentBoneIndex":10,"length":0.1699
,"animation":{"name":"anim","property":"_matrix","dataType":3,"framePerSecond":24,"loopBehavior":1,"keys":[
{"frame":1,"values":[0.252,0.1999,0.9469,0,0.8999,-0.4083,-0.1533,0,0.356,0.8907,-0.2828,0,0.0228,0.2759,0.0486,1]},
{"frame":30,"values":[0.252,0.1999,0.9469,0,0.8999,-0.4083,-0.1533,0,0.356,0.8907,-0.2828,0,0.0228,0.2759,0.0486,1]},
{"frame":41,"values":[0.252,0.1999,0.9469,0,0.8999,-0.4083,-0.1533,0,0.356,0.8907,-0.2828,0,0.0228,0.2759,0.0486,1]},
{"frame":70,"values":[0.252,0.1999,0.9469,0,0.8999,-0.4083,-0.1533,0,0.356,0.8907,-0.2828,0,0.0228,0.2759,0.0486,1]}]}},
{"name":"upper_arm.L","index":21,"matrix":[-0.1457,-0.9754,-0.1655,0,-0.149,0.1871,-0.971,0,0.978,-0.1168,-0.1726,0,0,0.1699,0,1],"rest":[-0.1823,-0.6233,-0.7604,0,0.0328,0.7691,-0.6383,0,0.9827,-0.1413,-0.1198,0,0,0.1699,0,1],"parentBoneIndex":20,"length":0.252
,"animation":{"name":"anim","property":"_matrix","dataType":3,"framePerSecond":24,"loopBehavior":1,"keys":[
{"frame":1,"values":[-0.1457,-0.9754,-0.1655,0,-0.149,0.1871,-0.971,0,0.978,-0.1168,-0.1726,0,0,0.1699,0,1]},
{"frame":30,"values":[-0.1457,-0.9754,-0.1655,0,-0.149,0.1871,-0.971,0,0.978,-0.1168,-0.1726,0,0,0.1699,0,1]},
{"frame":41,"values":[-0.1457,-0.9754,-0.1655,0,-0.149,0.1871,-0.971,0,0.978,-0.1168,-0.1726,0,0,0.1699,0,1]},
{"frame":70,"values":[-0.1457,-0.9754,-0.1655,0,-0.149,0.1871,-0.971,0,0.978,-0.1168,-0.1726,0,0,0.1699,0,1]}]}},
{"name":"forearm.L","index":22,"matrix":[0.4978,-0.2076,-0.8421,0,0.8192,0.4313,0.3779,0,0.2848,-0.878,0.3848,0,0,0.252,0,1],"rest":[1,0,0,0,0,0.6877,0.726,0,0,-0.726,0.6877,0,0,0.252,0,1],"parentBoneIndex":21,"length":0.2663
,"animation":{"name":"anim","property":"_matrix","dataType":3,"framePerSecond":24,"loopBehavior":1,"keys":[
{"frame":1,"values":[0.4978,-0.2076,-0.8421,0,0.8192,0.4313,0.3779,0,0.2848,-0.878,0.3848,0,0,0.252,0,1]},
{"frame":30,"values":[0.4978,-0.2076,-0.8421,0,0.8192,0.4313,0.3779,0,0.2848,-0.878,0.3848,0,0,0.252,0,1]},
{"frame":41,"values":[0.4978,-0.2076,-0.8421,0,0.8192,0.4313,0.3779,0,0.2848,-0.878,0.3848,0,0,0.252,0,1]},
{"frame":70,"values":[0.4978,-0.2076,-0.8421,0,0.8192,0.4313,0.3779,0,0.2848,-0.878,0.3848,0,0,0.252,0,1]}]}},
{"name":"hand.L","index":23,"matrix":[0.081,0.0653,-0.9946,0,0.2484,0.965,0.0836,0,0.9653,-0.2538,0.062,0,0,0.2663,0,1],"rest":[0.081,0.0653,-0.9946,0,0.2484,0.965,0.0836,0,0.9653,-0.2538,0.062,0,0,0.2663,0,1],"parentBoneIndex":22,"length":0.111
,"animation":{"name":"anim","property":"_matrix","dataType":3,"framePerSecond":24,"loopBehavior":1,"keys":[
{"frame":1,"values":[0.081,0.0653,-0.9946,0,0.2484,0.965,0.0836,0,0.9653,-0.2538,0.062,0,0,0.2663,0,1]},
{"frame":30,"values":[0.081,0.0653,-0.9946,0,0.2484,0.965,0.0836,0,0.9653,-0.2538,0.062,0,0,0.2663,0,1]},
{"frame":41,"values":[0.081,0.0653,-0.9946,0,0.2484,0.965,0.0836,0,0.9653,-0.2538,0.062,0,0,0.2663,0,1]},
{"frame":70,"values":[0.081,0.0653,-0.9946,0,0.2484,0.965,0.0836,0,0.9653,-0.2538,0.062,0,0,0.2663,0,1]}]}},
{"name":"thumb.02.L","index":24,"matrix":[-0.0748,0.4266,-0.9014,0,-0.3985,0.8158,0.4192,0,0.9141,0.3905,0.1089,0,-0.0393,0.0556,0.0203,1],"rest":[-0.0748,0.4266,-0.9014,0,-0.3985,0.8158,0.4192,0,0.9141,0.3905,0.1089,0,-0.0393,0.0556,0.0203,1],"parentBoneIndex":23,"length":0.0358
,"animation":{"name":"anim","property":"_matrix","dataType":3,"framePerSecond":24,"loopBehavior":1,"keys":[
{"frame":1,"values":[-0.0748,0.4266,-0.9014,0,-0.3985,0.8158,0.4192,0,0.9141,0.3905,0.1089,0,-0.0393,0.0556,0.0203,1]},
{"frame":30,"values":[-0.0748,0.4266,-0.9014,0,-0.3985,0.8158,0.4192,0,0.9141,0.3905,0.1089,0,-0.0393,0.0556,0.0203,1]},
{"frame":41,"values":[-0.0748,0.4266,-0.9014,0,-0.3985,0.8158,0.4192,0,0.9141,0.3905,0.1089,0,-0.0393,0.0556,0.0203,1]},
{"frame":70,"values":[-0.0748,0.4266,-0.9014,0,-0.3985,0.8158,0.4192,0,0.9141,0.3905,0.1089,0,-0.0393,0.0556,0.0203,1]}]}},
{"name":"thumb.03.L","index":25,"matrix":[0.9991,0.0163,0.0383,0,-0.0189,0.9974,0.0702,0,-0.037,-0.0709,0.9968,0,0,0.0358,0,1],"rest":[0.9991,0.0163,0.0383,0,-0.0189,0.9974,0.0702,0,-0.037,-0.0709,0.9968,0,0,0.0358,0,1],"parentBoneIndex":24,"length":0.0221
,"animation":{"name":"anim","property":"_matrix","dataType":3,"framePerSecond":24,"loopBehavior":1,"keys":[
{"frame":1,"values":[0.9991,0.0163,0.0383,0,-0.0189,0.9974,0.0702,0,-0.037,-0.0709,0.9968,0,0,0.0358,0,1]},
{"frame":30,"values":[0.9991,0.0163,0.0383,0,-0.0189,0.9974,0.0702,0,-0.037,-0.0709,0.9968,0,0,0.0358,0,1]},
{"frame":41,"values":[0.9991,0.0163,0.0383,0,-0.0189,0.9974,0.0702,0,-0.037,-0.0709,0.9968,0,0,0.0358,0,1]},
{"frame":70,"values":[0.9991,0.0163,0.0383,0,-0.0189,0.9974,0.0702,0,-0.037,-0.0709,0.9968,0,0,0.0358,0,1]}]}},
{"name":"f_ring.01.L","index":26,"matrix":[0.9456,-0.3097,0.0999,0,0.3149,0.9482,-0.0408,0,-0.0821,0.07,0.9942,0,0.0207,0.0936,-0.0138,1],"rest":[0.9456,-0.3097,0.0999,0,0.3149,0.9482,-0.0408,0,-0.0821,0.07,0.9942,0,0.0207,0.0936,-0.0138,1],"parentBoneIndex":23,"length":0.0277
,"animation":{"name":"anim","property":"_matrix","dataType":3,"framePerSecond":24,"loopBehavior":1,"keys":[
{"frame":1,"values":[0.9456,-0.3097,0.0999,0,0.3149,0.9482,-0.0408,0,-0.0821,0.07,0.9942,0,0.0207,0.0936,-0.0138,1]},
{"frame":30,"values":[0.9456,-0.3097,0.0999,0,0.3149,0.9482,-0.0408,0,-0.0821,0.07,0.9942,0,0.0207,0.0936,-0.0138,1]},
{"frame":41,"values":[0.9456,-0.3097,0.0999,0,0.3149,0.9482,-0.0408,0,-0.0821,0.07,0.9942,0,0.0207,0.0936,-0.0138,1]},
{"frame":70,"values":[0.9456,-0.3097,0.0999,0,0.3149,0.9482,-0.0408,0,-0.0821,0.07,0.9942,0,0.0207,0.0936,-0.0138,1]}]}},
{"name":"f_index.01.L","index":27,"matrix":[0.9126,0.1462,-0.3819,0,-0.1211,0.9886,0.0891,0,0.3905,-0.0351,0.9199,0,-0.0247,0.1028,-0.0074,1],"rest":[0.9126,0.1462,-0.3819,0,-0.1211,0.9886,0.0891,0,0.3905,-0.0351,0.9199,0,-0.0247,0.1028,-0.0074,1],"parentBoneIndex":23,"length":0.0242
,"animation":{"name":"anim","property":"_matrix","dataType":3,"framePerSecond":24,"loopBehavior":1,"keys":[
{"frame":1,"values":[0.9126,0.1462,-0.3819,0,-0.1211,0.9886,0.0891,0,0.3905,-0.0351,0.9199,0,-0.0247,0.1028,-0.0074,1]},
{"frame":30,"values":[0.9126,0.1462,-0.3819,0,-0.1211,0.9886,0.0891,0,0.3905,-0.0351,0.9199,0,-0.0247,0.1028,-0.0074,1]},
{"frame":41,"values":[0.9126,0.1462,-0.3819,0,-0.1211,0.9886,0.0891,0,0.3905,-0.0351,0.9199,0,-0.0247,0.1028,-0.0074,1]},
{"frame":70,"values":[0.9126,0.1462,-0.3819,0,-0.1211,0.9886,0.0891,0,0.3905,-0.0351,0.9199,0,-0.0247,0.1028,-0.0074,1]}]}},
{"name":"neck","index":28,"matrix":[1,0,0,0,0,0.9814,-0.1919,0,0,0.1919,0.9814,0,0,0.3452,0,1],"rest":[1,0,0,0,0,0.9814,-0.1919,0,0,0.1919,0.9814,0,0,0.3452,0,1],"parentBoneIndex":10,"length":0.1096
,"animation":{"name":"anim","property":"_matrix","dataType":3,"framePerSecond":24,"loopBehavior":1,"keys":[
{"frame":1,"values":[1,0,0,0,0,0.9814,-0.1919,0,0,0.1919,0.9814,0,0,0.3452,0,1]},
{"frame":30,"values":[1,0,0,0,0,0.9814,-0.1919,0,0,0.1919,0.9814,0,0,0.3452,0,1]},
{"frame":41,"values":[1,0,0,0,0,0.9814,-0.1919,0,0,0.1919,0.9814,0,0,0.3452,0,1]},
{"frame":70,"values":[1,0,0,0,0,0.9814,-0.1919,0,0,0.1919,0.9814,0,0,0.3452,0,1]}]}},
{"name":"head","index":29,"matrix":[1,0,0,0,0,0.9955,0.0951,0,0,-0.0951,0.9955,0,0,0.1096,0,1],"rest":[1,0,0,0,0,0.9955,0.0951,0,0,-0.0951,0.9955,0,0,0.1096,0,1],"parentBoneIndex":28,"length":0.1318
,"animation":{"name":"anim","property":"_matrix","dataType":3,"framePerSecond":24,"loopBehavior":1,"keys":[
{"frame":1,"values":[1,0,0,0,0,0.9955,0.0951,0,0,-0.0951,0.9955,0,0,0.1096,0,1]},
{"frame":30,"values":[1,0,0,0,0,0.9955,0.0951,0,0,-0.0951,0.9955,0,0,0.1096,0,1]},
{"frame":41,"values":[1,0,0,0,0,0.9955,0.0951,0,0,-0.0951,0.9955,0,0,0.1096,0,1]},
{"frame":70,"values":[1,0,0,0,0,0.9955,0.0951,0,0,-0.0951,0.9955,0,0,0.1096,0,1]}]}},
{"name":"jaw","index":30,"matrix":[1,0,0,0,0,-0.6887,0.7251,0,0,-0.7251,-0.6887,0,0,-0.0035,0.0557,1],"rest":[1,0,0,0,0,-0.6887,0.7251,0,0,-0.7251,-0.6887,0,0,-0.0035,0.0557,1],"parentBoneIndex":29,"length":0.1155
,"animation":{"name":"anim","property":"_matrix","dataType":3,"framePerSecond":24,"loopBehavior":1,"keys":[
{"frame":1,"values":[1,0,0,0,0,-0.6887,0.7251,0,0,-0.7251,-0.6887,0,0,-0.0035,0.0557,1]},
{"frame":30,"values":[1,0,0,0,0,-0.6887,0.7251,0,0,-0.7251,-0.6887,0,0,-0.0035,0.0557,1]},
{"frame":41,"values":[1,0,0,0,0,-0.6887,0.7251,0,0,-0.7251,-0.6887,0,0,-0.0035,0.0557,1]},
{"frame":70,"values":[1,0,0,0,0,-0.6887,0.7251,0,0,-0.7251,-0.6887,0,0,-0.0035,0.0557,1]}]}},
{"name":"eye.R","index":31,"matrix":[0.8219,-0.5675,0.0491,0,-0.0944,-0.0507,0.9942,0,-0.5618,-0.8218,-0.0952,0,-0.0294,0.0309,0.1227,1],"rest":[0.8219,-0.5675,0.0491,0,-0.0944,-0.0507,0.9942,0,-0.5618,-0.8218,-0.0952,0,-0.0294,0.0309,0.1227,1],"parentBoneIndex":29,"length":0.0233
,"animation":{"name":"anim","property":"_matrix","dataType":3,"framePerSecond":24,"loopBehavior":1,"keys":[
{"frame":1,"values":[0.8219,-0.5675,0.0491,0,-0.0944,-0.0507,0.9942,0,-0.5618,-0.8218,-0.0952,0,-0.0294,0.0309,0.1227,1]},
{"frame":30,"values":[0.8219,-0.5675,0.0491,0,-0.0944,-0.0507,0.9942,0,-0.5618,-0.8218,-0.0952,0,-0.0294,0.0309,0.1227,1]},
{"frame":41,"values":[0.8219,-0.5675,0.0491,0,-0.0944,-0.0507,0.9942,0,-0.5618,-0.8218,-0.0952,0,-0.0294,0.0309,0.1227,1]},
{"frame":70,"values":[0.8219,-0.5675,0.0491,0,-0.0944,-0.0507,0.9942,0,-0.5618,-0.8218,-0.0952,0,-0.0294,0.0309,0.1227,1]}]}},
{"name":"eye.L","index":32,"matrix":[0.8219,0.5675,-0.0491,0,0.0944,-0.0507,0.9942,0,0.5618,-0.8218,-0.0952,0,0.0294,0.0309,0.1227,1],"rest":[0.8219,0.5675,-0.0491,0,0.0944,-0.0507,0.9942,0,0.5618,-0.8218,-0.0952,0,0.0294,0.0309,0.1227,1],"parentBoneIndex":29,"length":0.0233
,"animation":{"name":"anim","property":"_matrix","dataType":3,"framePerSecond":24,"loopBehavior":1,"keys":[
{"frame":1,"values":[0.8219,0.5675,-0.0491,0,0.0944,-0.0507,0.9942,0,0.5618,-0.8218,-0.0952,0,0.0294,0.0309,0.1227,1]},
{"frame":30,"values":[0.8219,0.5675,-0.0491,0,0.0944,-0.0507,0.9942,0,0.5618,-0.8218,-0.0952,0,0.0294,0.0309,0.1227,1]},
{"frame":41,"values":[0.8219,0.5675,-0.0491,0,0.0944,-0.0507,0.9942,0,0.5618,-0.8218,-0.0952,0,0.0294,0.0309,0.1227,1]},
{"frame":70,"values":[0.8219,0.5675,-0.0491,0,0.0944,-0.0507,0.9942,0,0.5618,-0.8218,-0.0952,0,0.0294,0.0309,0.1227,1]}]}}]
,"ranges":[{"name":"standAction","from":0,"to":30},{"name":"waveAction","from":40,"to":70}]}],
"meshes":[{"name":"base_clothes:Body","id":"base_clothes:Body","materialId":"base_clothes:Skin","billboardMode":0,"position":[0,0,0],"rotation":[0,0,0],"scaling":[1,1,1],"isVisible":true,"isEnabled":true,"pickable":false,"skeletonId":0,"numBoneInfluencers":3
,"positions":[-0.0337,1.6241,-0.1438,-0.0302,1.6235,-0.144,-0.03,1.624,-0.1446,-0.0337,1.6261,-0.1441,-0.03,1.6248,-0.1449,-0.0299,1.6261,-0.1449,-0.0372,1.6241,-0.1429,-0.037,1.6234,-0.1427,-0.0337,1.6249,-0.1442,-0.0375,1.6253,-0.1426,-0.0402,1.6232,-0.141,-0.041,1.6243,-0.1407,-0.04,1.6225,-0.1406,-0.0426,1.6219,-0.1381,-0.0436,1.6229,-0.1379,-0.0422,1.6214,-0.1381,-0.0437,1.6213,-0.1366
,-0.0448,1.6219,-0.1358,-0.043,1.6209,-0.137,-0.0442,1.6205,-0.1347,-0.0454,1.6208,-0.1341,-0.0435,1.6202,-0.1351,-0.0445,1.6198,-0.1334,-0.0455,1.6198,-0.1328,-0.0436,1.6198,-0.1341,-0.0444,1.6192,-0.1327,-0.0453,1.619,-0.1322,-0.0435,1.6192,-0.1334,-0.0451,1.6179,-0.1322,-0.044,1.6182,-0.1328,-0.0431,1.6184,-0.1336,-0.0445,1.6167,-0.1329,-0.0435,1.6172,-0.1335,-0.0426,1.6176,-0.1342
,-0.0411,1.6148,-0.1369,-0.0388,1.6127,-0.1389,-0.0384,1.6137,-0.1396,-0.0408,1.6158,-0.1376,-0.0381,1.6148,-0.1402,-0.0304,1.6142,-0.1426,-0.0266,1.6134,-0.142,-0.0267,1.6143,-0.1425,-0.0306,1.6131,-0.142,-0.0266,1.6124,-0.1417,-0.0235,1.6147,-0.1417,-0.0233,1.6139,-0.1416,-0.0229,1.613,-0.1415,-0.0212,1.6152,-0.1409,-0.0208,1.6145,-0.141,-0.0202,1.6138,-0.141,-0.0266,1.6229,-0.1436
,-0.0263,1.6235,-0.1441,-0.026,1.6254,-0.1444,-0.0262,1.6241,-0.1443,-0.0224,1.6241,-0.1438,-0.0228,1.623,-0.1436,-0.0229,1.6224,-0.1432,-0.0231,1.6218,-0.1426,-0.0193,1.6223,-0.1428,-0.0198,1.6213,-0.1424,-0.0202,1.6207,-0.1421,-0.0204,1.6203,-0.1416,-0.0176,1.6203,-0.1417,-0.0182,1.6199,-0.1415,-0.0186,1.6194,-0.1414,-0.0191,1.6191,-0.1411,-0.0161,1.619,-0.1409,-0.0165,1.6177,-0.1404
,-0.0158,1.6178,-0.1405,-0.0171,1.6177,-0.1402,-0.0179,1.6185,-0.1403,-0.0176,1.6176,-0.1399,-0.0164,1.6167,-0.1403,-0.0157,1.6166,-0.1405,-0.017,1.617,-0.14,-0.0176,1.6172,-0.1397,-0.0159,1.6157,-0.1405,-0.0168,1.616,-0.1404,-0.0175,1.6164,-0.14,-0.0183,1.6165,-0.1397,-0.0392,1.6117,-0.1377,-0.0417,1.614,-0.1359,-0.0422,1.613,-0.135,-0.0223,1.612,-0.1412,-0.0194,1.613,-0.1411
,-0.0263,1.6113,-0.1413,-0.0304,1.6097,-0.1402,-0.0255,1.61,-0.1407,-0.0454,1.6161,-0.1325,-0.046,1.6176,-0.1318,-0.0465,1.6188,-0.1317,-0.0464,1.6198,-0.1323,-0.0463,1.621,-0.1335,-0.0455,1.6223,-0.1351,-0.0441,1.6237,-0.1374,-0.0377,1.626,-0.1423,-0.0412,1.625,-0.1403,-0.0337,1.627,-0.1439,-0.0296,1.627,-0.1448,-0.0257,1.6265,-0.1445,-0.0191,1.6233,-0.1432,-0.022,1.6251,-0.1442
,-0.0421,1.626,-0.1399,-0.045,1.6244,-0.1367,-0.0147,1.618,-0.1406,-0.0153,1.6195,-0.1411,-0.0145,1.6166,-0.1406,-0.0152,1.6153,-0.1407,-0.0169,1.621,-0.1421,-0.0143,1.6203,-0.1415,-0.0159,1.622,-0.1425,-0.017,1.6187,-0.1409,-0.0177,1.6185,-0.1408,-0.0183,1.6243,-0.1435,-0.014,1.6236,-0.143,-0.0123,1.6213,-0.1422,-0.0113,1.619,-0.1416,-0.0132,1.6183,-0.1407,-0.0112,1.6169,-0.1417
,-0.0132,1.6166,-0.1407,-0.0119,1.6152,-0.1417,-0.0091,1.6249,-0.1466,-0.0101,1.6219,-0.1439,-0.0078,1.6215,-0.1457,-0.0072,1.6181,-0.1452,-0.0096,1.6165,-0.1432,-0.0079,1.6154,-0.1448,-0.0103,1.6144,-0.1432,-0.0087,1.6127,-0.145,-0.0094,1.619,-0.1433,-0.0063,1.624,-0.1472,-0.0052,1.6208,-0.1466,-0.0049,1.6173,-0.1466,-0.0053,1.6136,-0.1475,-0.0066,1.6094,-0.1488,-0.0032,1.6231,-0.1477
,-0.0027,1.6203,-0.1473,-0.0062,1.6048,-0.1525,-0.0032,1.6096,-0.1502,-0.0026,1.617,-0.1476,-0.0029,1.6134,-0.1486,0,1.6225,-0.1481,0,1.6199,-0.1477,0,1.6056,-0.1532,-0.0033,1.6054,-0.1531,0,1.6168,-0.148,0,1.6134,-0.1489,0,1.6098,-0.1505,-0.0299,1.608,-0.1396,-0.0212,1.611,-0.1409,-0.0246,1.6088,-0.1404,-0.0199,1.61,-0.1408,-0.0179,1.6123,-0.1408
,-0.0163,1.6117,-0.1412,-0.0403,1.6091,-0.1357,-0.043,1.612,-0.134,-0.044,1.6108,-0.1335,-0.0478,1.62,-0.1317,-0.0491,1.6216,-0.1321,-0.0493,1.6201,-0.1312,-0.0489,1.6169,-0.1306,-0.0477,1.6187,-0.1311,-0.0492,1.6185,-0.1304,-0.0475,1.6213,-0.1327,-0.0481,1.6233,-0.1338,-0.0466,1.6227,-0.1343,-0.0463,1.6248,-0.1361,-0.0386,1.6281,-0.1424,-0.0428,1.6267,-0.1398,-0.0243,1.6285,-0.1452
,-0.0213,1.626,-0.1443,-0.0202,1.6272,-0.1449,-0.034,1.6282,-0.1441,-0.034,1.6288,-0.1447,-0.0288,1.629,-0.1456,-0.025,1.6277,-0.1444,-0.0167,1.6256,-0.144,-0.0294,1.6285,-0.1449,-0.0117,1.6245,-0.1446,-0.0109,1.6275,-0.1474,-0.0142,1.6269,-0.1456,-0.0078,1.6272,-0.1485,-0.0038,1.6264,-0.1486,0,1.6262,-0.149,-0.0198,1.6324,-0.1493,-0.0178,1.6286,-0.1467,-0.0145,1.63,-0.1486
,-0.0264,1.6333,-0.1489,-0.0226,1.6298,-0.147,-0.0405,1.6322,-0.1441,-0.0339,1.6303,-0.1456,-0.0338,1.6332,-0.1471,-0.0446,1.6279,-0.1398,-0.0466,1.6304,-0.1399,-0.028,1.6304,-0.1468,-0.051,1.6184,-0.1296,-0.0529,1.621,-0.1289,-0.0526,1.6184,-0.128,-0.051,1.6206,-0.1302,-0.0526,1.6234,-0.1301,-0.0505,1.6163,-0.1296,-0.0523,1.6155,-0.1282,-0.0509,1.6224,-0.1314,-0.0519,1.6254,-0.132
,-0.0501,1.624,-0.1331,-0.0499,1.6278,-0.135,-0.048,1.6258,-0.1357,-0.0478,1.6342,-0.1394,-0.0411,1.6361,-0.1445,-0.0249,1.6376,-0.1503,-0.0155,1.6367,-0.1512,-0.0105,1.6315,-0.1503,-0.055,1.6216,-0.1266,-0.0548,1.6181,-0.1259,-0.0547,1.6247,-0.1278,-0.0542,1.6145,-0.1261,-0.0537,1.6275,-0.13,-0.0333,1.6372,-0.1482,-0.0515,1.613,-0.1287,-0.0535,1.6114,-0.1269,-0.0518,1.6307,-0.1338
,-0.0049,1.6314,-0.1505,0,1.6315,-0.1505,-0.0485,1.6383,-0.1384,-0.0413,1.6407,-0.1438,-0.0333,1.6421,-0.1478,-0.0247,1.6428,-0.1503,0,1.6376,-0.1516,-0.0067,1.6377,-0.1519,-0.0156,1.6429,-0.1517,-0.0068,1.6429,-0.1519,-0.0336,1.6473,-0.147,-0.0247,1.6483,-0.1501,-0.0489,1.6422,-0.1366,-0.0418,1.6455,-0.1426,0,1.6433,-0.152,-0.0069,1.6491,-0.1515,-0.0156,1.649,-0.1519
,0,1.6492,-0.1516,-0.0547,1.6586,-0.1183,-0.0497,1.6703,-0.1233,-0.0561,1.6623,-0.1135,-0.048,1.6658,-0.1275,-0.0404,1.6757,-0.1308,-0.0391,1.6705,-0.1349,-0.03,1.6795,-0.1362,-0.057,1.6136,-0.123,-0.0576,1.6181,-0.1225,-0.0573,1.6262,-0.1247,-0.0574,1.6224,-0.1228,-0.0534,1.6338,-0.132,-0.0561,1.6297,-0.1274,-0.0561,1.6095,-0.1242,-0.0548,1.6374,-0.1297,-0.0581,1.6323,-0.1238
,-0.0595,1.6277,-0.1201,-0.0602,1.6226,-0.118,-0.0626,1.6409,-0.1014,-0.0603,1.6531,-0.1044,-0.0628,1.6427,-0.0967,-0.0576,1.6666,-0.1076,-0.0592,1.6477,-0.114,-0.0535,1.6553,-0.1229,-0.0646,1.6313,-0.0911,-0.0634,1.645,-0.0914,-0.0653,1.6326,-0.085,-0.0486,1.7141,-0.0561,-0.0413,1.7188,-0.0258,-0.0512,1.7113,-0.0283,0,1.5855,-0.1667,-0.0032,1.5833,-0.167,0,1.5831,-0.1675
,-0.0123,1.5868,-0.1583,-0.0094,1.5906,-0.1598,-0.0116,1.5908,-0.1557,-0.0145,1.5876,-0.1537,-0.0134,1.5903,-0.1519,-0.0087,1.5939,-0.1573,-0.0108,1.594,-0.1542,-0.0129,1.5931,-0.1509,-0.0066,1.5862,-0.1646,-0.0036,1.5893,-0.1642,-0.0065,1.5899,-0.1626,0,1.5922,-0.1623,0,1.5889,-0.1645,-0.0034,1.5928,-0.1619,-0.0066,1.5836,-0.1655,-0.0034,1.5858,-0.1661,-0.0182,1.5873,-0.1453
,-0.0154,1.5888,-0.1493,-0.0152,1.5913,-0.148,-0.0061,1.5933,-0.1601,-0.0065,1.5756,-0.1617,-0.008,1.5774,-0.1632,-0.0086,1.5768,-0.1617,-0.0172,1.5801,-0.1519,-0.0159,1.5762,-0.1503,-0.0161,1.5784,-0.1533,-0.0038,1.5753,-0.1635,-0.0024,1.5767,-0.1661,-0.0051,1.5773,-0.1649,-0.0041,1.5741,-0.161,-0.0057,1.5757,-0.163,0,1.5766,-0.1665,-0.0018,1.5746,-0.164,0,1.5744,-0.1641
,-0.0026,1.5734,-0.1609,-0.005,1.5746,-0.1602,-0.0041,1.5732,-0.1575,-0.0014,1.573,-0.1609,0,1.573,-0.1609,-0.0026,1.5723,-0.1577,-0.005,1.5739,-0.1575,-0.0059,1.5709,-0.1555,-0.0013,1.5718,-0.1579,0,1.5717,-0.1578,-0.0121,1.5733,-0.1513,-0.0096,1.571,-0.1531,-0.0096,1.573,-0.1528,-0.0126,1.5753,-0.1515,-0.0136,1.5745,-0.1504,-0.0087,1.5765,-0.1606,-0.011,1.5773,-0.1601
,-0.0103,1.5766,-0.1595,-0.013,1.5768,-0.1548,-0.0127,1.5776,-0.1574,-0.0143,1.5774,-0.154,-0.0132,1.5762,-0.1527,-0.0144,1.5761,-0.1513,-0.007,1.5758,-0.1605,-0.0058,1.5749,-0.1593,-0.006,1.5748,-0.1572,-0.007,1.5733,-0.1551,-0.0073,1.5749,-0.155,-0.0093,1.5746,-0.1531,-0.0115,1.5746,-0.1518,-0.0144,1.5789,-0.1576,0,1.581,-0.1676,-0.0027,1.5791,-0.167,0,1.5789,-0.1674
,-0.0115,1.5783,-0.1611,-0.0096,1.5863,-0.1622,-0.0125,1.5844,-0.16,-0.0096,1.5836,-0.1634,-0.0168,1.5848,-0.1508,-0.015,1.5855,-0.155,-0.0175,1.5842,-0.1476,-0.0163,1.5866,-0.1501,-0.0151,1.573,-0.1496,-0.0245,1.5848,-0.1434,-0.0323,1.5812,-0.1421,-0.0279,1.5788,-0.1432,-0.0017,1.5698,-0.1565,0,1.5695,-0.1567,-0.0119,1.5757,-0.1524,-0.0109,1.5756,-0.1523,-0.0067,1.5757,-0.1569
,-0.0077,1.5759,-0.1597,-0.0122,1.5762,-0.1533,-0.012,1.577,-0.1548,-0.0069,1.5756,-0.1588,-0.0089,1.5763,-0.1596,-0.0092,1.5757,-0.1531,-0.0119,1.5769,-0.157,-0.011,1.5769,-0.1564,-0.002,1.5673,-0.1566,0,1.5671,-0.1567,-0.0252,1.5528,-0.1468,-0.0225,1.5537,-0.1494,-0.0232,1.5558,-0.1492,-0.0219,1.5421,-0.1471,-0.0178,1.5408,-0.15,-0.0213,1.5436,-0.148,-0.0127,1.5715,-0.1511
,-0.01,1.5765,-0.1585,-0.0233,1.5452,-0.1465,0,1.5595,-0.16,-0.0024,1.5588,-0.1609,0,1.5584,-0.1611,-0.0022,1.5632,-0.1573,0,1.5631,-0.1572,-0.0077,1.576,-0.1547,-0.0091,1.5764,-0.1535,-0.0115,1.5764,-0.1537,-0.0112,1.5774,-0.1545,-0.0101,1.5767,-0.1531,-0.011,1.5766,-0.1533,-0.0081,1.5763,-0.1586,-0.0095,1.5773,-0.1577,-0.0104,1.5775,-0.1559,-0.0074,1.5767,-0.1581
