{"producer":{"name":"Blender","version":"2.76 (sub 0)","exporter_version":"5.4.0","file":"wingy3.babylon"},
"autoClear":true,"clearColor":[0.0509,0.0509,0.0509],"ambientColor":[0,0,0],"gravity":[0,-9.81,0],
"materials":[{"name":"wingy3.wingy3","id":"wingy3.wingy3","ambient":[1,1,1],"diffuse":[1,1,1],"specular":[0.0275,0.0275,0.0275],"emissive":[0,0,0],"specularPower":100,"alpha":1,"backFaceCulling":true,"checkReadyOnlyOnce":false,"maxSimultaneousLights":4, 
"diffuseTexture":{"name":"wingy2019_9new3f_parts.jpg","level":1,"hasAlpha":1,"coordinatesMode":0,"uOffset":0,"vOffset":0,"uScale":1,"vScale":1,"uAng":0,"vAng":0,"wAng":0,"wrapU":1,"wrapV":1,"coordinatesIndex":0}},
{"name":"wingy3.Wingy3:Full_beard:Full_beardmaterial","id":"wingy3.Wingy3:Full_beard:Full_beardmaterial","ambient":[0.8,0.8,0.8],"diffuse":[0.8,0.8,0.8],"specular":[0.0014,0.0014,0.0014],"emissive":[0,0,0],"specularPower":2,"alpha":1,"backFaceCulling":true,"checkReadyOnlyOnce":false,"maxSimultaneousLights":4, 
"diffuseTexture":{"name":"Full_beard_black_diff.png","level":1,"hasAlpha":1,"coordinatesMode":0,"uOffset":0,"vOffset":0,"uScale":1,"vScale":1,"uAng":0,"vAng":0,"wAng":0,"wrapU":1,"wrapV":1,"coordinatesIndex":0}},
{"name":"wingy3.Short_hair","id":"wingy3.Short_hair","ambient":[0.11,0.11,0.11],"diffuse":[1,1,1],"specular":[0,0,0],"emissive":[0,0,0],"specularPower":491,"alpha":1,"backFaceCulling":true,"checkReadyOnlyOnce":false,"maxSimultaneousLights":4, 
"diffuseTexture":{"name":"short04_diffuse3.png","level":1,"hasAlpha":1,"coordinatesMode":0,"uOffset":0,"vOffset":0,"uScale":1,"vScale":1,"uAng":0,"vAng":0,"wAng":0,"wrapU":1,"wrapV":1,"coordinatesIndex":0}},
{"name":"wingy3.gitar","id":"wingy3.gitar","ambient":[0.8,0.8,0.8],"diffuse":[0.64,0.64,0.64],"specular":[0.5,0.5,0.5],"emissive":[0,0,0],"specularPower":50,"alpha":1,"backFaceCulling":true,"checkReadyOnlyOnce":false,"maxSimultaneousLights":4, 
"diffuseTexture":{"name":"diffuze1.png","level":1,"hasAlpha":1,"coordinatesMode":0,"uOffset":0,"vOffset":0,"uScale":1,"vScale":1,"uAng":0,"vAng":0,"wAng":0,"wrapU":1,"wrapV":1,"coordinatesIndex":0}}],
"multiMaterials":[],
"skeletons":[{"name":"Wingy3","id":0,"dimensionsAtRest":[1.0204,1.6527,0.3649],"bones":[
{"name":"Root","index":0,"matrix":[0,1,0.0015,0,0,0.0015,-1,0,1,0,0,0,0,-0.0001,0.0252,1],"rest":[0,1,0.0015,0,0,0.0015,-1,0,1,0,0,0,0,-0.0001,0.0252,1],"parentBoneIndex":-1,"length":0.0536
,"animation":{"dataType":3,"framePerSecond":30,"keys":[
{"frame":1,"values":[0,1,0.0015,0,0,0.0015,-1,0,1,0,0,0,0,-0.0001,0.0252,1]},
{"frame":65,"values":[0,1,0.0015,0,0,0.0015,-1,0,1,0,0,0,0,-0.0001,0.0252,1]}],"loopBehavior":1,"name":"anim","property":"_matrix"}},
{"name":"pelvis","index":1,"matrix":[0,0,1,0,0.9002,-0.4355,0,0,0.4355,0.9002,0,0,0.5618,-0.2874,0,1],"rest":[0,0,1,0,0.9002,-0.4355,0,0,0.4355,0.9002,0,0,0.8763,0.0419,0,1],"parentBoneIndex":0,"length":0.0887
,"animation":{"dataType":3,"framePerSecond":30,"keys":[
{"frame":1,"values":[0,0,1,0,0.9002,-0.4355,0,0,0.4355,0.9002,0,0,0.5618,-0.2874,0,1]},
{"frame":65,"values":[0,0,1,0,0.9002,-0.4355,0,0,0.4355,0.9002,0,0,0.5618,-0.2874,0,1]}],"loopBehavior":1,"name":"anim","property":"_matrix"}},
{"name":"spine_01","index":2,"matrix":[1,0,0,0,0,0.7919,0.6107,0,0,-0.6107,0.7919,0,0,0.0887,0,1],"rest":[1,0,0,0,0,0.7919,0.6107,0,0,-0.6107,0.7919,0,0,0.0887,0,1],"parentBoneIndex":1,"length":0.0665
,"animation":{"dataType":3,"framePerSecond":30,"keys":[
{"frame":1,"values":[1,0,0,0,0,0.7919,0.6107,0,0,-0.6107,0.7919,0,0,0.0887,0,1]},
{"frame":65,"values":[1,0,0,0,0,0.7919,0.6107,0,0,-0.6107,0.7919,0,0,0.0887,0,1]}],"loopBehavior":1,"name":"anim","property":"_matrix"}},
{"name":"spine_02","index":3,"matrix":[1,0,0,0,0,0.9674,-0.2532,0,0,0.2532,0.9674,0,0,0.0665,0,1],"rest":[1,0,0,0,0,0.9674,-0.2532,0,0,0.2532,0.9674,0,0,0.0665,0,1],"parentBoneIndex":2,"length":0.0747
,"animation":{"dataType":3,"framePerSecond":30,"keys":[
{"frame":1,"values":[1,0,0,0,0,0.9674,-0.2532,0,0,0.2532,0.9674,0,0,0.0665,0,1]},
{"frame":65,"values":[1,0,0,0,0,0.9674,-0.2532,0,0,0.2532,0.9674,0,0,0.0665,0,1]}],"loopBehavior":1,"name":"anim","property":"_matrix"}},
{"name":"spine_03","index":4,"matrix":[1,0,0,0,0,1,0.0067,0,0,-0.0067,1,0,0,0.0747,0,1],"rest":[1,0,0,0,0,1,0.0067,0,0,-0.0067,1,0,0,0.0747,0,1],"parentBoneIndex":3,"length":0.137
,"animation":{"dataType":3,"framePerSecond":30,"keys":[
{"frame":1,"values":[1,0,0,0,0,1,0.0067,0,0,-0.0067,1,0,0,0.0747,0,1]},
{"frame":65,"values":[1,0,0,0,0,1,0.0067,0,0,-0.0067,1,0,0,0.0747,0,1]}],"loopBehavior":1,"name":"anim","property":"_matrix"}},
{"name":"clavicle_l","index":5,"matrix":[-0.1352,-0.9908,-0.0008,0,0.9901,-0.1351,-0.0394,0,0.039,-0.0061,0.9992,0,0.0228,0.2345,0.0553,1],"rest":[-0.1352,-0.9908,-0.0008,0,0.9901,-0.1351,-0.0394,0,0.039,-0.0061,0.9992,0,0.0228,0.2345,0.0553,1],"parentBoneIndex":4,"length":0.1472
,"animation":{"dataType":3,"framePerSecond":30,"keys":[
{"frame":1,"values":[-0.1352,-0.9908,-0.0008,0,0.9901,-0.1351,-0.0394,0,0.039,-0.0061,0.9992,0,0.0228,0.2345,0.0553,1]},
{"frame":65,"values":[-0.1352,-0.9908,-0.0008,0,0.9901,-0.1351,-0.0394,0,0.039,-0.0061,0.9992,0,0.0228,0.2345,0.0553,1]}],"loopBehavior":1,"name":"anim","property":"_matrix"}},
{"name":"upperarm_l","index":6,"matrix":[0.3738,-0.9225,-0.096,0,0.927,0.3751,0.005,0,0.0314,-0.0909,0.9954,0,0,0.1472,0,1],"rest":[0.7714,-0.6364,-0.0041,0,0.6361,0.7708,0.034,0,-0.0184,-0.0288,0.9994,0,0,0.1472,0,1],"parentBoneIndex":5,"length":0.2337
,"animation":{"dataType":3,"framePerSecond":30,"keys":[
{"frame":1,"values":[0.3738,-0.9225,-0.096,0,0.927,0.3751,0.005,0,0.0314,-0.0909,0.9954,0,0,0.1472,0,1]},
{"frame":2,"values":[0.3727,-0.9228,-0.0981,0,0.9273,0.3742,0.0032,0,0.0337,-0.0922,0.9952,0,0,0.1472,0,1]},
{"frame":3,"values":[0.3693,-0.9234,-0.1044,0,0.9284,0.3716,-0.0021,0,0.0407,-0.0961,0.9945,0,0,0.1472,0,1]},
{"frame":4,"values":[0.3638,-0.9244,-0.1148,0,0.93,0.3674,-0.0104,0,0.0518,-0.103,0.9933,0,0,0.1472,0,1]},
{"frame":5,"values":[0.3565,-0.9253,-0.1292,0,0.9319,0.362,-0.0211,0,0.0663,-0.1129,0.9914,0,0,0.1472,0,1]},
{"frame":6,"values":[0.3477,-0.926,-0.1468,0,0.9339,0.3559,-0.0329,0,0.0827,-0.1257,0.9886,0,0,0.1472,0,1]},
{"frame":7,"values":[0.3382,-0.9262,-0.1667,0,0.9358,0.3497,-0.0444,0,0.0994,-0.141,0.985,0,0,0.1472,0,1]},
{"frame":8,"values":[0.3284,-0.9257,-0.1874,0,0.9375,0.3436,-0.0546,0,0.1149,-0.1578,0.9808,0,0,0.1472,0,1]},
{"frame":9,"values":[0.3191,-0.9247,-0.2076,0,0.939,0.3381,-0.0625,0,0.128,-0.175,0.9762,0,0,0.1472,0,1]},
{"frame":10,"values":[0.3108,-0.9233,-0.2256,0,0.9404,0.3332,-0.068,0,0.138,-0.191,0.9718,0,0,0.1472,0,1]},
{"frame":11,"values":[0.304,-0.9218,-0.2404,0,0.9416,0.3292,-0.0715,0,0.1451,-0.2046,0.968,0,0,0.1472,0,1]},
{"frame":12,"values":[0.299,-0.9206,-0.2513,0,0.9425,0.3261,-0.0734,0,0.1496,-0.2148,0.9651,0,0,0.1472,0,1]},
{"frame":13,"values":[0.2959,-0.9198,-0.2578,0,0.943,0.3243,-0.0744,0,0.152,-0.2211,0.9633,0,0,0.1472,0,1]},
{"frame":14,"values":[0.2949,-0.9195,-0.26,0,0.9432,0.3236,-0.0746,0,0.1527,-0.2232,0.9627,0,0,0.1472,0,1]},
{"frame":26,"values":[0.2945,-0.9194,-0.2609,0,0.9433,0.3234,-0.0749,0,0.1532,-0.224,0.9625,0,0,0.1472,0,1]},
{"frame":27,"values":[0.2932,-0.919,-0.2636,0,0.9434,0.3228,-0.0758,0,0.1547,-0.2264,0.9617,0,0,0.1472,0,1]},
{"frame":28,"values":[0.2911,-0.9184,-0.2681,0,0.9437,0.3216,-0.0771,0,0.157,-0.2305,0.9603,0,0,0.1472,0,1]},
{"frame":29,"values":[0.2881,-0.9175,-0.2743,0,0.9441,0.3201,-0.0788,0,0.1601,-0.2363,0.9584,0,0,0.1472,0,1]},
{"frame":30,"values":[0.2845,-0.9163,-0.282,0,0.9446,0.3181,-0.0807,0,0.1636,-0.2434,0.956,0,0,0.1472,0,1]},
{"frame":31,"values":[0.2802,-0.9148,-0.2909,0,0.9453,0.3157,-0.0825,0,0.1673,-0.2518,0.9532,0,0,0.1472,0,1]},
{"frame":32,"values":[0.2755,-0.9131,-0.3005,0,0.946,0.3131,-0.0841,0,0.1709,-0.2611,0.9501,0,0,0.1472,0,1]},
{"frame":33,"values":[0.2706,-0.9113,-0.3104,0,0.9468,0.3102,-0.0853,0,0.174,-0.2708,0.9468,0,0,0.1472,0,1]},
{"frame":34,"values":[0.2658,-0.9094,-0.3199,0,0.9477,0.3073,-0.086,0,0.1766,-0.2803,0.9435,0,0,0.1472,0,1]},
{"frame":35,"values":[0.2614,-0.9075,-0.3287,0,0.9486,0.3045,-0.0864,0,0.1785,-0.2892,0.9405,0,0,0.1472,0,1]},
{"frame":36,"values":[0.2575,-0.9059,-0.3362,0,0.9494,0.3019,-0.0864,0,0.1798,-0.297,0.9378,0,0,0.1472,0,1]},
{"frame":37,"values":[0.2543,-0.9045,-0.3423,0,0.9501,0.2998,-0.0863,0,0.1807,-0.3032,0.9356,0,0,0.1472,0,1]},
{"frame":38,"values":[0.252,-0.9035,-0.3466,0,0.9506,0.2981,-0.0861,0,0.1812,-0.3078,0.934,0,0,0.1472,0,1]},
{"frame":39,"values":[0.2505,-0.9029,-0.3493,0,0.951,0.2971,-0.086,0,0.1814,-0.3106,0.9331,0,0,0.1472,0,1]},
{"frame":40,"values":[0.2501,-0.9027,-0.3501,0,0.9511,0.2968,-0.0859,0,0.1815,-0.3115,0.9328,0,0,0.1472,0,1]},
{"frame":61,"values":[0.2617,-0.9077,-0.3281,0,0.9479,0.3056,-0.0893,0,0.1813,-0.2876,0.9404,0,0,0.1472,0,1]},
{"frame":62,"values":[0.2929,-0.9189,-0.2643,0,0.9416,0.3253,-0.0875,0,0.1664,-0.2232,0.9605,0,0,0.1472,0,1]},
{"frame":63,"values":[0.3312,-0.926,-0.1812,0,0.9363,0.3463,-0.0583,0,0.1168,-0.1504,0.9817,0,0,0.1472,0,1]},
{"frame":64,"values":[0.3622,-0.9246,-0.1179,0,0.9304,0.3663,-0.0146,0,0.0567,-0.1044,0.9929,0,0,0.1472,0,1]},
{"frame":65,"values":[0.3738,-0.9225,-0.096,0,0.927,0.3751,0.005,0,0.0314,-0.0909,0.9954,0,0,0.1472,0,1]}],"loopBehavior":1,"name":"anim","property":"_matrix"}},
{"name":"lowerarm_l","index":7,"matrix":[0.9819,0.1132,0.152,0,-0.1741,0.2218,0.9594,0,0.0749,-0.9685,0.2375,0,0,0.2337,0,1],"rest":[1,-0.0017,0,0,0.0012,0.7448,0.6673,0,-0.0011,-0.6673,0.7448,0,0,0.2337,0,1],"parentBoneIndex":6,"length":0.23
,"animation":{"dataType":3,"framePerSecond":30,"keys":[
{"frame":1,"values":[0.9819,0.1132,0.152,0,-0.1741,0.2218,0.9594,0,0.0749,-0.9685,0.2375,0,0,0.2337,0,1]},
{"frame":2,"values":[0.9822,0.112,0.1506,0,-0.1723,0.2196,0.9602,0,0.0745,-0.9691,0.235,0,0,0.2337,0,1]},
{"frame":3,"values":[0.9833,0.1084,0.1463,0,-0.1667,0.2132,0.9627,0,0.0732,-0.971,0.2277,0,0,0.2337,0,1]},
{"frame":4,"values":[0.985,0.1023,0.1388,0,-0.1573,0.203,0.9665,0,0.0707,-0.9738,0.216,0,0,0.2337,0,1]},
{"frame":5,"values":[0.9873,0.0937,0.1281,0,-0.1441,0.1902,0.9711,0,0.0666,-0.9773,0.2013,0,0,0.2337,0,1]},
{"frame":6,"values":[0.99,0.0828,0.1143,0,-0.1274,0.1765,0.976,0,0.0606,-0.9808,0.1852,0,0,0.2337,0,1]},
{"frame":7,"values":[0.9927,0.0702,0.0979,0,-0.1082,0.1633,0.9806,0,0.0528,-0.9841,0.1697,0,0,0.2337,0,1]},
{"frame":8,"values":[0.9952,0.0567,0.08,0,-0.0878,0.1522,0.9844,0,0.0437,-0.9867,0.1565,0,0,0.2337,0,1]},
{"frame":9,"values":[0.9971,0.0435,0.062,0,-0.0677,0.144,0.9873,0,0.034,-0.9886,0.1465,0,0,0.2337,0,1]},
{"frame":10,"values":[0.9985,0.0314,0.0455,0,-0.0495,0.1386,0.9891,0,0.0247,-0.9898,0.14,0,0,0.2337,0,1]},
{"frame":11,"values":[0.9993,0.0214,0.0317,0,-0.0343,0.1356,0.9902,0,0.0169,-0.9905,0.1363,0,0,0.2337,0,1]},
{"frame":12,"values":[0.9997,0.014,0.0215,0,-0.0232,0.1343,0.9907,0,0.011,-0.9908,0.1346,0,0,0.2337,0,1]},
{"frame":13,"values":[0.9998,0.0096,0.0153,0,-0.0165,0.1338,0.9909,0,0.0075,-0.991,0.1339,0,0,0.2337,0,1]},
{"frame":14,"values":[0.9999,0.0081,0.0133,0,-0.0142,0.1337,0.9909,0,0.0063,-0.991,0.1338,0,0,0.2337,0,1]},
{"frame":26,"values":[0.9999,0.0075,0.0124,0,-0.0133,0.1335,0.991,0,0.0058,-0.991,0.1336,0,0,0.2337,0,1]},
{"frame":27,"values":[0.9999,0.0057,0.0099,0,-0.0105,0.133,0.9911,0,0.0043,-0.9911,0.133,0,0,0.2337,0,1]},
{"frame":28,"values":[1,0.0026,0.0056,0,-0.0059,0.1321,0.9912,0,0.0018,-0.9912,0.1322,0,0,0.2337,0,1]},
{"frame":29,"values":[1,-0.0017,-0.0004,0,0.0006,0.1312,0.9914,0,-0.0016,-0.9914,0.1312,0,0,0.2337,0,1]},
{"frame":30,"values":[0.9999,-0.007,-0.0077,0,0.0086,0.1304,0.9914,0,-0.0059,-0.9914,0.1305,0,0,0.2337,0,1]},
{"frame":31,"values":[0.9998,-0.0131,-0.0163,0,0.0178,0.1299,0.9914,0,-0.0108,-0.9914,0.1301,0,0,0.2337,0,1]},
{"frame":32,"values":[0.9995,-0.0197,-0.0256,0,0.0279,0.1299,0.9911,0,-0.0162,-0.9913,0.1304,0,0,0.2337,0,1]},
{"frame":33,"values":[0.999,-0.0265,-0.0351,0,0.0383,0.1305,0.9907,0,-0.0217,-0.9911,0.1314,0,0,0.2337,0,1]},
{"frame":34,"values":[0.9985,-0.0332,-0.0443,0,0.0483,0.1316,0.9901,0,-0.027,-0.9907,0.133,0,0,0.2337,0,1]},
{"frame":35,"values":[0.9978,-0.0392,-0.0528,0,0.0575,0.1332,0.9894,0,-0.0318,-0.9903,0.1352,0,0,0.2337,0,1]},
{"frame":36,"values":[0.9972,-0.0445,-0.06,0,0.0655,0.1349,0.9887,0,-0.0359,-0.9899,0.1375,0,0,0.2337,0,1]},
{"frame":37,"values":[0.9966,-0.0487,-0.0658,0,0.0719,0.1366,0.988,0,-0.0391,-0.9894,0.1396,0,0,0.2337,0,1]},
{"frame":38,"values":[0.9962,-0.0517,-0.07,0,0.0765,0.1379,0.9875,0,-0.0414,-0.9891,0.1413,0,0,0.2337,0,1]},
{"frame":39,"values":[0.9959,-0.0535,-0.0724,0,0.0793,0.1388,0.9871,0,-0.0428,-0.9889,0.1425,0,0,0.2337,0,1]},
{"frame":40,"values":[0.9958,-0.0541,-0.0733,0,0.0802,0.1391,0.987,0,-0.0432,-0.9888,0.1428,0,0,0.2337,0,1]},
{"frame":61,"values":[0.9979,-0.0388,-0.0523,0,0.0569,0.1305,0.9898,0,-0.0316,-0.9907,0.1325,0,0,0.2337,0,1]},
{"frame":62,"values":[0.9999,0.0051,0.0092,0,-0.0098,0.1232,0.9923,0,0.0039,-0.9924,0.1232,0,0,0.2337,0,1]},
{"frame":63,"values":[0.9945,0.0607,0.0858,0,-0.094,0.1498,0.9842,0,0.0469,-0.9869,0.1547,0,0,0.2337,0,1]},
{"frame":64,"values":[0.9855,0.1004,0.1367,0,-0.1545,0.1986,0.9678,0,0.0701,-0.9749,0.2112,0,0,0.2337,0,1]},
{"frame":65,"values":[0.9819,0.1132,0.152,0,-0.1741,0.2218,0.9594,0,0.0749,-0.9685,0.2375,0,0,0.2337,0,1]}],"loopBehavior":1,"name":"anim","property":"_matrix"}},
{"name":"hand_l","index":8,"matrix":[0.7767,-0.2207,0.59,0,0.1273,0.9723,0.1961,0,-0.6169,-0.0772,0.7832,0,0,0.23,0,1],"rest":[0.6588,0.063,-0.7497,0,0.1236,0.9739,0.1904,0,0.7421,-0.2181,0.6338,0,0,0.23,0,1],"parentBoneIndex":7,"length":0.0313
,"animation":{"dataType":3,"framePerSecond":30,"keys":[
{"frame":1,"values":[0.7767,-0.2207,0.59,0,0.1273,0.9723,0.1961,0,-0.6169,-0.0772,0.7832,0,0,0.23,0,1]},
{"frame":2,"values":[0.777,-0.2175,0.5907,0,0.1237,0.9729,0.1955,0,-0.6172,-0.0789,0.7828,0,0,0.23,0,1]},
{"frame":3,"values":[0.7779,-0.2078,0.5931,0,0.1127,0.9746,0.1937,0,-0.6182,-0.0838,0.7815,0,0,0.23,0,1]},
{"frame":4,"values":[0.7791,-0.1918,0.5969,0,0.0945,0.9771,0.1906,0,-0.6198,-0.0921,0.7794,0,0,0.23,0,1]},
{"frame":5,"values":[0.7803,-0.1698,0.602,0,0.0696,0.98,0.1863,0,-0.6216,-0.1035,0.7765,0,0,0.23,0,1]},
{"frame":6,"values":[0.7809,-0.143,0.608,0,0.0392,0.9827,0.1808,0,-0.6234,-0.1174,0.773,0,0,0.23,0,1]},
{"frame":7,"values":[0.7807,-0.1129,0.6147,0,0.0051,0.9847,0.1744,0,-0.6249,-0.133,0.7693,0,0,0.23,0,1]},
{"frame":8,"values":[0.7793,-0.0818,0.6213,0,-0.0302,0.9854,0.1675,0,-0.6259,-0.1493,0.7655,0,0,0.23,0,1]},
{"frame":9,"values":[0.7769,-0.0517,0.6275,0,-0.0641,0.9849,0.1606,0,-0.6263,-0.165,0.7619,0,0,0.23,0,1]},
{"frame":10,"values":[0.7739,-0.0249,0.6328,0,-0.0944,0.9835,0.1542,0,-0.6262,-0.1791,0.7588,0,0,0.23,0,1]},
{"frame":11,"values":[0.7708,-0.003,0.6371,0,-0.1192,0.9817,0.1488,0,-0.6258,-0.1907,0.7563,0,0,0.23,0,1]},
{"frame":12,"values":[0.7682,0.0131,0.6401,0,-0.1374,0.9799,0.1448,0,-0.6253,-0.1991,0.7545,0,0,0.23,0,1]},
{"frame":13,"values":[0.7665,0.0228,0.6419,0,-0.1483,0.9787,0.1423,0,-0.6249,-0.2043,0.7535,0,0,0.23,0,1]},
{"frame":14,"values":[0.7659,0.026,0.6425,0,-0.1519,0.9782,0.1415,0,-0.6248,-0.206,0.7531,0,0,0.23,0,1]},
{"frame":26,"values":[0.7657,0.027,0.6427,0,-0.1531,0.978,0.1414,0,-0.6247,-0.2067,0.753,0,0,0.23,0,1]},
{"frame":27,"values":[0.765,0.0301,0.6433,0,-0.157,0.9775,0.1409,0,-0.6245,-0.2087,0.7526,0,0,0.23,0,1]},
{"frame":28,"values":[0.764,0.0353,0.6443,0,-0.1633,0.9766,0.1401,0,-0.6242,-0.2122,0.7519,0,0,0.23,0,1]},
{"frame":29,"values":[0.7625,0.0425,0.6456,0,-0.1721,0.9752,0.139,0,-0.6237,-0.217,0.7509,0,0,0.23,0,1]},
{"frame":30,"values":[0.7605,0.0514,0.6473,0,-0.1829,0.9735,0.1376,0,-0.623,-0.223,0.7497,0,0,0.23,0,1]},
{"frame":31,"values":[0.7581,0.0617,0.6492,0,-0.1954,0.9713,0.1359,0,-0.6222,-0.2299,0.7484,0,0,0.23,0,1]},
{"frame":32,"values":[0.7554,0.0728,0.6513,0,-0.2089,0.9687,0.1341,0,-0.6211,-0.2374,0.7469,0,0,0.23,0,1]},
{"frame":33,"values":[0.7524,0.0841,0.6534,0,-0.2228,0.9659,0.1322,0,-0.6199,-0.245,0.7454,0,0,0.23,0,1]},
{"frame":34,"values":[0.7493,0.0952,0.6554,0,-0.2363,0.9629,0.1303,0,-0.6187,-0.2525,0.744,0,0,0.23,0,1]},
{"frame":35,"values":[0.7463,0.1053,0.6572,0,-0.2486,0.96,0.1285,0,-0.6174,-0.2593,0.7427,0,0,0.23,0,1]},
{"frame":36,"values":[0.7437,0.114,0.6588,0,-0.2593,0.9574,0.127,0,-0.6162,-0.2652,0.7415,0,0,0.23,0,1]},
{"frame":37,"values":[0.7414,0.121,0.66,0,-0.2678,0.9552,0.1257,0,-0.6153,-0.27,0.7407,0,0,0.23,0,1]},
{"frame":38,"values":[0.7398,0.1261,0.6609,0,-0.274,0.9536,0.1248,0,-0.6145,-0.2734,0.74,0,0,0.23,0,1]},
{"frame":39,"values":[0.7388,0.1291,0.6615,0,-0.2777,0.9526,0.1242,0,-0.6141,-0.2755,0.7396,0,0,0.23,0,1]},
{"frame":40,"values":[0.7384,0.1301,0.6616,0,-0.279,0.9523,0.124,0,-0.6139,-0.2762,0.7395,0,0,0.23,0,1]},
{"frame":61,"values":[0.7477,0.0999,0.6565,0,-0.244,0.9608,0.1318,0,-0.6176,-0.2587,0.7428,0,0,0.23,0,1]},
{"frame":62,"values":[0.7679,0.0128,0.6405,0,-0.1434,0.9779,0.1523,0,-0.6243,-0.2088,0.7527,0,0,0.23,0,1]},
{"frame":63,"values":[0.7803,-0.101,0.6172,0,-0.0115,0.9844,0.1757,0,-0.6253,-0.1442,0.7669,0,0,0.23,0,1]},
{"frame":64,"values":[0.7793,-0.1896,0.5973,0,0.0912,0.9773,0.1912,0,-0.62,-0.0946,0.7789,0,0,0.23,0,1]},
{"frame":65,"values":[0.7767,-0.2207,0.59,0,0.1273,0.9723,0.1961,0,-0.6169,-0.0772,0.7832,0,0,0.23,0,1]}],"loopBehavior":1,"name":"anim","property":"_matrix"}},
{"name":"index_01_l","index":9,"matrix":[0.5857,0.3934,-0.7087,0,0.2478,0.7456,0.6186,0,0.7718,-0.5379,0.3392,0,-0.0128,0.1018,0.0083,1],"rest":[0.5524,0.0979,-0.8278,0,0.1036,0.9773,0.1847,0,0.8271,-0.1878,0.5298,0,-0.0128,0.1018,0.0083,1],"parentBoneIndex":8,"length":0.025
,"animation":{"dataType":3,"framePerSecond":30,"keys":[
{"frame":1,"values":[0.5857,0.3934,-0.7087,0,0.2478,0.7456,0.6186,0,0.7718,-0.5379,0.3392,0,-0.0128,0.1018,0.0083,1]},
{"frame":65,"values":[0.5857,0.3934,-0.7087,0,0.2478,0.7456,0.6186,0,0.7718,-0.5379,0.3392,0,-0.0128,0.1018,0.0083,1]}],"loopBehavior":1,"name":"anim","property":"_matrix"}},
{"name":"index_02_l","index":10,"matrix":[0.9552,0.2947,0.0253,0,-0.2593,0.7931,0.5511,0,0.1424,-0.533,0.834,0,0,0.025,0,1],"rest":[0.9999,0.0124,-0.0044,0,-0.0112,0.975,0.2219,0,0.0071,-0.2218,0.9751,0,0,0.025,0,1],"parentBoneIndex":9,"length":0.0223
,"animation":{"dataType":3,"framePerSecond":30,"keys":[
{"frame":1,"values":[0.9552,0.2947,0.0253,0,-0.2593,0.7931,0.5511,0,0.1424,-0.533,0.834,0,0,0.025,0,1]},
{"frame":65,"values":[0.9552,0.2947,0.0253,0,-0.2593,0.7931,0.5511,0,0.1424,-0.533,0.834,0,0,0.025,0,1]}],"loopBehavior":1,"name":"anim","property":"_matrix"}},
{"name":"index_03_l","index":11,"matrix":[0.8152,0.5743,0.075,0,-0.4107,0.4819,0.774,0,0.4084,-0.6618,0.6287,0,0,0.0223,0,1],"rest":[0.9993,0.0368,0.0022,0,-0.0368,0.991,0.1287,0,0.0026,-0.1287,0.9917,0,0,0.0223,0,1],"parentBoneIndex":10,"length":0.0261
,"animation":{"dataType":3,"framePerSecond":30,"keys":[
{"frame":1,"values":[0.8152,0.5743,0.075,0,-0.4107,0.4819,0.774,0,0.4084,-0.6618,0.6287,0,0,0.0223,0,1]},
{"frame":65,"values":[0.8152,0.5743,0.075,0,-0.4107,0.4819,0.774,0,0.4084,-0.6618,0.6287,0,0,0.0223,0,1]}],"loopBehavior":1,"name":"anim","property":"_matrix"}},
{"name":"middle_01_l","index":12,"matrix":[0.7046,0.4384,-0.558,0,0.2916,0.538,0.7909,0,0.6469,-0.72,0.2513,0,0.0026,0.0982,-0.0117,1],"rest":[0.6233,-0.1944,-0.7574,0,0.3501,0.9355,0.048,0,0.6992,-0.2951,0.6512,0,0.0026,0.0982,-0.0117,1],"parentBoneIndex":8,"length":0.0326
,"animation":{"dataType":3,"framePerSecond":30,"keys":[
{"frame":1,"values":[0.7046,0.4384,-0.558,0,0.2916,0.538,0.7909,0,0.6469,-0.72,0.2513,0,0.0026,0.0982,-0.0117,1]},
{"frame":2,"values":[0.7035,0.4384,-0.5594,0,0.293,0.5381,0.7903,0,0.6475,-0.7199,0.2501,0,0.0026,0.0982,-0.0117,1]},
{"frame":3,"values":[0.7,0.4386,-0.5636,0,0.2975,0.5383,0.7885,0,0.6492,-0.7196,0.2463,0,0.0026,0.0982,-0.0117,1]},
{"frame":4,"values":[0.6942,0.4389,-0.5705,0,0.3049,0.5386,0.7855,0,0.652,-0.7192,0.2401,0,0.0026,0.0982,-0.0117,1]},
{"frame":5,"values":[0.6862,0.4393,-0.5798,0,0.3149,0.5391,0.7812,0,0.6557,-0.7186,0.2316,0,0.0026,0.0982,-0.0117,1]},
{"frame":6,"values":[0.6763,0.4398,-0.591,0,0.327,0.5396,0.7758,0,0.6601,-0.7179,0.2211,0,0.0026,0.0982,-0.0117,1]},
{"frame":7,"values":[0.665,0.4403,-0.6033,0,0.3404,0.5402,0.7696,0,0.6648,-0.7171,0.2094,0,0.0026,0.0982,-0.0117,1]},
{"frame":8,"values":[0.653,0.4408,-0.6158,0,0.3542,0.5409,0.7628,0,0.6694,-0.7163,0.1971,0,0.0026,0.0982,-0.0117,1]},
{"frame":9,"values":[0.6413,0.4413,-0.6277,0,0.3674,0.5416,0.7561,0,0.6736,-0.7155,0.1851,0,0.0026,0.0982,-0.0117,1]},
{"frame":10,"values":[0.6306,0.4417,-0.6382,0,0.3791,0.5422,0.7499,0,0.6772,-0.7148,0.1744,0,0.0026,0.0982,-0.0117,1]},
{"frame":11,"values":[0.6217,0.442,-0.6466,0,0.3887,0.5427,0.7446,0,0.6801,-0.7142,0.1656,0,0.0026,0.0982,-0.0117,1]},
{"frame":12,"values":[0.6151,0.4423,-0.6528,0,0.3956,0.543,0.7407,0,0.6821,-0.7138,0.159,0,0.0026,0.0982,-0.0117,1]},
{"frame":13,"values":[0.611,0.4424,-0.6564,0,0.3998,0.5433,0.7383,0,0.6832,-0.7135,0.1551,0,0.0026,0.0982,-0.0117,1]},
{"frame":14,"values":[0.6097,0.4425,-0.6576,0,0.4012,0.5433,0.7375,0,0.6836,-0.7135,0.1538,0,0.0026,0.0982,-0.0117,1]},
{"frame":61,"values":[0.6187,0.4421,-0.6494,0,0.3918,0.5428,0.7429,0,0.681,-0.714,0.1627,0,0.0026,0.0982,-0.0117,1]},
{"frame":62,"values":[0.6436,0.4412,-0.6254,0,0.3649,0.5414,0.7574,0,0.6728,-0.7157,0.1875,0,0.0026,0.0982,-0.0117,1]},
{"frame":63,"values":[0.6741,0.4399,-0.5934,0,0.3296,0.5397,0.7746,0,0.661,-0.7178,0.2188,0,0.0026,0.0982,-0.0117,1]},
{"frame":64,"values":[0.6968,0.4388,-0.5674,0,0.3016,0.5385,0.7868,0,0.6508,-0.7194,0.2429,0,0.0026,0.0982,-0.0117,1]},
{"frame":65,"values":[0.7046,0.4384,-0.558,0,0.2916,0.538,0.7909,0,0.6469,-0.72,0.2513,0,0.0026,0.0982,-0.0117,1]}],"loopBehavior":1,"name":"anim","property":"_matrix"}},
{"name":"middle_02_l","index":13,"matrix":[0.9479,0.3128,0.0604,0,-0.3021,0.8223,0.4822,0,0.1011,-0.4753,0.874,0,0,0.0326,0,1],"rest":[0.9973,0.0739,0.0005,0,-0.0736,0.9923,0.0994,0,0.0068,-0.0992,0.995,0,0,0.0326,0,1],"parentBoneIndex":12,"length":0.0267
,"animation":{"dataType":3,"framePerSecond":30,"keys":[
{"frame":1,"values":[0.9479,0.3128,0.0604,0,-0.3021,0.8223,0.4822,0,0.1011,-0.4753,0.874,0,0,0.0326,0,1]},
{"frame":65,"values":[0.9479,0.3128,0.0604,0,-0.3021,0.8223,0.4822,0,0.1011,-0.4753,0.874,0,0,0.0326,0,1]}],"loopBehavior":1,"name":"anim","property":"_matrix"}},
{"name":"middle_03_l","index":14,"matrix":[0.9429,0.3254,0.0704,0,-0.2916,0.705,0.6464,0,0.1608,-0.6301,0.7597,0,0,0.0267,0,1],"rest":[0.9999,-0.011,-0.0008,0,0.011,0.9903,0.1385,0,-0.0008,-0.1385,0.9904,0,0,0.0267,0,1],"parentBoneIndex":13,"length":0.0261
,"animation":{"dataType":3,"framePerSecond":30,"keys":[
{"frame":1,"values":[0.9429,0.3254,0.0704,0,-0.2916,0.705,0.6464,0,0.1608,-0.6301,0.7597,0,0,0.0267,0,1]},
{"frame":65,"values":[0.9429,0.3254,0.0704,0,-0.2916,0.705,0.6464,0,0.1608,-0.6301,0.7597,0,0,0.0267,0,1]}],"loopBehavior":1,"name":"anim","property":"_matrix"}},
{"name":"pinky_01_l","index":15,"matrix":[0.7168,0.1874,-0.6716,0,0.386,0.6954,0.6061,0,0.5807,-0.6937,0.4261,0,0.0322,0.0802,-0.031,1],"rest":[0.6519,-0.5192,-0.5527,0,0.5682,0.8171,-0.0974,0,0.5022,-0.2506,0.8277,0,0.0322,0.0802,-0.031,1],"parentBoneIndex":8,"length":0.0206
,"animation":{"dataType":3,"framePerSecond":30,"keys":[
{"frame":1,"values":[0.7168,0.1874,-0.6716,0,0.386,0.6954,0.6061,0,0.5807,-0.6937,0.4261,0,0.0322,0.0802,-0.031,1]},
{"frame":2,"values":[0.7174,0.1826,-0.6723,0,0.3845,0.701,0.6006,0,0.581,-0.6894,0.4327,0,0.0322,0.0802,-0.031,1]},
{"frame":3,"values":[0.7192,0.168,-0.6742,0,0.3796,0.7177,0.5837,0,0.582,-0.6758,0.4524,0,0.0322,0.0802,-0.031,1]},
{"frame":4,"values":[0.7223,0.1435,-0.6766,0,0.3716,0.7445,0.5546,0,0.5833,-0.652,0.4844,0,0.0322,0.0802,-0.031,1]},
{"frame":5,"values":[0.7268,0.1098,-0.678,0,0.3607,0.779,0.5128,0,0.5845,-0.6173,0.5266,0,0.0322,0.0802,-0.031,1]},
{"frame":6,"values":[0.7327,0.0686,-0.677,0,0.3474,0.8178,0.4589,0,0.5852,-0.5714,0.5754,0,0.0322,0.0802,-0.031,1]},
{"frame":7,"values":[0.7399,0.0227,-0.6724,0,0.3327,0.8563,0.395,0,0.5847,-0.5159,0.626,0,0.0322,0.0802,-0.031,1]},
{"frame":8,"values":[0.7478,-0.0244,-0.6635,0,0.3177,0.8906,0.3253,0,0.583,-0.4541,0.6738,0,0.0322,0.0802,-0.031,1]},
{"frame":9,"values":[0.7558,-0.0688,-0.6511,0,0.3037,0.9178,0.2556,0,0.58,-0.391,0.7146,0,0.0322,0.0802,-0.031,1]},
{"frame":10,"values":[0.7633,-0.1072,-0.6371,0,0.2917,0.9371,0.1918,0,0.5764,-0.3323,0.7465,0,0.0322,0.0802,-0.031,1]},
{"frame":11,"values":[0.7696,-0.1378,-0.6235,0,0.2823,0.9492,0.1387,0,0.5728,-0.2828,0.7694,0,0.0322,0.0802,-0.031,1]},
{"frame":12,"values":[0.7742,-0.1595,-0.6125,0,0.2756,0.9561,0.0995,0,0.5697,-0.2459,0.7842,0,0.0322,0.0802,-0.031,1]},
{"frame":13,"values":[0.7771,-0.1722,-0.6054,0,0.2717,0.9594,0.0758,0,0.5678,-0.2234,0.7923,0,0.0322,0.0802,-0.031,1]},
{"frame":14,"values":[0.778,-0.1764,-0.603,0,0.2705,0.9603,0.068,0,0.5671,-0.216,0.7948,0,0.0322,0.0802,-0.031,1]},
{"frame":26,"values":[0.7783,-0.177,-0.6024,0,0.2742,0.9589,0.0726,0,0.5648,-0.2217,0.7949,0,0.0322,0.0802,-0.031,1]},
{"frame":27,"values":[0.7794,-0.1787,-0.6005,0,0.2856,0.9544,0.0867,0,0.5577,-0.2391,0.7949,0,0.0322,0.0802,-0.031,1]},
{"frame":28,"values":[0.781,-0.1817,-0.5975,0,0.3044,0.9462,0.1101,0,0.5453,-0.2679,0.7943,0,0.0322,0.0802,-0.031,1]},
{"frame":29,"values":[0.7831,-0.186,-0.5934,0,0.3297,0.9333,0.1426,0,0.5273,-0.3073,0.7922,0,0.0322,0.0802,-0.031,1]},
{"frame":30,"values":[0.7855,-0.1916,-0.5884,0,0.3602,0.9148,0.183,0,0.5032,-0.3556,0.7876,0,0.0322,0.0802,-0.031,1]},
{"frame":31,"values":[0.788,-0.1985,-0.5828,0,0.3939,0.8901,0.2295,0,0.4732,-0.4104,0.7795,0,0.0322,0.0802,-0.031,1]},
{"frame":32,"values":[0.7902,-0.2063,-0.5771,0,0.4285,0.8592,0.2795,0,0.4382,-0.4681,0.7674,0,0.0322,0.0802,-0.031,1]},
{"frame":33,"values":[0.792,-0.2148,-0.5715,0,0.4615,0.8235,0.3301,0,0.3997,-0.5251,0.7513,0,0.0322,0.0802,-0.031,1]},
{"frame":34,"values":[0.7933,-0.2233,-0.5665,0,0.4909,0.7849,0.378,0,0.3602,-0.5779,0.7323,0,0.0322,0.0802,-0.031,1]},
{"frame":35,"values":[0.794,-0.2314,-0.5622,0,0.5155,0.7465,0.4208,0,0.3223,-0.6239,0.712,0,0.0322,0.0802,-0.031,1]},
{"frame":36,"values":[0.7943,-0.2385,-0.5588,0,0.5347,0.7111,0.4566,0,0.2885,-0.6614,0.6923,0,0.0322,0.0802,-0.031,1]},
{"frame":37,"values":[0.7943,-0.2443,-0.5563,0,0.5488,0.6813,0.4844,0,0.2606,-0.6901,0.6752,0,0.0322,0.0802,-0.031,1]},
{"frame":38,"values":[0.7942,-0.2485,-0.5546,0,0.5582,0.659,0.5041,0,0.2402,-0.7099,0.6621,0,0.0322,0.0802,-0.031,1]},
{"frame":39,"values":[0.794,-0.2511,-0.5536,0,0.5636,0.6454,0.5156,0,0.2278,-0.7214,0.654,0,0.0322,0.0802,-0.031,1]},
{"frame":40,"values":[0.794,-0.2519,-0.5533,0,0.5653,0.6408,0.5194,0,0.2237,-0.7252,0.6512,0,0.0322,0.0802,-0.031,1]},
{"frame":61,"values":[0.7948,-0.2136,-0.5681,0,0.55,0.6492,0.5254,0,0.2566,-0.73,0.6334,0,0.0322,0.0802,-0.031,1]},
{"frame":62,"values":[0.7889,-0.1034,-0.6058,0,0.5058,0.6692,0.5444,0,0.3491,-0.7358,0.5803,0,0.0322,0.0802,-0.031,1]},
{"frame":63,"values":[0.7637,0.0396,-0.6443,0,0.4474,0.687,0.5726,0,0.4653,-0.7256,0.507,0,0.0322,0.0802,-0.031,1]},
{"frame":64,"values":[0.731,0.1493,-0.6658,0,0.402,0.6942,0.597,0,0.5514,-0.7041,0.4475,0,0.0322,0.0802,-0.031,1]},
{"frame":65,"values":[0.7168,0.1874,-0.6716,0,0.386,0.6954,0.6061,0,0.5807,-0.6937,0.4261,0,0.0322,0.0802,-0.031,1]}],"loopBehavior":1,"name":"anim","property":"_matrix"}},
{"name":"pinky_02_l","index":16,"matrix":[0.9914,0.012,0.1306,0,-0.0948,0.7537,0.6503,0,-0.0906,-0.6571,0.7483,0,0,0.0206,0,1],"rest":[0.999,0.0454,0.0024,0,-0.0451,0.9826,0.1804,0,0.0058,-0.1804,0.9836,0,0,0.0206,0,1],"parentBoneIndex":15,"length":0.0151
,"animation":{"dataType":3,"framePerSecond":30,"keys":[
{"frame":1,"values":[0.9914,0.012,0.1306,0,-0.0948,0.7537,0.6503,0,-0.0906,-0.6571,0.7483,0,0,0.0206,0,1]},
{"frame":2,"values":[0.9916,0.0129,0.1291,0,-0.0938,0.7582,0.6452,0,-0.0896,-0.6519,0.753,0,0,0.0206,0,1]},
{"frame":3,"values":[0.9921,0.0154,0.1245,0,-0.091,0.7716,0.6296,0,-0.0864,-0.6359,0.7669,0,0,0.0206,0,1]},
{"frame":4,"values":[0.993,0.0194,0.1168,0,-0.0864,0.7931,0.6029,0,-0.0809,-0.6088,0.7892,0,0,0.0206,0,1]},
{"frame":5,"values":[0.9941,0.0245,0.106,0,-0.0805,0.821,0.5652,0,-0.0732,-0.5704,0.8181,0,0,0.0206,0,1]},
{"frame":6,"values":[0.9953,0.0299,0.0925,0,-0.0737,0.8526,0.5173,0,-0.0634,-0.5216,0.8508,0,0,0.0206,0,1]},
{"frame":7,"values":[0.9964,0.0351,0.077,0,-0.0668,0.8847,0.4614,0,-0.052,-0.4649,0.8839,0,0,0.0206,0,1]},
{"frame":8,"values":[0.9974,0.0394,0.0606,0,-0.0605,0.914,0.4012,0,-0.0396,-0.4038,0.914,0,0,0.0206,0,1]},
{"frame":9,"values":[0.9981,0.0424,0.0445,0,-0.0551,0.9383,0.3413,0,-0.0273,-0.3431,0.9389,0,0,0.0206,0,1]},
{"frame":10,"values":[0.9986,0.0443,0.03,0,-0.051,0.9567,0.2867,0,-0.0161,-0.2878,0.9576,0,0,0.0206,0,1]},
{"frame":11,"values":[0.9988,0.0452,0.0181,0,-0.0482,0.9693,0.2412,0,-0.0067,-0.2418,0.9703,0,0,0.0206,0,1]},
{"frame":12,"values":[0.9989,0.0454,0.0094,0,-0.0464,0.9771,0.2076,0,0.0002,-0.2078,0.9782,0,0,0.0206,0,1]},
{"frame":13,"values":[0.999,0.0455,0.0041,0,-0.0454,0.9813,0.1872,0,0.0044,-0.1872,0.9823,0,0,0.0206,0,1]},
{"frame":14,"values":[0.999,0.0454,0.0024,0,-0.0451,0.9825,0.1804,0,0.0058,-0.1804,0.9836,0,0,0.0206,0,1]},
{"frame":26,"values":[0.9991,0.0429,0.0002,0,-0.0422,0.9808,0.1905,0,0.008,-0.1903,0.9817,0,0,0.0206,0,1]},
{"frame":27,"values":[0.9994,0.0354,-0.0067,0,-0.033,0.9747,0.221,0,0.0144,-0.2206,0.9753,0,0,0.0206,0,1]},
{"frame":28,"values":[0.9996,0.0231,-0.0189,0,-0.0171,0.9622,0.2717,0,0.0245,-0.2712,0.9622,0,0,0.0206,0,1]},
{"frame":29,"values":[0.9993,0.0071,-0.037,0,0.006,0.94,0.341,0,0.0372,-0.341,0.9393,0,0,0.0206,0,1]},
{"frame":30,"values":[0.998,-0.0112,-0.0615,0,0.0364,0.9043,0.4255,0,0.0509,-0.4269,0.9029,0,0,0.0206,0,1]},
{"frame":31,"values":[0.9953,-0.0296,-0.0922,0,0.0734,0.8517,0.5188,0,0.0631,-0.5232,0.8499,0,0,0.0206,0,1]},
{"frame":32,"values":[0.9907,-0.0459,-0.1278,0,0.1153,0.7816,0.613,0,0.0718,-0.622,0.7797,0,0,0.0206,0,1]},
{"frame":33,"values":[0.9844,-0.0579,-0.1662,0,0.159,0.6969,0.6993,0,0.0753,-0.7148,0.6953,0,0,0.0206,0,1]},
{"frame":34,"values":[0.9768,-0.0648,-0.2042,0,0.2013,0.6042,0.771,0,0.0734,-0.7942,0.6032,0,0,0.0206,0,1]},
{"frame":35,"values":[0.9687,-0.067,-0.2391,0,0.2391,0.512,0.825,0,0.0672,-0.8564,0.512,0,0,0.0206,0,1]},
{"frame":36,"values":[0.961,-0.0656,-0.2687,0,0.2703,0.4285,0.8622,0,0.0585,-0.9012,0.4295,0,0,0.0206,0,1]},
{"frame":37,"values":[0.9544,-0.0626,-0.2918,0,0.2943,0.3597,0.8854,0,0.0496,-0.931,0.3618,0,0,0.0206,0,1]},
{"frame":38,"values":[0.9495,-0.0592,-0.308,0,0.3108,0.3095,0.8987,0,0.0421,-0.9491,0.3123,0,0,0.0206,0,1]},
{"frame":39,"values":[0.9465,-0.0569,-0.3175,0,0.3204,0.2792,0.9052,0,0.0372,-0.9585,0.2825,0,0,0.0206,0,1]},
{"frame":40,"values":[0.9456,-0.056,-0.3206,0,0.3235,0.2692,0.9071,0,0.0355,-0.9614,0.2727,0,0,0.0206,0,1]},
{"frame":61,"values":[0.9576,-0.0609,-0.2817,0,0.2862,0.3181,0.9038,0,0.0346,-0.9461,0.3221,0,0,0.0206,0,1]},
{"frame":62,"values":[0.9838,-0.0633,-0.1676,0,0.1779,0.4538,0.8732,0,0.0208,-0.8889,0.4577,0,0,0.0206,0,1]},
{"frame":63,"values":[0.999,-0.0407,-0.0181,0,0.0393,0.6143,0.7881,0,-0.021,-0.788,0.6153,0,0,0.0206,0,1]},
{"frame":64,"values":[0.9956,-0.0044,0.0932,0,-0.0615,0.7208,0.6904,0,-0.0702,-0.6931,0.7174,0,0,0.0206,0,1]},
{"frame":65,"values":[0.9914,0.012,0.1306,0,-0.0948,0.7537,0.6503,0,-0.0906,-0.6571,0.7483,0,0,0.0206,0,1]}],"loopBehavior":1,"name":"anim","property":"_matrix"}},
{"name":"pinky_03_l","index":17,"matrix":[0.984,0.1638,-0.0705,0,-0.099,0.8307,0.5479,0,0.1482,-0.5321,0.8336,0,0,0.0151,0,1],"rest":[0.9997,-0.0239,0.0001,0,0.0239,0.9997,-0.0099,0,0.0001,0.0099,1,0,0,0.0151,0,1],"parentBoneIndex":16,"length":0.0192
,"animation":{"dataType":3,"framePerSecond":30,"keys":[
{"frame":1,"values":[0.984,0.1638,-0.0705,0,-0.099,0.8307,0.5479,0,0.1482,-0.5321,0.8336,0,0,0.0151,0,1]},
{"frame":65,"values":[0.984,0.1638,-0.0705,0,-0.099,0.8307,0.5479,0,0.1482,-0.5321,0.8336,0,0,0.0151,0,1]}],"loopBehavior":1,"name":"anim","property":"_matrix"}},
{"name":"ring_01_l","index":18,"matrix":[0.7646,0.453,-0.4585,0,0.3318,0.3332,0.8825,0,0.5525,-0.8269,0.1045,0,0.0162,0.0908,-0.0237,1],"rest":[0.6019,-0.3741,-0.7056,0,0.4468,0.89,-0.0908,0,0.6619,-0.2606,0.7028,0,0.0162,0.0908,-0.0237,1],"parentBoneIndex":8,"length":0.0287
,"animation":{"dataType":3,"framePerSecond":30,"keys":[
{"frame":1,"values":[0.7646,0.453,-0.4585,0,0.3318,0.3332,0.8825,0,0.5525,-0.8269,0.1045,0,0.0162,0.0908,-0.0237,1]},
{"frame":2,"values":[0.762,0.4564,-0.4595,0,0.333,0.3325,0.8824,0,0.5555,-0.8253,0.1014,0,0.0162,0.0908,-0.0237,1]},
{"frame":3,"values":[0.754,0.4665,-0.4624,0,0.3363,0.3304,0.8819,0,0.5642,-0.8205,0.0922,0,0.0162,0.0908,-0.0237,1]},
{"frame":4,"values":[0.7406,0.4833,-0.4669,0,0.342,0.3271,0.881,0,0.5785,-0.8121,0.0769,0,0.0162,0.0908,-0.0237,1]},
{"frame":5,"values":[0.7217,0.5059,-0.4725,0,0.3497,0.3226,0.8796,0,0.5974,-0.8,0.0559,0,0.0162,0.0908,-0.0237,1]},
{"frame":6,"values":[0.6979,0.5329,-0.4785,0,0.3593,0.3174,0.8776,0,0.6196,-0.7844,0.0301,0,0.0162,0.0908,-0.0237,1]},
{"frame":7,"values":[0.6702,0.5626,-0.4841,0,0.3701,0.312,0.875,0,0.6433,-0.7656,0.0009,0,0.0162,0.0908,-0.0237,1]},
{"frame":8,"values":[0.6405,0.5925,-0.4886,0,0.3814,0.3068,0.872,0,0.6665,-0.7449,-0.0295,0,0.0162,0.0908,-0.0237,1]},
{"frame":9,"values":[0.6109,0.6205,-0.4917,0,0.3924,0.3021,0.8688,0,0.6876,-0.7237,-0.0589,0,0.0162,0.0908,-0.0237,1]},
{"frame":10,"values":[0.5837,0.6448,-0.4935,0,0.4022,0.2983,0.8656,0,0.7054,-0.7037,-0.0852,0,0.0162,0.0908,-0.0237,1]},
{"frame":11,"values":[0.5609,0.6642,-0.4942,0,0.4103,0.2954,0.8628,0,0.7191,-0.6867,-0.1068,0,0.0162,0.0908,-0.0237,1]},
{"frame":12,"values":[0.5439,0.6781,-0.4943,0,0.4162,0.2934,0.8606,0,0.7286,-0.6738,-0.1227,0,0.0162,0.0908,-0.0237,1]},
{"frame":13,"values":[0.5335,0.6864,-0.4942,0,0.4198,0.2923,0.8592,0,0.7342,-0.6659,-0.1322,0,0.0162,0.0908,-0.0237,1]},
{"frame":14,"values":[0.5301,0.6891,-0.4941,0,0.421,0.2919,0.8588,0,0.736,-0.6633,-0.1354,0,0.0162,0.0908,-0.0237,1]},
{"frame":26,"values":[0.528,0.6883,-0.4974,0,0.4195,0.2979,0.8575,0,0.7384,-0.6614,-0.1315,0,0.0162,0.0908,-0.0237,1]},
{"frame":27,"values":[0.5216,0.6859,-0.5074,0,0.4147,0.3159,0.8534,0,0.7456,-0.6555,-0.1196,0,0.0162,0.0908,-0.0237,1]},
{"frame":28,"values":[0.511,0.6814,-0.5239,0,0.4062,0.3457,0.8458,0,0.7575,-0.6451,-0.1001,0,0.0162,0.0908,-0.0237,1]},
{"frame":29,"values":[0.4967,0.6741,-0.5467,0,0.3937,0.3864,0.8341,0,0.7735,-0.6295,-0.0735,0,0.0162,0.0908,-0.0237,1]},
{"frame":30,"values":[0.4791,0.6633,-0.5749,0,0.3767,0.4362,0.8172,0,0.7928,-0.6081,-0.0409,0,0.0162,0.0908,-0.0237,1]},
{"frame":31,"values":[0.4593,0.6485,-0.607,0,0.3553,0.4922,0.7947,0,0.8141,-0.5807,-0.0043,0,0.0162,0.0908,-0.0237,1]},
{"frame":32,"values":[0.4386,0.6297,-0.6412,0,0.3298,0.5509,0.7666,0,0.836,-0.5477,0.034,0,0.0162,0.0908,-0.0237,1]},
{"frame":33,"values":[0.4184,0.6074,-0.6752,0,0.3015,0.6084,0.7341,0,0.8568,-0.5108,0.0714,0,0.0162,0.0908,-0.0237,1]},
{"frame":34,"values":[0.3999,0.5831,-0.7071,0,0.2721,0.6612,0.6991,0,0.8753,-0.4719,0.1058,0,0.0162,0.0908,-0.0237,1]},
{"frame":35,"values":[0.3839,0.5586,-0.7352,0,0.2435,0.7068,0.6642,0,0.8907,-0.4341,0.1353,0,0.0162,0.0908,-0.0237,1]},
{"frame":36,"values":[0.3711,0.5359,-0.7583,0,0.2179,0.7436,0.6321,0,0.9027,-0.3998,0.1592,0,0.0162,0.0908,-0.0237,1]},
{"frame":37,"values":[0.3614,0.5167,-0.7761,0,0.1967,0.7714,0.6052,0,0.9114,-0.3713,0.1772,0,0.0162,0.0908,-0.0237,1]},
{"frame":38,"values":[0.3547,0.5023,-0.7886,0,0.181,0.7906,0.585,0,0.9173,-0.3503,0.1895,0,0.0162,0.0908,-0.0237,1]},
{"frame":39,"values":[0.3509,0.4935,-0.7958,0,0.1715,0.8016,0.5727,0,0.9206,-0.3374,0.1966,0,0.0162,0.0908,-0.0237,1]},
{"frame":40,"values":[0.3496,0.4905,-0.7982,0,0.1684,0.8052,0.5686,0,0.9216,-0.3332,0.1989,0,0.0162,0.0908,-0.0237,1]},
{"frame":61,"values":[0.3884,0.5024,-0.7725,0,0.1953,0.7744,0.6018,0,0.9005,-0.3846,0.2027,0,0.0162,0.0908,-0.0237,1]},
{"frame":62,"values":[0.499,0.5203,-0.693,0,0.2601,0.6729,0.6925,0,0.8266,-0.5258,0.2004,0,0.0162,0.0908,-0.0237,1]},
{"frame":63,"values":[0.6365,0.5079,-0.5804,0,0.3142,0.5165,0.7966,0,0.7043,-0.6894,0.1691,0,0.0162,0.0908,-0.0237,1]},
{"frame":64,"values":[0.7333,0.4712,-0.4902,0,0.3312,0.3821,0.8627,0,0.5938,-0.795,0.1242,0,0.0162,0.0908,-0.0237,1]},
{"frame":65,"values":[0.7646,0.453,-0.4585,0,0.3318,0.3332,0.8825,0,0.5525,-0.8269,0.1045,0,0.0162,0.0908,-0.0237,1]}],"loopBehavior":1,"name":"anim","property":"_matrix"}},
{"name":"ring_02_l","index":19,"matrix":[0.96,0.2756,0.0497,0,-0.2663,0.8436,0.4663,0,0.0866,-0.4609,0.8832,0,0,0.0287,0,1],"rest":[0.996,0.0896,0.0035,0,-0.0893,0.9877,0.1281,0,0.0081,-0.1279,0.9918,0,0,0.0287,0,1],"parentBoneIndex":18,"length":0.024
,"animation":{"dataType":3,"framePerSecond":30,"keys":[
{"frame":1,"values":[0.96,0.2756,0.0497,0,-0.2663,0.8436,0.4663,0,0.0866,-0.4609,0.8832,0,0,0.0287,0,1]},
{"frame":26,"values":[0.9584,0.2804,0.0524,0,-0.2712,0.839,0.4718,0,0.0884,-0.4664,0.8802,0,0,0.0287,0,1]},
{"frame":27,"values":[0.9536,0.2949,0.0607,0,-0.2861,0.8246,0.4881,0,0.0939,-0.4828,0.8707,0,0,0.0287,0,1]},
{"frame":28,"values":[0.9449,0.3186,0.0754,0,-0.3105,0.7992,0.5146,0,0.1037,-0.5097,0.8541,0,0,0.0287,0,1]},
{"frame":29,"values":[0.9316,0.3503,0.0971,0,-0.3436,0.7613,0.5499,0,0.1187,-0.5456,0.8296,0,0,0.0287,0,1]},
{"frame":30,"values":[0.913,0.3878,0.1263,0,-0.3832,0.7096,0.5913,0,0.1397,-0.5883,0.7965,0,0,0.0287,0,1]},
{"frame":31,"values":[0.8889,0.4282,0.1629,0,-0.4265,0.644,0.6351,0,0.167,-0.634,0.7551,0,0,0.0287,0,1]},
{"frame":32,"values":[0.8597,0.4676,0.2057,0,-0.47,0.5663,0.6771,0,0.2001,-0.6788,0.7066,0,0,0.0287,0,1]},
{"frame":33,"values":[0.8268,0.5027,0.2525,0,-0.51,0.4804,0.7135,0,0.2374,-0.7187,0.6536,0,0,0.0287,0,1]},
{"frame":34,"values":[0.7924,0.5311,0.3,0,-0.5438,0.3924,0.7418,0,0.2763,-0.751,0.5998,0,0,0.0287,0,1]},
{"frame":35,"values":[0.7592,0.552,0.3448,0,-0.5701,0.3086,0.7614,0,0.3139,-0.7747,0.549,0,0,0.0287,0,1]},
{"frame":36,"values":[0.7296,0.5658,0.3841,0,-0.589,0.2347,0.7733,0,0.3474,-0.7904,0.5045,0,0,0.0287,0,1]},
{"frame":37,"values":[0.7054,0.5741,0.4156,0,-0.6016,0.1749,0.7794,0,0.3748,-0.7999,0.4687,0,0,0.0287,0,1]},
{"frame":38,"values":[0.6878,0.5785,0.4385,0,-0.6092,0.1315,0.7821,0,0.3948,-0.805,0.4429,0,0,0.0287,0,1]},
{"frame":39,"values":[0.6771,0.5806,0.4521,0,-0.6131,0.1055,0.7829,0,0.4069,-0.8073,0.4274,0,0,0.0287,0,1]},
{"frame":40,"values":[0.6736,0.5812,0.4566,0,-0.6144,0.0969,0.783,0,0.4108,-0.808,0.4223,0,0,0.0287,0,1]},
{"frame":61,"values":[0.7054,0.5741,0.4156,0,-0.6016,0.1749,0.7794,0,0.3748,-0.7999,0.4687,0,0,0.0287,0,1]},
{"frame":62,"values":[0.7924,0.5311,0.3,0,-0.5438,0.3924,0.7418,0,0.2763,-0.751,0.5998,0,0,0.0287,0,1]},
{"frame":63,"values":[0.8889,0.4282,0.1629,0,-0.4265,0.644,0.6351,0,0.167,-0.634,0.7551,0,0,0.0287,0,1]},
{"frame":64,"values":[0.9449,0.3186,0.0754,0,-0.3105,0.7992,0.5146,0,0.1037,-0.5097,0.8541,0,0,0.0287,0,1]},
{"frame":65,"values":[0.96,0.2756,0.0497,0,-0.2663,0.8436,0.4663,0,0.0866,-0.4609,0.8832,0,0,0.0287,0,1]}],"loopBehavior":1,"name":"anim","property":"_matrix"}},
{"name":"ring_03_l","index":20,"matrix":[0.9986,-0.052,-0.0032,0,0.0519,0.9905,0.1275,0,-0.0034,-0.1275,0.9918,0,0,0.024,0,1],"rest":[0.9986,-0.052,-0.0032,0,0.0519,0.9905,0.1275,0,-0.0034,-0.1275,0.9918,0,0,0.024,0,1],"parentBoneIndex":19,"length":0.0258
,"animation":{"dataType":3,"framePerSecond":30,"keys":[
{"frame":1,"values":[0.9986,-0.052,-0.0032,0,0.0519,0.9905,0.1275,0,-0.0034,-0.1275,0.9918,0,0,0.024,0,1]},
{"frame":2,"values":[0.9988,-0.0487,-0.0035,0,0.0488,0.9899,0.1329,0,-0.003,-0.1329,0.9911,0,0,0.024,0,1]},
{"frame":3,"values":[0.9992,-0.039,-0.0043,0,0.0392,0.988,0.1492,0,-0.0015,-0.1493,0.9888,0,0,0.024,0,1]},
