{"producer":{"name":"Blender","version":"2.93.0 Beta","exporter_version":"2.93-beta 3","file":"aPirate_work03.babylon"},
"autoClear":true,"clearColor":[0.0509,0.0509,0.0509],"gravity":[0,-9.81,0],
"materials":[{"name":"skin","id":"skin","customType":"BABYLON.StandardMaterial","emissive":[0,0,0],"specular":[0,0,0],"specularPower":64,"alpha":1,"indexOfRefraction":0.6897, 
"diffuseTexture":{"name":"uni1228_Euro_Male_diff.png","level":1,"hasAlpha":true,"coordinatesMode":0,"uOffset":0,"vOffset":0,"uScale":1,"vScale":1,"uAng":0,"vAng":0,"wAng":0,"wrapU":1,"wrapV":1,"coordinatesIndex":0}},
{"name":":Low-poly:Eye_brown","id":":Low-poly:Eye_brown","customType":"BABYLON.StandardMaterial","emissive":[0,0,0],"specular":[0.5,0.5,0.5],"specularPower":64,"alpha":1,"indexOfRefraction":0.6897, 
"diffuseTexture":{"name":"teeth3 copy.jpg","level":1,"hasAlpha":false,"coordinatesMode":0,"uOffset":0,"vOffset":0,"uScale":1,"vScale":1,"uAng":0,"vAng":0,"wAng":0,"wrapU":1,"wrapV":1,"coordinatesIndex":0}},
{"name":":Eyebrows","id":":Eyebrows","customType":"BABYLON.StandardMaterial","emissive":[0,0,0],"specular":[0.5,0.5,0.5],"specularPower":64,"alpha":1,"indexOfRefraction":0.6897, 
"diffuseTexture":{"name":"eyebrow009.png","level":1,"hasAlpha":true,"coordinatesMode":0,"uOffset":0,"vOffset":0,"uScale":1,"vScale":1,"uAng":0,"vAng":0,"wAng":0,"wrapU":1,"wrapV":1,"coordinatesIndex":0}},
{"name":"sword","id":"sword","customType":"BABYLON.StandardMaterial","emissive":[0,0,0],"specular":[0.5,0.5,0.5],"specularPower":64,"alpha":1,"indexOfRefraction":0.6897, 
"diffuseTexture":{"name":"crudesword.png","level":1,"hasAlpha":true,"coordinatesMode":0,"uOffset":0,"vOffset":0,"uScale":1,"vScale":1,"uAng":0,"vAng":0,"wAng":0,"wrapU":1,"wrapV":1,"coordinatesIndex":0}},
{"name":"pirate","id":"pirate","customType":"BABYLON.StandardMaterial","emissive":[0,0,0],"specular":[0,0,0],"specularPower":0,"alpha":1,"indexOfRefraction":0.6897, 
"diffuseTexture":{"name":"my_16x16gradient.png","level":1,"hasAlpha":true,"coordinatesMode":0,"uOffset":0,"vOffset":0,"uScale":1,"vScale":1,"uAng":0,"vAng":0,"wAng":0,"wrapU":1,"wrapV":1,"coordinatesIndex":0}},
{"name":"boots","id":"boots","customType":"BABYLON.StandardMaterial","diffuse":[0,0,0],"emissive":[0,0,0],"specular":[0.15,0.15,0.15],"specularPower":59.3455,"alpha":1,"indexOfRefraction":0.6897},
{"name":"eye_teeth","id":"eye_teeth","customType":"BABYLON.StandardMaterial","emissive":[0,0,0],"specular":[0.5,0.5,0.5],"specularPower":64,"alpha":1,"indexOfRefraction":0.6897, 
"diffuseTexture":{"name":"teeth3 copy.jpg","level":1,"hasAlpha":false,"coordinatesMode":0,"uOffset":0,"vOffset":0,"uScale":1,"vScale":1,"uAng":0,"vAng":0,"wAng":0,"wrapU":1,"wrapV":1,"coordinatesIndex":0}}],
"skeletons":[{"name":"Pirate_base01a","id":0,"dimensionsAtRest":[1.0704,1.7756,0.8588],"bones":[
{"name":"Hips","index":0,"matrix":[1,0,0,0,0,0.9402,0.3406,0,0,0.3406,-0.9402,0,0,0.9656,-0.0038,1],"rest":[1,0,0,0,0,0.9402,0.3406,0,0,0.3406,-0.9402,0,0,0.9656,-0.0038,1],"parentBoneIndex":-1,"length":0.0947
,"animation":{"name":"anim","property":"_matrix","dataType":3,"framePerSecond":24,"loopBehavior":1,"keys":[
{"frame":1,"values":[1,0,0,0,0,0.9402,0.3406,0,0,0.3406,-0.9402,0,0,0.908,-0.0038,1]},
{"frame":2,"values":[1,0,0,0,0,0.9402,0.3406,0,0,0.3406,-0.9402,0,0,0.9083,-0.0038,1]},
{"frame":3,"values":[1,0,0,0,0,0.9402,0.3406,0,0,0.3406,-0.9402,0,0,0.9092,-0.0038,1]},
{"frame":4,"values":[1,0,0,0,0,0.9402,0.3406,0,0,0.3406,-0.9402,0,0,0.9107,-0.0038,1]},
{"frame":5,"values":[1,0,0,0,0,0.9402,0.3406,0,0,0.3406,-0.9402,0,0,0.9126,-0.0038,1]},
{"frame":6,"values":[1,0,0,0,0,0.9402,0.3406,0,0,0.3406,-0.9402,0,0,0.915,-0.0038,1]},
{"frame":7,"values":[1,0,0,0,0,0.9402,0.3406,0,0,0.3406,-0.9402,0,0,0.9177,-0.0038,1]},
{"frame":8,"values":[1,0,0,0,0,0.9402,0.3406,0,0,0.3406,-0.9402,0,0,0.9208,-0.0038,1]},
{"frame":9,"values":[1,0,0,0,0,0.9402,0.3406,0,0,0.3406,-0.9402,0,0,0.9241,-0.0038,1]},
{"frame":10,"values":[1,0,0,0,0,0.9402,0.3406,0,0,0.3406,-0.9402,0,0,0.9276,-0.0038,1]},
{"frame":11,"values":[1,0,0,0,0,0.9402,0.3406,0,0,0.3406,-0.9402,0,0,0.9312,-0.0038,1]},
{"frame":12,"values":[1,0,0,0,0,0.9402,0.3406,0,0,0.3406,-0.9402,0,0,0.9349,-0.0038,1]},
{"frame":13,"values":[1,0,0,0,0,0.9402,0.3406,0,0,0.3406,-0.9402,0,0,0.9387,-0.0038,1]},
{"frame":14,"values":[1,0,0,0,0,0.9402,0.3406,0,0,0.3406,-0.9402,0,0,0.9424,-0.0038,1]},
{"frame":15,"values":[1,0,0,0,0,0.9402,0.3406,0,0,0.3406,-0.9402,0,0,0.9461,-0.0038,1]},
{"frame":16,"values":[1,0,0,0,0,0.9402,0.3406,0,0,0.3406,-0.9402,0,0,0.9496,-0.0038,1]},
{"frame":17,"values":[1,0,0,0,0,0.9402,0.3406,0,0,0.3406,-0.9402,0,0,0.9529,-0.0038,1]},
{"frame":18,"values":[1,0,0,0,0,0.9402,0.3406,0,0,0.3406,-0.9402,0,0,0.9559,-0.0038,1]},
{"frame":19,"values":[1,0,0,0,0,0.9402,0.3406,0,0,0.3406,-0.9402,0,0,0.9587,-0.0038,1]},
{"frame":20,"values":[1,0,0,0,0,0.9402,0.3406,0,0,0.3406,-0.9402,0,0,0.961,-0.0038,1]},
{"frame":21,"values":[1,0,0,0,0,0.9402,0.3406,0,0,0.3406,-0.9402,0,0,0.963,-0.0038,1]},
{"frame":22,"values":[1,0,0,0,0,0.9402,0.3406,0,0,0.3406,-0.9402,0,0,0.9644,-0.0038,1]},
{"frame":23,"values":[1,0,0,0,0,0.9402,0.3406,0,0,0.3406,-0.9402,0,0,0.9653,-0.0038,1]},
{"frame":24,"values":[1,0,0,0,0,0.9402,0.3406,0,0,0.3406,-0.9402,0,0,0.9656,-0.0038,1]},
{"frame":25,"values":[1,0,0,0,0,0.9402,0.3406,0,0,0.3406,-0.9402,0,0,0.9614,-0.0038,1]},
{"frame":26,"values":[1,0,0,0,0,0.9402,0.3406,0,0,0.3406,-0.9402,0,0,0.9507,-0.0038,1]},
{"frame":27,"values":[1,0,0,0,0,0.9402,0.3406,0,0,0.3406,-0.9402,0,0,0.9368,-0.0038,1]},
{"frame":28,"values":[1,0,0,0,0,0.9402,0.3406,0,0,0.3406,-0.9402,0,0,0.9229,-0.0038,1]},
{"frame":29,"values":[1,0,0,0,0,0.9402,0.3406,0,0,0.3406,-0.9402,0,0,0.9123,-0.0038,1]},
{"frame":30,"values":[1,0,0,0,0,0.9402,0.3406,0,0,0.3406,-0.9402,0,0,0.908,-0.0038,1]},
{"frame":40,"values":[1,0,0,0,0,0.9402,0.3406,0,0,0.3406,-0.9402,0,0,0.908,-0.0038,1]},
{"frame":51,"values":[1,0,0,0,0,0.9402,0.3406,0,0,0.3406,-0.9402,0,0,0.908,-0.0038,1]},
{"frame":52,"values":[1,0,0,0,0,0.9402,0.3406,0,0,0.3406,-0.9402,0,0,0.9083,-0.0038,1]},
{"frame":53,"values":[1,0,0,0,0,0.9402,0.3406,0,0,0.3406,-0.9402,0,0,0.9092,-0.0038,1]},
{"frame":54,"values":[1,0,0,0,0,0.9402,0.3406,0,0,0.3406,-0.9402,0,0,0.9107,-0.0038,1]},
{"frame":55,"values":[1,0,0,0,0,0.9402,0.3406,0,0,0.3406,-0.9402,0,0,0.9126,-0.0038,1]},
{"frame":56,"values":[1,0,0,0,0,0.9402,0.3406,0,0,0.3406,-0.9402,0,0,0.915,-0.0038,1]},
{"frame":57,"values":[1,0,0,0,0,0.9402,0.3406,0,0,0.3406,-0.9402,0,0,0.9177,-0.0038,1]},
{"frame":58,"values":[1,0,0,0,0,0.9402,0.3406,0,0,0.3406,-0.9402,0,0,0.9208,-0.0038,1]},
{"frame":59,"values":[1,0,0,0,0,0.9402,0.3406,0,0,0.3406,-0.9402,0,0,0.9241,-0.0038,1]},
{"frame":60,"values":[1,0,0,0,0,0.9402,0.3406,0,0,0.3406,-0.9402,0,0,0.9276,-0.0038,1]},
{"frame":61,"values":[1,0,0,0,0,0.9402,0.3406,0,0,0.3406,-0.9402,0,0,0.9312,-0.0038,1]},
{"frame":62,"values":[1,0,0,0,0,0.9402,0.3406,0,0,0.3406,-0.9402,0,0,0.9349,-0.0038,1]},
{"frame":63,"values":[1,0,0,0,0,0.9402,0.3406,0,0,0.3406,-0.9402,0,0,0.9387,-0.0038,1]},
{"frame":64,"values":[1,0,0,0,0,0.9402,0.3406,0,0,0.3406,-0.9402,0,0,0.9424,-0.0038,1]},
{"frame":65,"values":[1,0,0,0,0,0.9402,0.3406,0,0,0.3406,-0.9402,0,0,0.9461,-0.0038,1]},
{"frame":66,"values":[1,0,0,0,0,0.9402,0.3406,0,0,0.3406,-0.9402,0,0,0.9496,-0.0038,1]},
{"frame":67,"values":[1,0,0,0,0,0.9402,0.3406,0,0,0.3406,-0.9402,0,0,0.9529,-0.0038,1]},
{"frame":68,"values":[1,0,0,0,0,0.9402,0.3406,0,0,0.3406,-0.9402,0,0,0.9559,-0.0038,1]},
{"frame":69,"values":[1,0,0,0,0,0.9402,0.3406,0,0,0.3406,-0.9402,0,0,0.9587,-0.0038,1]},
{"frame":70,"values":[1,0,0,0,0,0.9402,0.3406,0,0,0.3406,-0.9402,0,0,0.961,-0.0038,1]},
{"frame":71,"values":[1,0,0,0,0,0.9402,0.3406,0,0,0.3406,-0.9402,0,0,0.963,-0.0038,1]},
{"frame":72,"values":[1,0,0,0,0,0.9402,0.3406,0,0,0.3406,-0.9402,0,0,0.9644,-0.0038,1]},
{"frame":73,"values":[1,0,0,0,0,0.9402,0.3406,0,0,0.3406,-0.9402,0,0,0.9653,-0.0038,1]},
{"frame":74,"values":[1,0,0,0,0,0.9402,0.3406,0,0,0.3406,-0.9402,0,0,0.9656,-0.0038,1]}]}},
{"name":"LHipJoint","index":1,"matrix":[-0.1024,0.0716,-0.9922,0,0.9947,-0.0056,-0.1031,0,-0.0129,-0.9974,-0.0707,0,0,0,0,1],"rest":[-0.1024,0.0716,-0.9922,0,0.9947,-0.0056,-0.1031,0,-0.0129,-0.9974,-0.0707,0,0,0,0,1],"parentBoneIndex":0,"length":0.111
,"animation":{"name":"anim","property":"_matrix","dataType":3,"framePerSecond":24,"loopBehavior":1,"keys":[
{"frame":1,"values":[-0.1024,0.0716,-0.9922,0,0.9947,-0.0056,-0.1031,0,-0.0129,-0.9974,-0.0707,0,0,0,0,1]},
{"frame":40,"values":[-0.1024,0.0716,-0.9922,0,0.9947,-0.0056,-0.1031,0,-0.0129,-0.9974,-0.0707,0,0,0,0,1]},
{"frame":51,"values":[-0.1024,0.0716,-0.9922,0,0.9947,-0.0056,-0.1031,0,-0.0129,-0.9974,-0.0707,0,0,0,0,1]},
{"frame":74,"values":[-0.1024,0.0716,-0.9922,0,0.9947,-0.0056,-0.1031,0,-0.0129,-0.9974,-0.0707,0,0,0,0,1]}]}},
{"name":"LeftUpLeg","index":2,"matrix":[-0.1515,0.9826,-0.1076,0,0.0053,0.1096,0.994,0,0.9884,0.15,-0.0218,0,0,0.111,0,1],"rest":[-0.1673,0.9811,-0.0973,0,0.1796,0.1273,0.9755,0,0.9694,0.1457,-0.1975,0,0,0.111,0,1],"parentBoneIndex":1,"length":0.4485
,"animation":{"name":"anim","property":"_matrix","dataType":3,"framePerSecond":24,"loopBehavior":1,"keys":[
{"frame":1,"values":[-0.1433,0.9834,-0.1115,0,-0.0787,0.101,0.9918,0,0.9865,0.1509,0.0629,0,0,0.111,0,1]},
{"frame":2,"values":[-0.1447,0.9832,-0.1109,0,-0.0644,0.1024,0.9927,0,0.9874,0.1508,0.0485,0,0,0.111,0,1]},
{"frame":3,"values":[-0.1483,0.9829,-0.1092,0,-0.0274,0.1063,0.994,0,0.9886,0.1504,0.0112,0,0,0.111,0,1]},
{"frame":4,"values":[-0.1532,0.9824,-0.1067,0,0.0234,0.1115,0.9935,0,0.9879,0.1497,-0.04,0,0,0.111,0,1]},
{"frame":5,"values":[-0.1583,0.9819,-0.1036,0,0.0786,0.1171,0.99,0,0.9843,0.1486,-0.0957,0,0,0.111,0,1]},
{"frame":6,"values":[-0.1629,0.9815,-0.1006,0,0.129,0.1222,0.9841,0,0.9782,0.1473,-0.1465,0,0,0.111,0,1]},
{"frame":7,"values":[-0.1661,0.9812,-0.0982,0,0.1655,0.1259,0.9781,0,0.9721,0.1462,-0.1833,0,0,0.111,0,1]},
{"frame":8,"values":[-0.1673,0.9811,-0.0973,0,0.1796,0.1273,0.9755,0,0.9694,0.1457,-0.1975,0,0,0.111,0,1]},
{"frame":9,"values":[-0.1671,0.9811,-0.0974,0,0.1777,0.1272,0.9758,0,0.9698,0.1458,-0.1956,0,0,0.111,0,1]},
{"frame":10,"values":[-0.1667,0.9812,-0.0978,0,0.1722,0.1266,0.9769,0,0.9709,0.146,-0.1901,0,0,0.111,0,1]},
{"frame":11,"values":[-0.1659,0.9812,-0.0983,0,0.1637,0.1258,0.9785,0,0.9725,0.1463,-0.1815,0,0,0.111,0,1]},
{"frame":12,"values":[-0.165,0.9813,-0.0991,0,0.1527,0.1246,0.9804,0,0.9744,0.1466,-0.1704,0,0,0.111,0,1]},
{"frame":13,"values":[-0.1638,0.9814,-0.0999,0,0.1396,0.1233,0.9825,0,0.9766,0.147,-0.1572,0,0,0.111,0,1]},
{"frame":14,"values":[-0.1625,0.9815,-0.1008,0,0.1249,0.1218,0.9847,0,0.9788,0.1474,-0.1424,0,0,0.111,0,1]},
{"frame":15,"values":[-0.1611,0.9817,-0.1018,0,0.1091,0.1202,0.9867,0,0.9809,0.1478,-0.1265,0,0,0.111,0,1]},
{"frame":16,"values":[-0.1596,0.9818,-0.1028,0,0.0929,0.1186,0.9886,0,0.9828,0.1482,-0.1101,0,0,0.111,0,1]},
{"frame":17,"values":[-0.1581,0.982,-0.1037,0,0.0766,0.1169,0.9902,0,0.9844,0.1486,-0.0937,0,0,0.111,0,1]},
{"frame":18,"values":[-0.1567,0.9821,-0.1046,0,0.0607,0.1153,0.9915,0,0.9858,0.149,-0.0777,0,0,0.111,0,1]},
{"frame":19,"values":[-0.1553,0.9822,-0.1054,0,0.0459,0.1138,0.9924,0,0.9868,0.1493,-0.0628,0,0,0.111,0,1]},
{"frame":20,"values":[-0.154,0.9823,-0.1062,0,0.0327,0.1124,0.9931,0,0.9875,0.1495,-0.0494,0,0,0.111,0,1]},
{"frame":21,"values":[-0.153,0.9824,-0.1067,0,0.0215,0.1113,0.9936,0,0.988,0.1497,-0.0381,0,0,0.111,0,1]},
{"frame":22,"values":[-0.1522,0.9825,-0.1072,0,0.0128,0.1104,0.9938,0,0.9883,0.1499,-0.0294,0,0,0.111,0,1]},
{"frame":23,"values":[-0.1516,0.9826,-0.1075,0,0.0073,0.1098,0.9939,0,0.9884,0.1499,-0.0238,0,0,0.111,0,1]},
{"frame":24,"values":[-0.1515,0.9826,-0.1076,0,0.0053,0.1096,0.994,0,0.9884,0.15,-0.0218,0,0,0.111,0,1]},
{"frame":25,"values":[-0.1527,0.9825,-0.1069,0,0.0183,0.111,0.9937,0,0.9881,0.1498,-0.0349,0,0,0.111,0,1]},
{"frame":26,"values":[-0.1557,0.9822,-0.1052,0,0.0507,0.1143,0.9922,0,0.9865,0.1492,-0.0676,0,0,0.111,0,1]},
{"frame":27,"values":[-0.1596,0.9818,-0.1028,0,0.0929,0.1186,0.9886,0,0.9828,0.1482,-0.1101,0,0,0.111,0,1]},
{"frame":28,"values":[-0.1634,0.9815,-0.1002,0,0.1348,0.1228,0.9832,0,0.9773,0.1471,-0.1524,0,0,0.111,0,1]},
{"frame":29,"values":[-0.1662,0.9812,-0.0981,0,0.1669,0.1261,0.9779,0,0.9719,0.1462,-0.1847,0,0,0.111,0,1]},
{"frame":30,"values":[-0.1673,0.9811,-0.0973,0,0.1796,0.1273,0.9755,0,0.9694,0.1457,-0.1975,0,0,0.111,0,1]},
{"frame":40,"values":[-0.1673,0.9811,-0.0973,0,0.1796,0.1273,0.9755,0,0.9694,0.1457,-0.1975,0,0,0.111,0,1]},
{"frame":51,"values":[-0.1433,0.9834,-0.1115,0,-0.0787,0.101,0.9918,0,0.9865,0.1509,0.0629,0,0,0.111,0,1]},
{"frame":52,"values":[-0.1447,0.9832,-0.1109,0,-0.0644,0.1024,0.9927,0,0.9874,0.1508,0.0485,0,0,0.111,0,1]},
{"frame":53,"values":[-0.1483,0.9829,-0.1092,0,-0.0274,0.1063,0.994,0,0.9886,0.1504,0.0112,0,0,0.111,0,1]},
{"frame":54,"values":[-0.1532,0.9824,-0.1067,0,0.0234,0.1115,0.9935,0,0.9879,0.1497,-0.04,0,0,0.111,0,1]},
{"frame":55,"values":[-0.1583,0.9819,-0.1036,0,0.0786,0.1171,0.99,0,0.9843,0.1486,-0.0957,0,0,0.111,0,1]},
{"frame":56,"values":[-0.1629,0.9815,-0.1006,0,0.129,0.1222,0.9841,0,0.9782,0.1473,-0.1465,0,0,0.111,0,1]},
{"frame":57,"values":[-0.1661,0.9812,-0.0982,0,0.1655,0.1259,0.9781,0,0.9721,0.1462,-0.1833,0,0,0.111,0,1]},
{"frame":58,"values":[-0.1673,0.9811,-0.0973,0,0.1796,0.1273,0.9755,0,0.9694,0.1457,-0.1975,0,0,0.111,0,1]},
{"frame":59,"values":[-0.1671,0.9811,-0.0974,0,0.1777,0.1272,0.9758,0,0.9698,0.1458,-0.1956,0,0,0.111,0,1]},
{"frame":60,"values":[-0.1667,0.9812,-0.0978,0,0.1722,0.1266,0.9769,0,0.9709,0.146,-0.1901,0,0,0.111,0,1]},
{"frame":61,"values":[-0.1659,0.9812,-0.0983,0,0.1637,0.1258,0.9785,0,0.9725,0.1463,-0.1815,0,0,0.111,0,1]},
{"frame":62,"values":[-0.165,0.9813,-0.0991,0,0.1527,0.1246,0.9804,0,0.9744,0.1466,-0.1704,0,0,0.111,0,1]},
{"frame":63,"values":[-0.1638,0.9814,-0.0999,0,0.1396,0.1233,0.9825,0,0.9766,0.147,-0.1572,0,0,0.111,0,1]},
{"frame":64,"values":[-0.1625,0.9815,-0.1008,0,0.1249,0.1218,0.9847,0,0.9788,0.1474,-0.1424,0,0,0.111,0,1]},
{"frame":65,"values":[-0.1611,0.9817,-0.1018,0,0.1091,0.1202,0.9867,0,0.9809,0.1478,-0.1265,0,0,0.111,0,1]},
{"frame":66,"values":[-0.1596,0.9818,-0.1028,0,0.0929,0.1186,0.9886,0,0.9828,0.1482,-0.1101,0,0,0.111,0,1]},
{"frame":67,"values":[-0.1581,0.982,-0.1037,0,0.0766,0.1169,0.9902,0,0.9844,0.1486,-0.0937,0,0,0.111,0,1]},
{"frame":68,"values":[-0.1567,0.9821,-0.1046,0,0.0607,0.1153,0.9915,0,0.9858,0.149,-0.0777,0,0,0.111,0,1]},
{"frame":69,"values":[-0.1553,0.9822,-0.1054,0,0.0459,0.1138,0.9924,0,0.9868,0.1493,-0.0628,0,0,0.111,0,1]},
{"frame":70,"values":[-0.154,0.9823,-0.1062,0,0.0327,0.1124,0.9931,0,0.9875,0.1495,-0.0494,0,0,0.111,0,1]},
{"frame":71,"values":[-0.153,0.9824,-0.1067,0,0.0215,0.1113,0.9936,0,0.988,0.1497,-0.0381,0,0,0.111,0,1]},
{"frame":72,"values":[-0.1522,0.9825,-0.1072,0,0.0128,0.1104,0.9938,0,0.9883,0.1499,-0.0294,0,0,0.111,0,1]},
{"frame":73,"values":[-0.1516,0.9826,-0.1075,0,0.0073,0.1098,0.9939,0,0.9884,0.1499,-0.0238,0,0,0.111,0,1]},
{"frame":74,"values":[-0.1515,0.9826,-0.1076,0,0.0053,0.1096,0.994,0,0.9884,0.15,-0.0218,0,0,0.111,0,1]}]}},
{"name":"LeftLeg","index":3,"matrix":[0.9998,-0.0097,0.0175,0,0.0075,0.9924,0.1227,0,-0.0186,-0.1225,0.9923,0,0,0.4485,0,1],"rest":[0.9998,-0.0097,0.0175,0,0.0075,0.9924,0.1227,0,-0.0186,-0.1225,0.9923,0,0,0.4485,0,1],"parentBoneIndex":2,"length":0.4458
,"animation":{"name":"anim","property":"_matrix","dataType":3,"framePerSecond":24,"loopBehavior":1,"keys":[
{"frame":1,"values":[0.9998,-0.0097,0.0175,0,0.0075,0.9924,0.1227,0,-0.0186,-0.1225,0.9923,0,0,0.4485,0,1]},
{"frame":40,"values":[0.9998,-0.0097,0.0175,0,0.0075,0.9924,0.1227,0,-0.0186,-0.1225,0.9923,0,0,0.4485,0,1]},
{"frame":51,"values":[0.9998,-0.0097,0.0175,0,0.0075,0.9924,0.1227,0,-0.0186,-0.1225,0.9923,0,0,0.4485,0,1]},
{"frame":74,"values":[0.9998,-0.0097,0.0175,0,0.0075,0.9924,0.1227,0,-0.0186,-0.1225,0.9923,0,0,0.4485,0,1]}]}},
{"name":"LeftFoot","index":4,"matrix":[0.9963,-0.0239,0.0829,0,0.0862,0.2757,-0.9574,0,0,0.9609,0.2767,0,0,0.4458,0,1],"rest":[0.9963,-0.0239,0.0829,0,0.0862,0.2757,-0.9574,0,0,0.9609,0.2767,0,0,0.4458,0,1],"parentBoneIndex":3,"length":0.1538
,"animation":{"name":"anim","property":"_matrix","dataType":3,"framePerSecond":24,"loopBehavior":1,"keys":[
{"frame":1,"values":[0.9963,-0.0239,0.0829,0,0.0862,0.2757,-0.9574,0,0,0.9609,0.2767,0,0,0.4458,0,1]},
{"frame":40,"values":[0.9963,-0.0239,0.0829,0,0.0862,0.2757,-0.9574,0,0,0.9609,0.2767,0,0,0.4458,0,1]},
{"frame":51,"values":[0.9963,-0.0239,0.0829,0,0.0862,0.2757,-0.9574,0,0,0.9609,0.2767,0,0,0.4458,0,1]},
{"frame":74,"values":[0.9963,-0.0239,0.0829,0,0.0862,0.2757,-0.9574,0,0,0.9609,0.2767,0,0,0.4458,0,1]}]}},
{"name":"LeftToeBase","index":5,"matrix":[0.9986,0.0523,-0.005,0,-0.0522,0.9773,-0.2052,0,-0.0058,0.2051,0.9787,0,0,0.1538,0,1],"rest":[0.9986,0.0523,-0.005,0,-0.0522,0.9773,-0.2052,0,-0.0058,0.2051,0.9787,0,0,0.1538,0,1],"parentBoneIndex":4,"length":0.0213
,"animation":{"name":"anim","property":"_matrix","dataType":3,"framePerSecond":24,"loopBehavior":1,"keys":[
{"frame":1,"values":[0.9986,0.0523,-0.005,0,-0.0522,0.9773,-0.2052,0,-0.0058,0.2051,0.9787,0,0,0.1538,0,1]},
{"frame":40,"values":[0.9986,0.0523,-0.005,0,-0.0522,0.9773,-0.2052,0,-0.0058,0.2051,0.9787,0,0,0.1538,0,1]},
{"frame":51,"values":[0.9986,0.0523,-0.005,0,-0.0522,0.9773,-0.2052,0,-0.0058,0.2051,0.9787,0,0,0.1538,0,1]},
{"frame":74,"values":[0.9986,0.0523,-0.005,0,-0.0522,0.9773,-0.2052,0,-0.0058,0.2051,0.9787,0,0,0.1538,0,1]}]}},
{"name":"LowerBack","index":6,"matrix":[1,0,0,0,0,0.9363,0.3512,0,0,-0.3512,0.9363,0,0,0.0947,0,1],"rest":[1,0,0,0,0,0.9363,0.3512,0,0,-0.3512,0.9363,0,0,0.0947,0,1],"parentBoneIndex":0,"length":0.1368
,"animation":{"name":"anim","property":"_matrix","dataType":3,"framePerSecond":24,"loopBehavior":1,"keys":[
{"frame":1,"values":[1,0,0,0,0,0.9363,0.3512,0,0,-0.3512,0.9363,0,0,0.0947,0,1]},
{"frame":40,"values":[1,0,0,0,0,0.9363,0.3512,0,0,-0.3512,0.9363,0,0,0.0947,0,1]},
{"frame":51,"values":[1,0,0,0,0,0.9363,0.3512,0,0,-0.3512,0.9363,0,0,0.0947,0,1]},
{"frame":74,"values":[1,0,0,0,0,0.9363,0.3512,0,0,-0.3512,0.9363,0,0,0.0947,0,1]}]}},
{"name":"Spine","index":7,"matrix":[1,0,0,0,0,0.9837,-0.1797,0,0,0.1797,0.9837,0,0,0.1368,0,1],"rest":[1,0,0,0,0,0.9837,-0.1797,0,0,0.1797,0.9837,0,0,0.1368,0,1],"parentBoneIndex":6,"length":0.1443
,"animation":{"name":"anim","property":"_matrix","dataType":3,"framePerSecond":24,"loopBehavior":1,"keys":[
{"frame":1,"values":[1,0,0,0,0,0.9837,-0.1797,0,0,0.1797,0.9837,0,0,0.1368,0,1]},
{"frame":40,"values":[1,0,0,0,0,0.9837,-0.1797,0,0,0.1797,0.9837,0,0,0.1368,0,1]},
{"frame":51,"values":[1,0,0,0,0,0.9837,-0.1797,0,0,0.1797,0.9837,0,0,0.1368,0,1]},
{"frame":74,"values":[1,0,0,0,0,0.9837,-0.1797,0,0,0.1797,0.9837,0,0,0.1368,0,1]}]}},
{"name":"Spine1","index":8,"matrix":[1,0,0,0,0,0.894,0.448,0,0,-0.448,0.894,0,0,0.1443,0,1],"rest":[1,0,0,0,0,0.894,0.448,0,0,-0.448,0.894,0,0,0.1443,0,1],"parentBoneIndex":7,"length":0.2174
,"animation":{"name":"anim","property":"_matrix","dataType":3,"framePerSecond":24,"loopBehavior":1,"keys":[
{"frame":1,"values":[1,0,0,0,0,0.894,0.448,0,0,-0.448,0.894,0,0,0.1443,0,1]},
{"frame":40,"values":[1,0,0,0,0,0.894,0.448,0,0,-0.448,0.894,0,0,0.1443,0,1]},
{"frame":51,"values":[1,0,0,0,0,0.894,0.448,0,0,-0.448,0.894,0,0,0.1443,0,1]},
{"frame":74,"values":[1,0,0,0,0,0.894,0.448,0,0,-0.448,0.894,0,0,0.1443,0,1]}]}},
{"name":"LeftShoulder","index":9,"matrix":[-0.1813,-0.9123,0.3671,0,0.9813,-0.1923,0.0068,0,0.0643,0.3615,0.9302,0,0.0233,0.1497,0.0357,1],"rest":[-0.1813,-0.9123,0.3671,0,0.9813,-0.1923,0.0068,0,0.0643,0.3615,0.9302,0,0.0233,0.1497,0.0357,1],"parentBoneIndex":8,"length":0.169
,"animation":{"name":"anim","property":"_matrix","dataType":3,"framePerSecond":24,"loopBehavior":1,"keys":[
{"frame":1,"values":[-0.1813,-0.9123,0.3671,0,0.9813,-0.1923,0.0068,0,0.0643,0.3615,0.9302,0,0.0233,0.1497,0.0357,1]},
{"frame":40,"values":[-0.1813,-0.9123,0.3671,0,0.9813,-0.1923,0.0068,0,0.0643,0.3615,0.9302,0,0.0233,0.1497,0.0357,1]},
{"frame":51,"values":[-0.1813,-0.9123,0.3671,0,0.9813,-0.1923,0.0068,0,0.0643,0.3615,0.9302,0,0.0233,0.1497,0.0357,1]},
{"frame":74,"values":[-0.1813,-0.9123,0.3671,0,0.9813,-0.1923,0.0068,0,0.0643,0.3615,0.9302,0,0.0233,0.1497,0.0357,1]}]}},
{"name":"LeftArm","index":10,"matrix":[0.3625,-0.9313,0.0352,0,0.92,0.3636,0.1459,0,-0.1487,-0.0205,0.9887,0,0,0.169,0,1],"rest":[0.7856,-0.6181,-0.0259,0,0.618,0.786,-0.0128,0,0.0282,-0.006,0.9996,0,0,0.169,0,1],"parentBoneIndex":9,"length":0.2651
,"animation":{"name":"anim","property":"_matrix","dataType":3,"framePerSecond":24,"loopBehavior":1,"keys":[
{"frame":1,"values":[0.36,-0.9321,0.04,0,0.9166,0.3614,0.171,0,-0.1739,-0.0249,0.9845,0,0,0.169,0,1]},
{"frame":2,"values":[0.3613,-0.9317,0.0375,0,0.9185,0.3626,0.158,0,-0.1608,-0.0226,0.9867,0,0,0.169,0,1]},
{"frame":3,"values":[0.3646,-0.9307,0.031,0,0.9225,0.3655,0.1243,0,-0.127,-0.0167,0.9918,0,0,0.169,0,1]},
{"frame":4,"values":[0.3687,-0.9293,0.0219,0,0.9261,0.3692,0.0779,0,-0.0805,-0.0084,0.9967,0,0,0.169,0,1]},
{"frame":5,"values":[0.3726,-0.9279,0.0118,0,0.9275,0.3728,0.0272,0,-0.0296,0.0008,0.9996,0,0,0.169,0,1]},
{"frame":6,"values":[0.3758,-0.9267,0.0023,0,0.9265,0.3757,-0.0193,0,0.0171,0.0094,0.9998,0,0,0.169,0,1]},
{"frame":7,"values":[0.3778,-0.9259,-0.0047,0,0.9245,0.3775,-0.0533,0,0.0511,0.0158,0.9986,0,0,0.169,0,1]},
{"frame":8,"values":[0.3785,-0.9256,-0.0075,0,0.9233,0.3782,-0.0664,0,0.0643,0.0182,0.9978,0,0,0.169,0,1]},
{"frame":9,"values":[0.3784,-0.9256,-0.007,0,0.9236,0.3781,-0.0641,0,0.0619,0.0178,0.9979,0,0,0.169,0,1]},
{"frame":10,"values":[0.378,-0.9258,-0.0056,0,0.9241,0.3777,-0.0573,0,0.0552,0.0165,0.9983,0,0,0.169,0,1]},
{"frame":11,"values":[0.3774,-0.926,-0.0034,0,0.925,0.3772,-0.0469,0,0.0447,0.0145,0.9989,0,0,0.169,0,1]},
{"frame":12,"values":[0.3766,-0.9264,-0.0006,0,0.9258,0.3765,-0.0333,0,0.0311,0.012,0.9994,0,0,0.169,0,1]},
{"frame":13,"values":[0.3756,-0.9268,0.0027,0,0.9266,0.3756,-0.0172,0,0.0149,0.009,0.9998,0,0,0.169,0,1]},
{"frame":14,"values":[0.3745,-0.9272,0.0064,0,0.9272,0.3745,0.0008,0,-0.0031,0.0056,1,0,0,0.169,0,1]},
{"frame":15,"values":[0.3731,-0.9277,0.0103,0,0.9275,0.3733,0.02,0,-0.0224,0.0021,0.9997,0,0,0.169,0,1]},
{"frame":16,"values":[0.3717,-0.9283,0.0143,0,0.9274,0.3719,0.0399,0,-0.0424,-0.0016,0.9991,0,0,0.169,0,1]},
{"frame":17,"values":[0.3701,-0.9288,0.0183,0,0.9269,0.3706,0.0598,0,-0.0623,-0.0052,0.998,0,0,0.169,0,1]},
{"frame":18,"values":[0.3686,-0.9293,0.0221,0,0.926,0.3691,0.079,0,-0.0816,-0.0086,0.9966,0,0,0.169,0,1]},
{"frame":19,"values":[0.367,-0.9299,0.0256,0,0.9249,0.3677,0.0969,0,-0.0995,-0.0119,0.995,0,0,0.169,0,1]},
{"frame":20,"values":[0.3656,-0.9303,0.0288,0,0.9236,0.3664,0.1129,0,-0.1156,-0.0147,0.9932,0,0,0.169,0,1]},
{"frame":21,"values":[0.3644,-0.9307,0.0314,0,0.9223,0.3653,0.1265,0,-0.1292,-0.0171,0.9915,0,0,0.169,0,1]},
{"frame":22,"values":[0.3634,-0.931,0.0334,0,0.9211,0.3644,0.1369,0,-0.1396,-0.0189,0.99,0,0,0.169,0,1]},
{"frame":23,"values":[0.3627,-0.9312,0.0347,0,0.9203,0.3638,0.1436,0,-0.1463,-0.0201,0.989,0,0,0.169,0,1]},
{"frame":24,"values":[0.3625,-0.9313,0.0352,0,0.92,0.3636,0.1459,0,-0.1487,-0.0205,0.9887,0,0,0.169,0,1]},
{"frame":40,"values":[0.3625,-0.9313,0.0352,0,0.92,0.3636,0.1459,0,-0.1487,-0.0205,0.9887,0,0,0.169,0,1]},
{"frame":51,"values":[0.36,-0.9321,0.04,0,0.9166,0.3614,0.171,0,-0.1739,-0.0249,0.9845,0,0,0.169,0,1]},
{"frame":52,"values":[0.3613,-0.9317,0.0375,0,0.9185,0.3626,0.158,0,-0.1608,-0.0226,0.9867,0,0,0.169,0,1]},
{"frame":53,"values":[0.3646,-0.9307,0.031,0,0.9225,0.3655,0.1243,0,-0.127,-0.0167,0.9918,0,0,0.169,0,1]},
{"frame":54,"values":[0.3687,-0.9293,0.0219,0,0.9261,0.3692,0.0779,0,-0.0805,-0.0084,0.9967,0,0,0.169,0,1]},
{"frame":55,"values":[0.3726,-0.9279,0.0118,0,0.9275,0.3728,0.0272,0,-0.0296,0.0008,0.9996,0,0,0.169,0,1]},
{"frame":56,"values":[0.3758,-0.9267,0.0023,0,0.9265,0.3757,-0.0193,0,0.0171,0.0094,0.9998,0,0,0.169,0,1]},
{"frame":57,"values":[0.3778,-0.9259,-0.0047,0,0.9245,0.3775,-0.0533,0,0.0511,0.0158,0.9986,0,0,0.169,0,1]},
{"frame":58,"values":[0.3785,-0.9256,-0.0075,0,0.9233,0.3782,-0.0664,0,0.0643,0.0182,0.9978,0,0,0.169,0,1]},
{"frame":59,"values":[0.3784,-0.9256,-0.007,0,0.9236,0.3781,-0.0641,0,0.0619,0.0178,0.9979,0,0,0.169,0,1]},
{"frame":60,"values":[0.378,-0.9258,-0.0056,0,0.9241,0.3777,-0.0573,0,0.0552,0.0165,0.9983,0,0,0.169,0,1]},
{"frame":61,"values":[0.3774,-0.926,-0.0034,0,0.925,0.3772,-0.0469,0,0.0447,0.0145,0.9989,0,0,0.169,0,1]},
{"frame":62,"values":[0.3766,-0.9264,-0.0006,0,0.9258,0.3765,-0.0333,0,0.0311,0.012,0.9994,0,0,0.169,0,1]},
{"frame":63,"values":[0.3756,-0.9268,0.0027,0,0.9266,0.3756,-0.0172,0,0.0149,0.009,0.9998,0,0,0.169,0,1]},
{"frame":64,"values":[0.3745,-0.9272,0.0064,0,0.9272,0.3745,0.0008,0,-0.0031,0.0056,1,0,0,0.169,0,1]},
{"frame":65,"values":[0.3731,-0.9277,0.0103,0,0.9275,0.3733,0.02,0,-0.0224,0.0021,0.9997,0,0,0.169,0,1]},
{"frame":66,"values":[0.3717,-0.9283,0.0143,0,0.9274,0.3719,0.0399,0,-0.0424,-0.0016,0.9991,0,0,0.169,0,1]},
{"frame":67,"values":[0.3701,-0.9288,0.0183,0,0.9269,0.3706,0.0598,0,-0.0623,-0.0052,0.998,0,0,0.169,0,1]},
{"frame":68,"values":[0.3686,-0.9293,0.0221,0,0.926,0.3691,0.079,0,-0.0816,-0.0086,0.9966,0,0,0.169,0,1]},
{"frame":69,"values":[0.367,-0.9299,0.0256,0,0.9249,0.3677,0.0969,0,-0.0995,-0.0119,0.995,0,0,0.169,0,1]},
{"frame":70,"values":[0.3656,-0.9303,0.0288,0,0.9236,0.3664,0.1129,0,-0.1156,-0.0147,0.9932,0,0,0.169,0,1]},
{"frame":71,"values":[0.3644,-0.9307,0.0314,0,0.9223,0.3653,0.1265,0,-0.1292,-0.0171,0.9915,0,0,0.169,0,1]},
{"frame":72,"values":[0.3634,-0.931,0.0334,0,0.9211,0.3644,0.1369,0,-0.1396,-0.0189,0.99,0,0,0.169,0,1]},
{"frame":73,"values":[0.3627,-0.9312,0.0347,0,0.9203,0.3638,0.1436,0,-0.1463,-0.0201,0.989,0,0,0.169,0,1]},
{"frame":74,"values":[0.3625,-0.9313,0.0352,0,0.92,0.3636,0.1459,0,-0.1487,-0.0205,0.9887,0,0,0.169,0,1]}]}},
{"name":"LeftForeArm","index":11,"matrix":[0.9904,-0.0204,-0.1367,0,0.0465,0.9806,0.1904,0,0.1301,-0.195,0.9721,0,0,0.2651,0,1],"rest":[0.9999,0.0125,-0.0008,0,-0.0081,0.6948,0.7192,0,0.0096,-0.7191,0.6948,0,0,0.2651,0,1],"parentBoneIndex":10,"length":0.2733
,"animation":{"name":"anim","property":"_matrix","dataType":3,"framePerSecond":24,"loopBehavior":1,"keys":[
{"frame":1,"values":[0.9904,-0.0204,-0.1367,0,0.0465,0.9806,0.1904,0,0.1301,-0.195,0.9721,0,0,0.2651,0,1]},
{"frame":40,"values":[0.9904,-0.0204,-0.1367,0,0.0465,0.9806,0.1904,0,0.1301,-0.195,0.9721,0,0,0.2651,0,1]},
{"frame":51,"values":[0.9904,-0.0204,-0.1367,0,0.0465,0.9806,0.1904,0,0.1301,-0.195,0.9721,0,0,0.2651,0,1]},
{"frame":74,"values":[0.9904,-0.0204,-0.1367,0,0.0465,0.9806,0.1904,0,0.1301,-0.195,0.9721,0,0,0.2651,0,1]}]}},
{"name":"LeftHand","index":12,"matrix":[0.9928,-0.1147,-0.0343,0,0.1189,0.9784,0.1689,0,0.0142,-0.1718,0.985,0,0,0.2733,0,1],"rest":[0.9928,-0.1147,-0.0343,0,0.1189,0.9784,0.1689,0,0.0142,-0.1718,0.985,0,0,0.2733,0,1],"parentBoneIndex":11,"length":0.0367
,"animation":{"name":"anim","property":"_matrix","dataType":3,"framePerSecond":24,"loopBehavior":1,"keys":[
{"frame":1,"values":[0.9928,-0.1147,-0.0343,0,0.1189,0.9784,0.1689,0,0.0142,-0.1718,0.985,0,0,0.2733,0,1]},
{"frame":40,"values":[0.9928,-0.1147,-0.0343,0,0.1189,0.9784,0.1689,0,0.0142,-0.1718,0.985,0,0,0.2733,0,1]},
{"frame":51,"values":[0.9928,-0.1147,-0.0343,0,0.1189,0.9784,0.1689,0,0.0142,-0.1718,0.985,0,0,0.2733,0,1]},
{"frame":74,"values":[0.9928,-0.1147,-0.0343,0,0.1189,0.9784,0.1689,0,0.0142,-0.1718,0.985,0,0,0.2733,0,1]}]}},
{"name":"LThumb","index":13,"matrix":[-0.5939,0.8039,0.0316,0,0.6637,0.4674,0.584,0,0.4547,0.3679,-0.8111,0,0.0015,0.0448,0.0229,1],"rest":[-0.5939,0.8039,0.0316,0,0.6637,0.4674,0.584,0,0.4547,0.3679,-0.8111,0,0.0015,0.0448,0.0229,1],"parentBoneIndex":12,"length":0.0344
,"animation":{"name":"anim","property":"_matrix","dataType":3,"framePerSecond":24,"loopBehavior":1,"keys":[
{"frame":1,"values":[-0.5939,0.8039,0.0316,0,0.6637,0.4674,0.584,0,0.4547,0.3679,-0.8111,0,0.0015,0.0448,0.0229,1]},
{"frame":40,"values":[-0.5939,0.8039,0.0316,0,0.6637,0.4674,0.584,0,0.4547,0.3679,-0.8111,0,0.0015,0.0448,0.0229,1]},
{"frame":51,"values":[-0.5939,0.8039,0.0316,0,0.6637,0.4674,0.584,0,0.4547,0.3679,-0.8111,0,0.0015,0.0448,0.0229,1]},
{"frame":74,"values":[-0.5939,0.8039,0.0316,0,0.6637,0.4674,0.584,0,0.4547,0.3679,-0.8111,0,0.0015,0.0448,0.0229,1]}]}},
{"name":"LeftFingerBase","index":14,"matrix":[-0.2638,0.1973,-0.9442,0,-0.018,0.9777,0.2093,0,0.9644,0.0722,-0.2544,0,0,0.0367,0,1],"rest":[-0.2638,0.1973,-0.9442,0,-0.018,0.9777,0.2093,0,0.9644,0.0722,-0.2544,0,0,0.0367,0,1],"parentBoneIndex":12,"length":0.0831
,"animation":{"name":"anim","property":"_matrix","dataType":3,"framePerSecond":24,"loopBehavior":1,"keys":[
{"frame":1,"values":[-0.2638,0.1973,-0.9442,0,-0.018,0.9777,0.2093,0,0.9644,0.0722,-0.2544,0,0,0.0367,0,1]},
{"frame":40,"values":[-0.2638,0.1973,-0.9442,0,-0.018,0.9777,0.2093,0,0.9644,0.0722,-0.2544,0,0,0.0367,0,1]},
{"frame":51,"values":[-0.2638,0.1973,-0.9442,0,-0.018,0.9777,0.2093,0,0.9644,0.0722,-0.2544,0,0,0.0367,0,1]},
{"frame":74,"values":[-0.2638,0.1973,-0.9442,0,-0.018,0.9777,0.2093,0,0.9644,0.0722,-0.2544,0,0,0.0367,0,1]}]}},
{"name":"LeftHandFinger1","index":15,"matrix":[0.8,-0.0122,0.5999,0,-0.5691,0.3014,0.765,0,-0.1902,-0.9534,0.2341,0,0,0.0831,0,1],"rest":[0.9952,-0.0976,-0.0038,0,0.0951,0.959,0.2669,0,-0.0224,-0.266,0.9637,0,0,0.0831,0,1],"parentBoneIndex":14,"length":0.029
,"animation":{"name":"anim","property":"_matrix","dataType":3,"framePerSecond":24,"loopBehavior":1,"keys":[
{"frame":1,"values":[0.8,-0.0122,0.5999,0,-0.5691,0.3014,0.765,0,-0.1902,-0.9534,0.2341,0,0,0.0831,0,1]},
{"frame":40,"values":[0.8,-0.0122,0.5999,0,-0.5691,0.3014,0.765,0,-0.1902,-0.9534,0.2341,0,0,0.0831,0,1]},
{"frame":51,"values":[0.8,-0.0122,0.5999,0,-0.5691,0.3014,0.765,0,-0.1902,-0.9534,0.2341,0,0,0.0831,0,1]},
{"frame":74,"values":[0.8,-0.0122,0.5999,0,-0.5691,0.3014,0.765,0,-0.1902,-0.9534,0.2341,0,0,0.0831,0,1]}]}},
{"name":"Neck","index":16,"matrix":[1,0,0,0,0,0.9985,0.0551,0,0,-0.0551,0.9985,0,0,0.2174,0,1],"rest":[1,0,0,0,0,0.9985,0.0551,0,0,-0.0551,0.9985,0,0,0.2174,0,1],"parentBoneIndex":8,"length":0.0528
,"animation":{"name":"anim","property":"_matrix","dataType":3,"framePerSecond":24,"loopBehavior":1,"keys":[
{"frame":1,"values":[1,0,0,0,0,0.9985,0.0551,0,0,-0.0551,0.9985,0,0,0.2174,0,1]},
{"frame":40,"values":[1,0,0,0,0,0.9985,0.0551,0,0,-0.0551,0.9985,0,0,0.2174,0,1]},
{"frame":51,"values":[1,0,0,0,0,0.9985,0.0551,0,0,-0.0551,0.9985,0,0,0.2174,0,1]},
{"frame":74,"values":[1,0,0,0,0,0.9985,0.0551,0,0,-0.0551,0.9985,0,0,0.2174,0,1]}]}},
{"name":"Neck1","index":17,"matrix":[1,0,0,0,0,1,0,0,0,0,1,0,0,0.0528,0,1],"rest":[1,0,0,0,0,1,0,0,0,0,1,0,0,0.0528,0,1],"parentBoneIndex":16,"length":0.0527
,"animation":{"name":"anim","property":"_matrix","dataType":3,"framePerSecond":24,"loopBehavior":1,"keys":[
{"frame":1,"values":[1,0,0,0,0,1,0,0,0,0,1,0,0,0.0528,0,1]},
{"frame":40,"values":[1,0,0,0,0,1,0,0,0,0,1,0,0,0.0528,0,1]},
{"frame":51,"values":[1,0,0,0,0,1,0,0,0,0,1,0,0,0.0528,0,1]},
{"frame":74,"values":[1,0,0,0,0,1,0,0,0,0,1,0,0,0.0528,0,1]}]}},
{"name":"Head","index":18,"matrix":[1,0,0,0,0,0.9259,-0.3777,0,0,0.3777,0.9259,0,0,0.0527,0,1],"rest":[1,0,0,0,0,0.9259,-0.3777,0,0,0.3777,0.9259,0,0,0.0527,0,1],"parentBoneIndex":17,"length":0.159
,"animation":{"name":"anim","property":"_matrix","dataType":3,"framePerSecond":24,"loopBehavior":1,"keys":[
{"frame":1,"values":[1,0,0,0,0,0.9259,-0.3777,0,0,0.3777,0.9259,0,0,0.0527,0,1]},
{"frame":2,"values":[0.9999,-0.0044,-0.0122,0,-0.0005,0.9259,-0.3777,0,0.0129,0.3776,0.9259,0,0,0.0527,0,1]},
{"frame":3,"values":[0.9989,-0.0159,-0.0435,0,-0.0017,0.926,-0.3776,0,0.0463,0.3773,0.9249,0,0,0.0527,0,1]},
{"frame":4,"values":[0.9958,-0.0315,-0.0863,0,-0.0034,0.926,-0.3775,0,0.0918,0.3762,0.922,0,0,0.0527,0,1]},
{"frame":5,"values":[0.99,-0.0485,-0.1327,0,-0.0052,0.9261,-0.3773,0,0.1412,0.3742,0.9165,0,0,0.0527,0,1]},
{"frame":6,"values":[0.9825,-0.064,-0.175,0,-0.0069,0.9262,-0.3771,0,0.1862,0.3717,0.9095,0,0,0.0527,0,1]},
{"frame":7,"values":[0.9757,-0.0752,-0.2058,0,-0.0081,0.9262,-0.3768,0,0.2189,0.3693,0.9031,0,0,0.0527,0,1]},
{"frame":8,"values":[0.9727,-0.0796,-0.2179,0,-0.0086,0.9263,-0.3767,0,0.2318,0.3683,0.9003,0,0,0.0527,0,1]},
{"frame":9,"values":[0.9781,-0.0714,-0.1953,0,-0.0077,0.9262,-0.3769,0,0.2078,0.3702,0.9054,0,0,0.0527,0,1]},
{"frame":10,"values":[0.9897,-0.0491,-0.1343,0,-0.0053,0.9261,-0.3773,0,0.1429,0.3741,0.9163,0,0,0.0527,0,1]},
{"frame":11,"values":[0.9988,-0.0169,-0.0461,0,-0.0018,0.926,-0.3776,0,0.0491,0.3773,0.9248,0,0,0.0527,0,1]},
{"frame":12,"values":[0.9982,0.0204,0.0559,0,0.0022,0.926,-0.3776,0,-0.0595,0.3771,0.9243,0,0,0.0527,0,1]},
{"frame":13,"values":[0.9859,0.0575,0.1573,0,0.0062,0.9261,-0.3772,0,-0.1674,0.3728,0.9127,0,0,0.0527,0,1]},
{"frame":14,"values":[0.9657,0.0891,0.2438,0,0.0096,0.9264,-0.3765,0,-0.2594,0.3659,0.8938,0,0,0.0527,0,1]},
{"frame":15,"values":[0.9465,0.1108,0.3032,0,0.0119,0.9266,-0.3758,0,-0.3225,0.3593,0.8757,0,0,0.0527,0,1]},
{"frame":16,"values":[0.9381,0.1189,0.3252,0,0.0128,0.9267,-0.3755,0,-0.346,0.3565,0.8679,0,0,0.0527,0,1]},
{"frame":17,"values":[0.9433,0.114,0.3118,0,0.0122,0.9267,-0.3757,0,-0.3318,0.3582,0.8727,0,0,0.0527,0,1]},
{"frame":18,"values":[0.9558,0.1009,0.2761,0,0.0108,0.9265,-0.3761,0,-0.2938,0.3625,0.8845,0,0,0.0527,0,1]},
{"frame":19,"values":[0.9709,0.0822,0.2248,0,0.0088,0.9263,-0.3767,0,-0.2392,0.3677,0.8987,0,0,0.0527,0,1]},
{"frame":20,"values":[0.9844,0.0603,0.165,0,0.0065,0.9261,-0.3771,0,-0.1756,0.3723,0.9113,0,0,0.0527,0,1]},
{"frame":21,"values":[0.9938,0.0382,0.1046,0,0.0041,0.926,-0.3775,0,-0.1113,0.3755,0.9201,0,0,0.0527,0,1]},
{"frame":22,"values":[0.9985,0.0189,0.0516,0,0.002,0.926,-0.3776,0,-0.0549,0.3772,0.9245,0,0,0.0527,0,1]},
{"frame":23,"values":[0.9999,0.0052,0.0142,0,0.0006,0.9259,-0.3777,0,-0.0151,0.3776,0.9258,0,0,0.0527,0,1]},
{"frame":24,"values":[1,0,0,0,0,0.9259,-0.3777,0,0,0.3777,0.9259,0,0,0.0527,0,1]},
{"frame":40,"values":[1,0,0,0,0,0.9259,-0.3777,0,0,0.3777,0.9259,0,0,0.0527,0,1]},
{"frame":51,"values":[1,0,0,0,0,0.9259,-0.3777,0,0,0.3777,0.9259,0,0,0.0527,0,1]},
{"frame":52,"values":[0.9999,-0.0044,-0.0122,0,-0.0005,0.9259,-0.3777,0,0.0129,0.3776,0.9259,0,0,0.0527,0,1]},
{"frame":53,"values":[0.9989,-0.0159,-0.0435,0,-0.0017,0.926,-0.3776,0,0.0463,0.3773,0.9249,0,0,0.0527,0,1]},
{"frame":54,"values":[0.9958,-0.0315,-0.0863,0,-0.0034,0.926,-0.3775,0,0.0918,0.3762,0.922,0,0,0.0527,0,1]},
{"frame":55,"values":[0.99,-0.0485,-0.1327,0,-0.0052,0.9261,-0.3773,0,0.1412,0.3742,0.9165,0,0,0.0527,0,1]},
{"frame":56,"values":[0.9825,-0.064,-0.175,0,-0.0069,0.9262,-0.3771,0,0.1862,0.3717,0.9095,0,0,0.0527,0,1]},
{"frame":57,"values":[0.9757,-0.0752,-0.2058,0,-0.0081,0.9262,-0.3768,0,0.2189,0.3693,0.9031,0,0,0.0527,0,1]},
{"frame":58,"values":[0.9727,-0.0796,-0.2179,0,-0.0086,0.9263,-0.3767,0,0.2318,0.3683,0.9003,0,0,0.0527,0,1]},
{"frame":59,"values":[0.9781,-0.0714,-0.1953,0,-0.0077,0.9262,-0.3769,0,0.2078,0.3702,0.9054,0,0,0.0527,0,1]},
{"frame":60,"values":[0.9897,-0.0491,-0.1343,0,-0.0053,0.9261,-0.3773,0,0.1429,0.3741,0.9163,0,0,0.0527,0,1]},
{"frame":61,"values":[0.9988,-0.0169,-0.0461,0,-0.0018,0.926,-0.3776,0,0.0491,0.3773,0.9248,0,0,0.0527,0,1]},
{"frame":62,"values":[0.9982,0.0204,0.0559,0,0.0022,0.926,-0.3776,0,-0.0595,0.3771,0.9243,0,0,0.0527,0,1]},
{"frame":63,"values":[0.9859,0.0575,0.1573,0,0.0062,0.9261,-0.3772,0,-0.1674,0.3728,0.9127,0,0,0.0527,0,1]},
{"frame":64,"values":[0.9657,0.0891,0.2438,0,0.0096,0.9264,-0.3765,0,-0.2594,0.3659,0.8938,0,0,0.0527,0,1]},
{"frame":65,"values":[0.9465,0.1108,0.3032,0,0.0119,0.9266,-0.3758,0,-0.3225,0.3593,0.8757,0,0,0.0527,0,1]},
{"frame":66,"values":[0.9381,0.1189,0.3252,0,0.0128,0.9267,-0.3755,0,-0.346,0.3565,0.8679,0,0,0.0527,0,1]},
{"frame":67,"values":[0.9433,0.114,0.3118,0,0.0122,0.9267,-0.3757,0,-0.3318,0.3582,0.8727,0,0,0.0527,0,1]},
{"frame":68,"values":[0.9558,0.1009,0.2761,0,0.0108,0.9265,-0.3761,0,-0.2938,0.3625,0.8845,0,0,0.0527,0,1]},
{"frame":69,"values":[0.9709,0.0822,0.2248,0,0.0088,0.9263,-0.3767,0,-0.2392,0.3677,0.8987,0,0,0.0527,0,1]},
{"frame":70,"values":[0.9844,0.0603,0.165,0,0.0065,0.9261,-0.3771,0,-0.1756,0.3723,0.9113,0,0,0.0527,0,1]},
{"frame":71,"values":[0.9938,0.0382,0.1046,0,0.0041,0.926,-0.3775,0,-0.1113,0.3755,0.9201,0,0,0.0527,0,1]},
{"frame":72,"values":[0.9985,0.0189,0.0516,0,0.002,0.926,-0.3776,0,-0.0549,0.3772,0.9245,0,0,0.0527,0,1]},
{"frame":73,"values":[0.9999,0.0052,0.0142,0,0.0006,0.9259,-0.3777,0,-0.0151,0.3776,0.9258,0,0,0.0527,0,1]},
{"frame":74,"values":[1,0,0,0,0,0.9259,-0.3777,0,0,0.3777,0.9259,0,0,0.0527,0,1]}]}},
{"name":"jaw","index":19,"matrix":[1,0,0,0,0,-0.4419,0.8971,0,0,-0.8971,-0.4419,0,0,-0.0312,0.035,1],"rest":[1,0,0,0,0,-0.4419,0.8971,0,0,-0.8971,-0.4419,0,0,-0.0312,0.035,1],"parentBoneIndex":18,"length":0.0575
,"animation":{"name":"anim","property":"_matrix","dataType":3,"framePerSecond":24,"loopBehavior":1,"keys":[
{"frame":1,"values":[1,0,0,0,0,-0.4419,0.8971,0,0,-0.8971,-0.4419,0,0,-0.0312,0.035,1]},
{"frame":40,"values":[1,0,0,0,0,-0.4419,0.8971,0,0,-0.8971,-0.4419,0,0,-0.0312,0.035,1]},
{"frame":51,"values":[1,0,0,0,0,-0.4419,0.8971,0,0,-0.8971,-0.4419,0,0,-0.0312,0.035,1]},
{"frame":74,"values":[1,0,0,0,0,-0.4419,0.8971,0,0,-0.8971,-0.4419,0,0,-0.0312,0.035,1]}]}},
{"name":"RightShoulder","index":20,"matrix":[-0.1813,0.9123,-0.3671,0,-0.9813,-0.1923,0.0068,0,-0.0643,0.3615,0.9302,0,-0.0233,0.1497,0.0357,1],"rest":[-0.1813,0.9123,-0.3671,0,-0.9813,-0.1923,0.0068,0,-0.0643,0.3615,0.9302,0,-0.0233,0.1497,0.0357,1],"parentBoneIndex":8,"length":0.169
,"animation":{"name":"anim","property":"_matrix","dataType":3,"framePerSecond":24,"loopBehavior":1,"keys":[
{"frame":1,"values":[-0.1813,0.9123,-0.3671,0,-0.9813,-0.1923,0.0068,0,-0.0643,0.3615,0.9302,0,-0.0233,0.1497,0.0357,1]},
{"frame":40,"values":[-0.1813,0.9123,-0.3671,0,-0.9813,-0.1923,0.0068,0,-0.0643,0.3615,0.9302,0,-0.0233,0.1497,0.0357,1]},
{"frame":51,"values":[-0.1813,0.9123,-0.3671,0,-0.9813,-0.1923,0.0068,0,-0.0643,0.3615,0.9302,0,-0.0233,0.1497,0.0357,1]},
{"frame":74,"values":[-0.1813,0.9123,-0.3671,0,-0.9813,-0.1923,0.0068,0,-0.0643,0.3615,0.9302,0,-0.0233,0.1497,0.0357,1]}]}},
{"name":"RightArm","index":21,"matrix":[0.4991,0.8538,0.1478,0,-0.8318,0.5199,-0.1946,0,-0.243,-0.0258,0.9697,0,0,0.169,0,1],"rest":[0.7856,0.6181,0.0259,0,-0.618,0.786,-0.0128,0,-0.0282,-0.006,0.9996,0,0,0.169,0,1],"parentBoneIndex":20,"length":0.2651
,"animation":{"name":"anim","property":"_matrix","dataType":3,"framePerSecond":24,"loopBehavior":1,"keys":[
{"frame":1,"values":[0.5508,0.8205,0.153,0,-0.7545,0.5678,-0.3292,0,-0.3569,0.0659,0.9318,0,0,0.169,0,1]},
{"frame":2,"values":[0.5506,0.8207,0.1529,0,-0.7549,0.5676,-0.3286,0,-0.3565,0.0655,0.932,0,0,0.169,0,1]},
{"frame":3,"values":[0.5498,0.8212,0.1528,0,-0.7561,0.567,-0.3269,0,-0.3551,0.0642,0.9326,0,0,0.169,0,1]},
{"frame":4,"values":[0.5486,0.822,0.1526,0,-0.7579,0.566,-0.3242,0,-0.3529,0.0622,0.9336,0,0,0.169,0,1]},
{"frame":5,"values":[0.547,0.8231,0.1524,0,-0.7605,0.5647,-0.3206,0,-0.3499,0.0595,0.9349,0,0,0.169,0,1]},
{"frame":6,"values":[0.545,0.8245,0.1521,0,-0.7636,0.5631,-0.3161,0,-0.3463,0.0561,0.9365,0,0,0.169,0,1]},
{"frame":7,"values":[0.5427,0.8261,0.1517,0,-0.7672,0.5611,-0.3108,0,-0.3419,0.0523,0.9383,0,0,0.169,0,1]},
{"frame":8,"values":[0.5401,0.8279,0.1513,0,-0.7712,0.5588,-0.3048,0,-0.3369,0.0479,0.9403,0,0,0.169,0,1]},
{"frame":9,"values":[0.5372,0.8298,0.1508,0,-0.7757,0.5563,-0.2981,0,-0.3313,0.0431,0.9426,0,0,0.169,0,1]},
{"frame":10,"values":[0.5343,0.8318,0.1505,0,-0.7803,0.5538,-0.2907,0,-0.3252,0.0379,0.9449,0,0,0.169,0,1]},
