{"producer":{"name":"Blender","version":"2.93.0 Beta","exporter_version":"2.93.0","file":"demo02.babylon"},
"autoClear":true,"clearColor":[0.0509,0.0509,0.0509],"gravity":[0,-9.81,0],
"materials":[{"name":"skin","id":"skin","customType":"BABYLON.StandardMaterial","emissive":[0,0,0],"specular":[0,0,0],"specularPower":64,"alpha":1,"indexOfRefraction":0.6897, 
"diffuseTexture":{"name":"uni1228_Euro_Male_diff.png","level":1,"hasAlpha":true,"coordinatesMode":0,"uOffset":0,"vOffset":0,"uScale":1,"vScale":1,"uAng":0,"vAng":0,"wAng":0,"wrapU":1,"wrapV":1,"coordinatesIndex":0}},
{"name":":Low-poly:Eye_brown","id":":Low-poly:Eye_brown","customType":"BABYLON.StandardMaterial","emissive":[0,0,0],"specular":[0.5,0.5,0.5],"specularPower":64,"alpha":1,"indexOfRefraction":0.6897, 
"diffuseTexture":{"name":"teeth3 copy.jpg","level":1,"hasAlpha":false,"coordinatesMode":0,"uOffset":0,"vOffset":0,"uScale":1,"vScale":1,"uAng":0,"vAng":0,"wAng":0,"wrapU":1,"wrapV":1,"coordinatesIndex":0}},
{"name":"pirate","id":"pirate","customType":"BABYLON.StandardMaterial","emissive":[0,0,0],"specular":[0,0,0],"specularPower":0,"alpha":1,"indexOfRefraction":0.6897, 
"diffuseTexture":{"name":"my_16x16gradient.png","level":1,"hasAlpha":true,"coordinatesMode":0,"uOffset":0,"vOffset":0,"uScale":1,"vScale":1,"uAng":0,"vAng":0,"wAng":0,"wrapU":1,"wrapV":1,"coordinatesIndex":0}},
{"name":"boots","id":"boots","customType":"BABYLON.StandardMaterial","diffuse":[0,0,0],"emissive":[0,0,0],"specular":[0.0545,0.0545,0.0545],"specularPower":64,"alpha":1,"indexOfRefraction":0.6897},
{"name":"eye_teeth","id":"eye_teeth","customType":"BABYLON.StandardMaterial","emissive":[0,0,0],"specular":[0.5,0.5,0.5],"specularPower":64,"alpha":1,"indexOfRefraction":0.6897, 
"diffuseTexture":{"name":"teeth3 copy.jpg","level":1,"hasAlpha":false,"coordinatesMode":0,"uOffset":0,"vOffset":0,"uScale":1,"vScale":1,"uAng":0,"vAng":0,"wAng":0,"wrapU":1,"wrapV":1,"coordinatesIndex":0}}],
"skeletons":[{"name":"Pirate_base01a","id":0,"dimensionsAtRest":[1.0704,1.7756,0.8588],"bones":[
{"name":"Hips","index":0,"matrix":[1,0,0,0,0,0.9402,0.3406,0,0,0.3406,-0.9402,0,0,0.8731,-0.0038,1],"rest":[1,0,0,0,0,0.9402,0.3406,0,0,0.3406,-0.9402,0,0,0.9656,-0.0038,1],"parentBoneIndex":-1,"length":0.0947
,"animation":{"name":"anim","property":"_matrix","dataType":3,"framePerSecond":24,"loopBehavior":1,"keys":[
{"frame":1,"values":[1,0,0,0,0,0.9402,0.3406,0,0,0.3406,-0.9402,0,0,0.9656,-0.0038,1]},
{"frame":2,"values":[1,0,0,0,0,0.9402,0.3406,0,0,0.3406,-0.9402,0,0,0.9645,-0.0038,1]},
{"frame":3,"values":[1,0,0,0,0,0.9402,0.3406,0,0,0.3406,-0.9402,0,0,0.9612,-0.0038,1]},
{"frame":4,"values":[1,0,0,0,0,0.9402,0.3406,0,0,0.3406,-0.9402,0,0,0.956,-0.0038,1]},
{"frame":5,"values":[1,0,0,0,0,0.9402,0.3406,0,0,0.3406,-0.9402,0,0,0.9494,-0.0038,1]},
{"frame":6,"values":[1,0,0,0,0,0.9402,0.3406,0,0,0.3406,-0.9402,0,0,0.9417,-0.0038,1]},
{"frame":7,"values":[1,0,0,0,0,0.9402,0.3406,0,0,0.3406,-0.9402,0,0,0.9331,-0.0038,1]},
{"frame":8,"values":[1,0,0,0,0,0.9402,0.3406,0,0,0.3406,-0.9402,0,0,0.924,-0.0038,1]},
{"frame":9,"values":[1,0,0,0,0,0.9402,0.3406,0,0,0.3406,-0.9402,0,0,0.9148,-0.0038,1]},
{"frame":10,"values":[1,0,0,0,0,0.9402,0.3406,0,0,0.3406,-0.9402,0,0,0.9057,-0.0038,1]},
{"frame":11,"values":[1,0,0,0,0,0.9402,0.3406,0,0,0.3406,-0.9402,0,0,0.8971,-0.0038,1]},
{"frame":12,"values":[1,0,0,0,0,0.9402,0.3406,0,0,0.3406,-0.9402,0,0,0.8894,-0.0038,1]},
{"frame":13,"values":[1,0,0,0,0,0.9402,0.3406,0,0,0.3406,-0.9402,0,0,0.8827,-0.0038,1]},
{"frame":14,"values":[1,0,0,0,0,0.9402,0.3406,0,0,0.3406,-0.9402,0,0,0.8776,-0.0038,1]},
{"frame":15,"values":[1,0,0,0,0,0.9402,0.3406,0,0,0.3406,-0.9402,0,0,0.8743,-0.0038,1]},
{"frame":16,"values":[1,0,0,0,0,0.9402,0.3406,0,0,0.3406,-0.9402,0,0,0.8731,-0.0038,1]},
{"frame":17,"values":[1,0,0,0,0,0.9402,0.3406,0,0,0.3406,-0.9402,0,0,0.8771,-0.0038,1]},
{"frame":18,"values":[1,0,0,0,0,0.9402,0.3406,0,0,0.3406,-0.9402,0,0,0.8876,-0.0038,1]},
{"frame":19,"values":[1,0,0,0,0,0.9402,0.3406,0,0,0.3406,-0.9402,0,0,0.9024,-0.0038,1]},
{"frame":20,"values":[1,0,0,0,0,0.9402,0.3406,0,0,0.3406,-0.9402,0,0,0.9194,-0.0038,1]},
{"frame":21,"values":[1,0,0,0,0,0.9402,0.3406,0,0,0.3406,-0.9402,0,0,0.9364,-0.0038,1]},
{"frame":22,"values":[1,0,0,0,0,0.9402,0.3406,0,0,0.3406,-0.9402,0,0,0.9512,-0.0038,1]},
{"frame":23,"values":[1,0,0,0,0,0.9402,0.3406,0,0,0.3406,-0.9402,0,0,0.9617,-0.0038,1]},
{"frame":24,"values":[1,0,0,0,0,0.9402,0.3406,0,0,0.3406,-0.9402,0,0,0.9656,-0.0038,1]},
{"frame":31,"values":[1,0,0,0,0,0.9402,0.3406,0,0,0.3406,-0.9402,0,0,0.9656,-0.0038,1]},
{"frame":32,"values":[1,0,0,0,0,0.9402,0.3406,0,0,0.3406,-0.9402,0,0,0.9645,-0.0038,1]},
{"frame":33,"values":[1,0,0,0,0,0.9402,0.3406,0,0,0.3406,-0.9402,0,0,0.9612,-0.0038,1]},
{"frame":34,"values":[1,0,0,0,0,0.9402,0.3406,0,0,0.3406,-0.9402,0,0,0.956,-0.0038,1]},
{"frame":35,"values":[1,0,0,0,0,0.9402,0.3406,0,0,0.3406,-0.9402,0,0,0.9494,-0.0038,1]},
{"frame":36,"values":[1,0,0,0,0,0.9402,0.3406,0,0,0.3406,-0.9402,0,0,0.9417,-0.0038,1]},
{"frame":37,"values":[1,0,0,0,0,0.9402,0.3406,0,0,0.3406,-0.9402,0,0,0.9331,-0.0038,1]},
{"frame":38,"values":[1,0,0,0,0,0.9402,0.3406,0,0,0.3406,-0.9402,0,0,0.924,-0.0038,1]},
{"frame":39,"values":[1,0,0,0,0,0.9402,0.3406,0,0,0.3406,-0.9402,0,0,0.9148,-0.0038,1]},
{"frame":40,"values":[1,0,0,0,0,0.9402,0.3406,0,0,0.3406,-0.9402,0,0,0.9057,-0.0038,1]},
{"frame":41,"values":[1,0,0,0,0,0.9402,0.3406,0,0,0.3406,-0.9402,0,0,0.8971,-0.0038,1]},
{"frame":42,"values":[1,0,0,0,0,0.9402,0.3406,0,0,0.3406,-0.9402,0,0,0.8894,-0.0038,1]},
{"frame":43,"values":[1,0,0,0,0,0.9402,0.3406,0,0,0.3406,-0.9402,0,0,0.8827,-0.0038,1]},
{"frame":44,"values":[1,0,0,0,0,0.9402,0.3406,0,0,0.3406,-0.9402,0,0,0.8776,-0.0038,1]},
{"frame":45,"values":[1,0,0,0,0,0.9402,0.3406,0,0,0.3406,-0.9402,0,0,0.8743,-0.0038,1]},
{"frame":46,"values":[1,0,0,0,0,0.9402,0.3406,0,0,0.3406,-0.9402,0,0,0.8731,-0.0038,1]},
{"frame":47,"values":[1,0,0,0,0,0.9402,0.3406,0,0,0.3406,-0.9402,0,0,0.8771,-0.0038,1]},
{"frame":48,"values":[1,0,0,0,0,0.9402,0.3406,0,0,0.3406,-0.9402,0,0,0.8876,-0.0038,1]},
{"frame":49,"values":[1,0,0,0,0,0.9402,0.3406,0,0,0.3406,-0.9402,0,0,0.9024,-0.0038,1]},
{"frame":50,"values":[1,0,0,0,0,0.9402,0.3406,0,0,0.3406,-0.9402,0,0,0.9194,-0.0038,1]},
{"frame":51,"values":[1,0,0,0,0,0.9402,0.3406,0,0,0.3406,-0.9402,0,0,0.9364,-0.0038,1]},
{"frame":52,"values":[1,0,0,0,0,0.9402,0.3406,0,0,0.3406,-0.9402,0,0,0.9512,-0.0038,1]},
{"frame":53,"values":[1,0,0,0,0,0.9402,0.3406,0,0,0.3406,-0.9402,0,0,0.9617,-0.0038,1]},
{"frame":54,"values":[1,0,0,0,0,0.9402,0.3406,0,0,0.3406,-0.9402,0,0,0.9656,-0.0038,1]}]}},
{"name":"LeftUpLeg","index":1,"matrix":[0.9942,0.0796,0.0718,0,0.0957,-0.9608,-0.2603,0,0.0482,0.2657,-0.9629,0,0.1104,-0.0006,-0.0114,1],"rest":[0.9942,0.0796,0.0718,0,0.0957,-0.9608,-0.2603,0,0.0482,0.2657,-0.9629,0,0.1104,-0.0006,-0.0114,1],"parentBoneIndex":0,"length":0.4485
,"animation":{"name":"anim","property":"_matrix","dataType":3,"framePerSecond":24,"loopBehavior":1,"keys":[
{"frame":1,"values":[0.9942,0.0796,0.0718,0,0.0957,-0.9608,-0.2603,0,0.0482,0.2657,-0.9629,0,0.1104,-0.0006,-0.0114,1]},
{"frame":24,"values":[0.9942,0.0796,0.0718,0,0.0957,-0.9608,-0.2603,0,0.0482,0.2657,-0.9629,0,0.1104,-0.0006,-0.0114,1]},
{"frame":31,"values":[0.9942,0.0796,0.0718,0,0.0957,-0.9608,-0.2603,0,0.0482,0.2657,-0.9629,0,0.1104,-0.0006,-0.0114,1]},
{"frame":54,"values":[0.9942,0.0796,0.0718,0,0.0957,-0.9608,-0.2603,0,0.0482,0.2657,-0.9629,0,0.1104,-0.0006,-0.0114,1]}]}},
{"name":"LeftLeg","index":2,"matrix":[0.9998,-0.0097,0.0175,0,0.0075,0.9924,0.1227,0,-0.0186,-0.1225,0.9923,0,0,0.4485,0,1],"rest":[0.9998,-0.0097,0.0175,0,0.0075,0.9924,0.1227,0,-0.0186,-0.1225,0.9923,0,0,0.4485,0,1],"parentBoneIndex":1,"length":0.4458
,"animation":{"name":"anim","property":"_matrix","dataType":3,"framePerSecond":24,"loopBehavior":1,"keys":[
{"frame":1,"values":[0.9998,-0.0097,0.0175,0,0.0075,0.9924,0.1227,0,-0.0186,-0.1225,0.9923,0,0,0.4485,0,1]},
{"frame":24,"values":[0.9998,-0.0097,0.0175,0,0.0075,0.9924,0.1227,0,-0.0186,-0.1225,0.9923,0,0,0.4485,0,1]},
{"frame":31,"values":[0.9998,-0.0097,0.0175,0,0.0075,0.9924,0.1227,0,-0.0186,-0.1225,0.9923,0,0,0.4485,0,1]},
{"frame":54,"values":[0.9998,-0.0097,0.0175,0,0.0075,0.9924,0.1227,0,-0.0186,-0.1225,0.9923,0,0,0.4485,0,1]}]}},
{"name":"LeftFoot","index":3,"matrix":[0.9963,-0.0239,0.0829,0,0.0862,0.2757,-0.9574,0,0,0.9609,0.2767,0,0,0.4458,0,1],"rest":[0.9963,-0.0239,0.0829,0,0.0862,0.2757,-0.9574,0,0,0.9609,0.2767,0,0,0.4458,0,1],"parentBoneIndex":2,"length":0.1538
,"animation":{"name":"anim","property":"_matrix","dataType":3,"framePerSecond":24,"loopBehavior":1,"keys":[
{"frame":1,"values":[0.9963,-0.0239,0.0829,0,0.0862,0.2757,-0.9574,0,0,0.9609,0.2767,0,0,0.4458,0,1]},
{"frame":24,"values":[0.9963,-0.0239,0.0829,0,0.0862,0.2757,-0.9574,0,0,0.9609,0.2767,0,0,0.4458,0,1]},
{"frame":31,"values":[0.9963,-0.0239,0.0829,0,0.0862,0.2757,-0.9574,0,0,0.9609,0.2767,0,0,0.4458,0,1]},
{"frame":54,"values":[0.9963,-0.0239,0.0829,0,0.0862,0.2757,-0.9574,0,0,0.9609,0.2767,0,0,0.4458,0,1]}]}},
{"name":"LeftToeBase","index":4,"matrix":[0.9986,0.0523,-0.005,0,-0.0522,0.9773,-0.2052,0,-0.0058,0.2051,0.9787,0,0,0.1538,0,1],"rest":[0.9986,0.0523,-0.005,0,-0.0522,0.9773,-0.2052,0,-0.0058,0.2051,0.9787,0,0,0.1538,0,1],"parentBoneIndex":3,"length":0.0213
,"animation":{"name":"anim","property":"_matrix","dataType":3,"framePerSecond":24,"loopBehavior":1,"keys":[
{"frame":1,"values":[0.9986,0.0523,-0.005,0,-0.0522,0.9773,-0.2052,0,-0.0058,0.2051,0.9787,0,0,0.1538,0,1]},
{"frame":24,"values":[0.9986,0.0523,-0.005,0,-0.0522,0.9773,-0.2052,0,-0.0058,0.2051,0.9787,0,0,0.1538,0,1]},
{"frame":31,"values":[0.9986,0.0523,-0.005,0,-0.0522,0.9773,-0.2052,0,-0.0058,0.2051,0.9787,0,0,0.1538,0,1]},
{"frame":54,"values":[0.9986,0.0523,-0.005,0,-0.0522,0.9773,-0.2052,0,-0.0058,0.2051,0.9787,0,0,0.1538,0,1]}]}},
{"name":"LowerBack","index":5,"matrix":[1,0,0,0,0,0.9363,0.3512,0,0,-0.3512,0.9363,0,0,0.0947,0,1],"rest":[1,0,0,0,0,0.9363,0.3512,0,0,-0.3512,0.9363,0,0,0.0947,0,1],"parentBoneIndex":0,"length":0.1368
,"animation":{"name":"anim","property":"_matrix","dataType":3,"framePerSecond":24,"loopBehavior":1,"keys":[
{"frame":1,"values":[1,0,0,0,0,0.9363,0.3512,0,0,-0.3512,0.9363,0,0,0.0947,0,1]},
{"frame":24,"values":[1,0,0,0,0,0.9363,0.3512,0,0,-0.3512,0.9363,0,0,0.0947,0,1]},
{"frame":31,"values":[1,0,0,0,0,0.9363,0.3512,0,0,-0.3512,0.9363,0,0,0.0947,0,1]},
{"frame":54,"values":[1,0,0,0,0,0.9363,0.3512,0,0,-0.3512,0.9363,0,0,0.0947,0,1]}]}},
{"name":"Spine","index":6,"matrix":[1,0,0,0,0,0.9731,0.2303,0,0,-0.2303,0.9731,0,0,0.1368,0,1],"rest":[1,0,0,0,0,0.9837,-0.1797,0,0,0.1797,0.9837,0,0,0.1368,0,1],"parentBoneIndex":5,"length":0.1443
,"animation":{"name":"anim","property":"_matrix","dataType":3,"framePerSecond":24,"loopBehavior":1,"keys":[
{"frame":1,"values":[1,0,0,0,0,0.9837,-0.1797,0,0,0.1797,0.9837,0,0,0.1368,0,1]},
{"frame":2,"values":[1,0,0,0,0,0.9847,-0.1745,0,0,0.1745,0.9847,0,0,0.1368,0,1]},
{"frame":3,"values":[1,0,0,0,0,0.9871,-0.16,0,0,0.16,0.9871,0,0,0.1368,0,1]},
{"frame":4,"values":[1,0,0,0,0,0.9905,-0.1375,0,0,0.1375,0.9905,0,0,0.1368,0,1]},
{"frame":5,"values":[1,0,0,0,0,0.9941,-0.1083,0,0,0.1083,0.9941,0,0,0.1368,0,1]},
{"frame":6,"values":[1,0,0,0,0,0.9973,-0.0738,0,0,0.0738,0.9973,0,0,0.1368,0,1]},
{"frame":7,"values":[1,0,0,0,0,0.9994,-0.0354,0,0,0.0354,0.9994,0,0,0.1368,0,1]},
{"frame":8,"values":[1,0,0,0,0,1,0.0052,0,0,-0.0052,1,0,0,0.1368,0,1]},
{"frame":9,"values":[1,0,0,0,0,0.9989,0.0466,0,0,-0.0466,0.9989,0,0,0.1368,0,1]},
{"frame":10,"values":[1,0,0,0,0,0.9962,0.0871,0,0,-0.0871,0.9962,0,0,0.1368,0,1]},
{"frame":11,"values":[1,0,0,0,0,0.9921,0.1253,0,0,-0.1253,0.9921,0,0,0.1368,0,1]},
{"frame":12,"values":[1,0,0,0,0,0.9872,0.1596,0,0,-0.1596,0.9872,0,0,0.1368,0,1]},
{"frame":13,"values":[1,0,0,0,0,0.9821,0.1885,0,0,-0.1885,0.9821,0,0,0.1368,0,1]},
{"frame":14,"values":[1,0,0,0,0,0.9775,0.2109,0,0,-0.2109,0.9775,0,0,0.1368,0,1]},
{"frame":15,"values":[1,0,0,0,0,0.9743,0.2252,0,0,-0.2252,0.9743,0,0,0.1368,0,1]},
{"frame":16,"values":[1,0,0,0,0,0.9731,0.2303,0,0,-0.2303,0.9731,0,0,0.1368,0,1]},
{"frame":17,"values":[1,0,0,0,0,0.977,0.2131,0,0,-0.2131,0.977,0,0,0.1368,0,1]},
{"frame":18,"values":[1,0,0,0,0,0.9859,0.1673,0,0,-0.1673,0.9859,0,0,0.1368,0,1]},
{"frame":19,"values":[1,0,0,0,0,0.9948,0.1018,0,0,-0.1018,0.9948,0,0,0.1368,0,1]},
{"frame":20,"values":[1,0,0,0,0,0.9997,0.0259,0,0,-0.0259,0.9997,0,0,0.1368,0,1]},
{"frame":21,"values":[1,0,0,0,0,0.9987,-0.0502,0,0,0.0502,0.9987,0,0,0.1368,0,1]},
{"frame":22,"values":[1,0,0,0,0,0.9932,-0.1161,0,0,0.1161,0.9932,0,0,0.1368,0,1]},
{"frame":23,"values":[1,0,0,0,0,0.9867,-0.1623,0,0,0.1623,0.9867,0,0,0.1368,0,1]},
{"frame":24,"values":[1,0,0,0,0,0.9837,-0.1797,0,0,0.1797,0.9837,0,0,0.1368,0,1]},
{"frame":31,"values":[1,0,0,0,0,0.9837,-0.1797,0,0,0.1797,0.9837,0,0,0.1368,0,1]},
{"frame":32,"values":[1,0,0,0,0,0.9847,-0.1745,0,0,0.1745,0.9847,0,0,0.1368,0,1]},
{"frame":33,"values":[1,0,0,0,0,0.9871,-0.16,0,0,0.16,0.9871,0,0,0.1368,0,1]},
{"frame":34,"values":[1,0,0,0,0,0.9905,-0.1375,0,0,0.1375,0.9905,0,0,0.1368,0,1]},
{"frame":35,"values":[1,0,0,0,0,0.9941,-0.1083,0,0,0.1083,0.9941,0,0,0.1368,0,1]},
{"frame":36,"values":[1,0,0,0,0,0.9973,-0.0738,0,0,0.0738,0.9973,0,0,0.1368,0,1]},
{"frame":37,"values":[1,0,0,0,0,0.9994,-0.0354,0,0,0.0354,0.9994,0,0,0.1368,0,1]},
{"frame":38,"values":[1,0,0,0,0,1,0.0052,0,0,-0.0052,1,0,0,0.1368,0,1]},
{"frame":39,"values":[1,0,0,0,0,0.9989,0.0466,0,0,-0.0466,0.9989,0,0,0.1368,0,1]},
{"frame":40,"values":[1,0,0,0,0,0.9962,0.0871,0,0,-0.0871,0.9962,0,0,0.1368,0,1]},
{"frame":41,"values":[1,0,0,0,0,0.9921,0.1253,0,0,-0.1253,0.9921,0,0,0.1368,0,1]},
{"frame":42,"values":[1,0,0,0,0,0.9872,0.1596,0,0,-0.1596,0.9872,0,0,0.1368,0,1]},
{"frame":43,"values":[1,0,0,0,0,0.9821,0.1885,0,0,-0.1885,0.9821,0,0,0.1368,0,1]},
{"frame":44,"values":[1,0,0,0,0,0.9775,0.2109,0,0,-0.2109,0.9775,0,0,0.1368,0,1]},
{"frame":45,"values":[1,0,0,0,0,0.9743,0.2252,0,0,-0.2252,0.9743,0,0,0.1368,0,1]},
{"frame":46,"values":[1,0,0,0,0,0.9731,0.2303,0,0,-0.2303,0.9731,0,0,0.1368,0,1]},
{"frame":47,"values":[1,0,0,0,0,0.977,0.2131,0,0,-0.2131,0.977,0,0,0.1368,0,1]},
{"frame":48,"values":[1,0,0,0,0,0.9859,0.1673,0,0,-0.1673,0.9859,0,0,0.1368,0,1]},
{"frame":49,"values":[1,0,0,0,0,0.9948,0.1018,0,0,-0.1018,0.9948,0,0,0.1368,0,1]},
{"frame":50,"values":[1,0,0,0,0,0.9997,0.0259,0,0,-0.0259,0.9997,0,0,0.1368,0,1]},
{"frame":51,"values":[1,0,0,0,0,0.9987,-0.0502,0,0,0.0502,0.9987,0,0,0.1368,0,1]},
{"frame":52,"values":[1,0,0,0,0,0.9932,-0.1161,0,0,0.1161,0.9932,0,0,0.1368,0,1]},
{"frame":53,"values":[1,0,0,0,0,0.9867,-0.1623,0,0,0.1623,0.9867,0,0,0.1368,0,1]},
{"frame":54,"values":[1,0,0,0,0,0.9837,-0.1797,0,0,0.1797,0.9837,0,0,0.1368,0,1]}]}},
{"name":"Spine1","index":7,"matrix":[1,0,0,0,0,0.894,0.448,0,0,-0.448,0.894,0,0,0.1443,0,1],"rest":[1,0,0,0,0,0.894,0.448,0,0,-0.448,0.894,0,0,0.1443,0,1],"parentBoneIndex":6,"length":0.2174
,"animation":{"name":"anim","property":"_matrix","dataType":3,"framePerSecond":24,"loopBehavior":1,"keys":[
{"frame":1,"values":[1,0,0,0,0,0.894,0.448,0,0,-0.448,0.894,0,0,0.1443,0,1]},
{"frame":24,"values":[1,0,0,0,0,0.894,0.448,0,0,-0.448,0.894,0,0,0.1443,0,1]},
{"frame":31,"values":[1,0,0,0,0,0.894,0.448,0,0,-0.448,0.894,0,0,0.1443,0,1]},
{"frame":54,"values":[1,0,0,0,0,0.894,0.448,0,0,-0.448,0.894,0,0,0.1443,0,1]}]}},
{"name":"LeftShoulder","index":8,"matrix":[-0.1813,-0.9123,0.3671,0,0.9813,-0.1923,0.0068,0,0.0643,0.3615,0.9302,0,0.0233,0.1497,0.0357,1],"rest":[-0.1813,-0.9123,0.3671,0,0.9813,-0.1923,0.0068,0,0.0643,0.3615,0.9302,0,0.0233,0.1497,0.0357,1],"parentBoneIndex":7,"length":0.169
,"animation":{"name":"anim","property":"_matrix","dataType":3,"framePerSecond":24,"loopBehavior":1,"keys":[
{"frame":1,"values":[-0.1813,-0.9123,0.3671,0,0.9813,-0.1923,0.0068,0,0.0643,0.3615,0.9302,0,0.0233,0.1497,0.0357,1]},
{"frame":24,"values":[-0.1813,-0.9123,0.3671,0,0.9813,-0.1923,0.0068,0,0.0643,0.3615,0.9302,0,0.0233,0.1497,0.0357,1]},
{"frame":31,"values":[-0.1813,-0.9123,0.3671,0,0.9813,-0.1923,0.0068,0,0.0643,0.3615,0.9302,0,0.0233,0.1497,0.0357,1]},
{"frame":54,"values":[-0.1813,-0.9123,0.3671,0,0.9813,-0.1923,0.0068,0,0.0643,0.3615,0.9302,0,0.0233,0.1497,0.0357,1]}]}},
{"name":"LeftArm","index":9,"matrix":[0.2825,-0.9517,0.1204,0,0.705,0.2911,0.6468,0,-0.6506,-0.0978,0.7531,0,0,0.169,0,1],"rest":[0.7856,-0.6181,-0.0259,0,0.618,0.786,-0.0128,0,0.0282,-0.006,0.9996,0,0,0.169,0,1],"parentBoneIndex":8,"length":0.2651
,"animation":{"name":"anim","property":"_matrix","dataType":3,"framePerSecond":24,"loopBehavior":1,"keys":[
{"frame":1,"values":[0.3782,-0.9257,-0.006,0,0.924,0.3778,-0.0594,0,0.0573,0.0169,0.9982,0,0,0.169,0,1]},
{"frame":2,"values":[0.3776,-0.9259,-0.004,0,0.9247,0.3773,-0.0499,0,0.0478,0.0151,0.9987,0,0,0.169,0,1]},
{"frame":3,"values":[0.376,-0.9266,0.0015,0,0.9264,0.3759,-0.0232,0,0.021,0.0101,0.9997,0,0,0.169,0,1]},
{"frame":4,"values":[0.3733,-0.9277,0.01,0,0.9275,0.3734,0.0184,0,-0.0208,0.0024,0.9998,0,0,0.169,0,1]},
{"frame":5,"values":[0.3691,-0.9292,0.0208,0,0.9264,0.3696,0.0724,0,-0.0749,-0.0074,0.9972,0,0,0.169,0,1]},
{"frame":6,"values":[0.3635,-0.931,0.0333,0,0.9212,0.3645,0.136,0,-0.1387,-0.0188,0.9902,0,0,0.169,0,1]},
{"frame":7,"values":[0.3562,-0.9332,0.0467,0,0.9107,0.358,0.2062,0,-0.2091,-0.0309,0.9774,0,0,0.169,0,1]},
{"frame":8,"values":[0.3475,-0.9357,0.0603,0,0.894,0.3501,0.2796,0,-0.2827,-0.0433,0.9582,0,0,0.169,0,1]},
{"frame":9,"values":[0.3376,-0.9384,0.0734,0,0.8713,0.3411,0.3528,0,-0.3561,-0.0552,0.9328,0,0,0.169,0,1]},
{"frame":10,"values":[0.3269,-0.9412,0.0854,0,0.8436,0.3314,0.4226,0,-0.4261,-0.0661,0.9023,0,0,0.169,0,1]},
{"frame":11,"values":[0.316,-0.9439,0.0959,0,0.8126,0.3215,0.4861,0,-0.4896,-0.0756,0.8686,0,0,0.169,0,1]},
{"frame":12,"values":[0.3056,-0.9464,0.1047,0,0.781,0.3121,0.5409,0,-0.5446,-0.0836,0.8345,0,0,0.169,0,1]},
{"frame":13,"values":[0.2964,-0.9485,0.1115,0,0.7516,0.3037,0.5856,0,-0.5893,-0.0897,0.8029,0,0,0.169,0,1]},
{"frame":14,"values":[0.289,-0.9502,0.1164,0,0.7273,0.297,0.6188,0,-0.6225,-0.0942,0.7769,0,0,0.169,0,1]},
{"frame":15,"values":[0.2842,-0.9513,0.1194,0,0.7109,0.2926,0.6395,0,-0.6433,-0.0969,0.7594,0,0,0.169,0,1]},
{"frame":16,"values":[0.2825,-0.9517,0.1204,0,0.705,0.2911,0.6468,0,-0.6506,-0.0978,0.7531,0,0,0.169,0,1]},
{"frame":17,"values":[0.2883,-0.9504,0.1169,0,0.7247,0.2963,0.6221,0,-0.6258,-0.0946,0.7742,0,0,0.169,0,1]},
{"frame":18,"values":[0.3032,-0.947,0.1066,0,0.7733,0.3098,0.5531,0,-0.5568,-0.0853,0.8263,0,0,0.169,0,1]},
{"frame":19,"values":[0.3228,-0.9422,0.0896,0,0.8322,0.3277,0.4473,0,-0.4508,-0.0699,0.8899,0,0,0.169,0,1]},
{"frame":20,"values":[0.3427,-0.9371,0.0669,0,0.8834,0.3457,0.3165,0,-0.3197,-0.0493,0.9462,0,0,0.169,0,1]},
{"frame":21,"values":[0.3591,-0.9324,0.0416,0,0.9153,0.3606,0.1793,0,-0.1822,-0.0263,0.9829,0,0,0.169,0,1]},
{"frame":22,"values":[0.3703,-0.9287,0.0179,0,0.927,0.3707,0.0578,0,-0.0604,-0.0048,0.9982,0,0,0.169,0,1]},
{"frame":23,"values":[0.3763,-0.9265,0.0006,0,0.9262,0.3761,-0.0274,0,0.0252,0.0109,0.9996,0,0,0.169,0,1]},
{"frame":24,"values":[0.3782,-0.9257,-0.006,0,0.924,0.3778,-0.0594,0,0.0573,0.0169,0.9982,0,0,0.169,0,1]},
{"frame":31,"values":[0.3782,-0.9257,-0.006,0,0.924,0.3778,-0.0594,0,0.0573,0.0169,0.9982,0,0,0.169,0,1]},
{"frame":32,"values":[0.3776,-0.9259,-0.004,0,0.9247,0.3773,-0.0499,0,0.0478,0.0151,0.9987,0,0,0.169,0,1]},
{"frame":33,"values":[0.376,-0.9266,0.0015,0,0.9264,0.3759,-0.0232,0,0.021,0.0101,0.9997,0,0,0.169,0,1]},
{"frame":34,"values":[0.3733,-0.9277,0.01,0,0.9275,0.3734,0.0184,0,-0.0208,0.0024,0.9998,0,0,0.169,0,1]},
{"frame":35,"values":[0.3691,-0.9292,0.0208,0,0.9264,0.3696,0.0724,0,-0.0749,-0.0074,0.9972,0,0,0.169,0,1]},
{"frame":36,"values":[0.3635,-0.931,0.0333,0,0.9212,0.3645,0.136,0,-0.1387,-0.0188,0.9902,0,0,0.169,0,1]},
{"frame":37,"values":[0.3562,-0.9332,0.0467,0,0.9107,0.358,0.2062,0,-0.2091,-0.0309,0.9774,0,0,0.169,0,1]},
{"frame":38,"values":[0.3475,-0.9357,0.0603,0,0.894,0.3501,0.2796,0,-0.2827,-0.0433,0.9582,0,0,0.169,0,1]},
{"frame":39,"values":[0.3376,-0.9384,0.0734,0,0.8713,0.3411,0.3528,0,-0.3561,-0.0552,0.9328,0,0,0.169,0,1]},
{"frame":40,"values":[0.3269,-0.9412,0.0854,0,0.8436,0.3314,0.4226,0,-0.4261,-0.0661,0.9023,0,0,0.169,0,1]},
{"frame":41,"values":[0.316,-0.9439,0.0959,0,0.8126,0.3215,0.4861,0,-0.4896,-0.0756,0.8686,0,0,0.169,0,1]},
{"frame":42,"values":[0.3056,-0.9464,0.1047,0,0.781,0.3121,0.5409,0,-0.5446,-0.0836,0.8345,0,0,0.169,0,1]},
{"frame":43,"values":[0.2964,-0.9485,0.1115,0,0.7516,0.3037,0.5856,0,-0.5893,-0.0897,0.8029,0,0,0.169,0,1]},
{"frame":44,"values":[0.289,-0.9502,0.1164,0,0.7273,0.297,0.6188,0,-0.6225,-0.0942,0.7769,0,0,0.169,0,1]},
{"frame":45,"values":[0.2842,-0.9513,0.1194,0,0.7109,0.2926,0.6395,0,-0.6433,-0.0969,0.7594,0,0,0.169,0,1]},
{"frame":46,"values":[0.2825,-0.9517,0.1204,0,0.705,0.2911,0.6468,0,-0.6506,-0.0978,0.7531,0,0,0.169,0,1]},
{"frame":47,"values":[0.2883,-0.9504,0.1169,0,0.7247,0.2963,0.6221,0,-0.6258,-0.0946,0.7742,0,0,0.169,0,1]},
{"frame":48,"values":[0.3032,-0.947,0.1066,0,0.7733,0.3098,0.5531,0,-0.5568,-0.0853,0.8263,0,0,0.169,0,1]},
{"frame":49,"values":[0.3228,-0.9422,0.0896,0,0.8322,0.3277,0.4473,0,-0.4508,-0.0699,0.8899,0,0,0.169,0,1]},
{"frame":50,"values":[0.3427,-0.9371,0.0669,0,0.8834,0.3457,0.3165,0,-0.3197,-0.0493,0.9462,0,0,0.169,0,1]},
{"frame":51,"values":[0.3591,-0.9324,0.0416,0,0.9153,0.3606,0.1793,0,-0.1822,-0.0263,0.9829,0,0,0.169,0,1]},
{"frame":52,"values":[0.3703,-0.9287,0.0179,0,0.927,0.3707,0.0578,0,-0.0604,-0.0048,0.9982,0,0,0.169,0,1]},
{"frame":53,"values":[0.3763,-0.9265,0.0006,0,0.9262,0.3761,-0.0274,0,0.0252,0.0109,0.9996,0,0,0.169,0,1]},
{"frame":54,"values":[0.3782,-0.9257,-0.006,0,0.924,0.3778,-0.0594,0,0.0573,0.0169,0.9982,0,0,0.169,0,1]}]}},
{"name":"LeftForeArm","index":10,"matrix":[0.9904,-0.0204,-0.1367,0,0.0465,0.9806,0.1904,0,0.1301,-0.195,0.9721,0,0,0.2651,0,1],"rest":[0.9999,0.0125,-0.0008,0,-0.0081,0.6948,0.7192,0,0.0096,-0.7191,0.6948,0,0,0.2651,0,1],"parentBoneIndex":9,"length":0.2733
,"animation":{"name":"anim","property":"_matrix","dataType":3,"framePerSecond":24,"loopBehavior":1,"keys":[
{"frame":1,"values":[0.9904,-0.0204,-0.1367,0,0.0465,0.9806,0.1904,0,0.1301,-0.195,0.9721,0,0,0.2651,0,1]},
{"frame":24,"values":[0.9904,-0.0204,-0.1367,0,0.0465,0.9806,0.1904,0,0.1301,-0.195,0.9721,0,0,0.2651,0,1]},
{"frame":31,"values":[0.9904,-0.0204,-0.1367,0,0.0465,0.9806,0.1904,0,0.1301,-0.195,0.9721,0,0,0.2651,0,1]},
{"frame":54,"values":[0.9904,-0.0204,-0.1367,0,0.0465,0.9806,0.1904,0,0.1301,-0.195,0.9721,0,0,0.2651,0,1]}]}},
{"name":"LeftHand","index":11,"matrix":[0.9928,-0.1147,-0.0343,0,0.1189,0.9784,0.1689,0,0.0142,-0.1718,0.985,0,0,0.2733,0,1],"rest":[0.9928,-0.1147,-0.0343,0,0.1189,0.9784,0.1689,0,0.0142,-0.1718,0.985,0,0,0.2733,0,1],"parentBoneIndex":10,"length":0.0367
,"animation":{"name":"anim","property":"_matrix","dataType":3,"framePerSecond":24,"loopBehavior":1,"keys":[
{"frame":1,"values":[0.9928,-0.1147,-0.0343,0,0.1189,0.9784,0.1689,0,0.0142,-0.1718,0.985,0,0,0.2733,0,1]},
{"frame":24,"values":[0.9928,-0.1147,-0.0343,0,0.1189,0.9784,0.1689,0,0.0142,-0.1718,0.985,0,0,0.2733,0,1]},
{"frame":31,"values":[0.9928,-0.1147,-0.0343,0,0.1189,0.9784,0.1689,0,0.0142,-0.1718,0.985,0,0,0.2733,0,1]},
{"frame":54,"values":[0.9928,-0.1147,-0.0343,0,0.1189,0.9784,0.1689,0,0.0142,-0.1718,0.985,0,0,0.2733,0,1]}]}},
{"name":"LThumb","index":12,"matrix":[-0.5939,0.8039,0.0316,0,0.6637,0.4674,0.584,0,0.4547,0.3679,-0.8111,0,0.0015,0.0448,0.0229,1],"rest":[-0.5939,0.8039,0.0316,0,0.6637,0.4674,0.584,0,0.4547,0.3679,-0.8111,0,0.0015,0.0448,0.0229,1],"parentBoneIndex":11,"length":0.0344
,"animation":{"name":"anim","property":"_matrix","dataType":3,"framePerSecond":24,"loopBehavior":1,"keys":[
{"frame":1,"values":[-0.5939,0.8039,0.0316,0,0.6637,0.4674,0.584,0,0.4547,0.3679,-0.8111,0,0.0015,0.0448,0.0229,1]},
{"frame":24,"values":[-0.5939,0.8039,0.0316,0,0.6637,0.4674,0.584,0,0.4547,0.3679,-0.8111,0,0.0015,0.0448,0.0229,1]},
{"frame":31,"values":[-0.5939,0.8039,0.0316,0,0.6637,0.4674,0.584,0,0.4547,0.3679,-0.8111,0,0.0015,0.0448,0.0229,1]},
{"frame":54,"values":[-0.5939,0.8039,0.0316,0,0.6637,0.4674,0.584,0,0.4547,0.3679,-0.8111,0,0.0015,0.0448,0.0229,1]}]}},
{"name":"LeftFingerBase","index":13,"matrix":[-0.2638,0.1973,-0.9442,0,-0.018,0.9777,0.2093,0,0.9644,0.0722,-0.2544,0,0,0.0367,0,1],"rest":[-0.2638,0.1973,-0.9442,0,-0.018,0.9777,0.2093,0,0.9644,0.0722,-0.2544,0,0,0.0367,0,1],"parentBoneIndex":11,"length":0.0831
,"animation":{"name":"anim","property":"_matrix","dataType":3,"framePerSecond":24,"loopBehavior":1,"keys":[
{"frame":1,"values":[-0.2638,0.1973,-0.9442,0,-0.018,0.9777,0.2093,0,0.9644,0.0722,-0.2544,0,0,0.0367,0,1]},
{"frame":24,"values":[-0.2638,0.1973,-0.9442,0,-0.018,0.9777,0.2093,0,0.9644,0.0722,-0.2544,0,0,0.0367,0,1]},
{"frame":31,"values":[-0.2638,0.1973,-0.9442,0,-0.018,0.9777,0.2093,0,0.9644,0.0722,-0.2544,0,0,0.0367,0,1]},
{"frame":54,"values":[-0.2638,0.1973,-0.9442,0,-0.018,0.9777,0.2093,0,0.9644,0.0722,-0.2544,0,0,0.0367,0,1]}]}},
{"name":"LeftHandFinger1","index":14,"matrix":[0.8,-0.0122,0.5999,0,-0.5691,0.3014,0.765,0,-0.1902,-0.9534,0.2341,0,0,0.0831,0,1],"rest":[0.9952,-0.0976,-0.0038,0,0.0951,0.959,0.2669,0,-0.0224,-0.266,0.9637,0,0,0.0831,0,1],"parentBoneIndex":13,"length":0.029
,"animation":{"name":"anim","property":"_matrix","dataType":3,"framePerSecond":24,"loopBehavior":1,"keys":[
{"frame":1,"values":[0.8,-0.0122,0.5999,0,-0.5691,0.3014,0.765,0,-0.1902,-0.9534,0.2341,0,0,0.0831,0,1]},
{"frame":24,"values":[0.8,-0.0122,0.5999,0,-0.5691,0.3014,0.765,0,-0.1902,-0.9534,0.2341,0,0,0.0831,0,1]},
{"frame":31,"values":[0.8,-0.0122,0.5999,0,-0.5691,0.3014,0.765,0,-0.1902,-0.9534,0.2341,0,0,0.0831,0,1]},
{"frame":54,"values":[0.8,-0.0122,0.5999,0,-0.5691,0.3014,0.765,0,-0.1902,-0.9534,0.2341,0,0,0.0831,0,1]}]}},
{"name":"Neck","index":15,"matrix":[1,0,0,0,0,0.9985,0.0551,0,0,-0.0551,0.9985,0,0,0.2174,0,1],"rest":[1,0,0,0,0,0.9985,0.0551,0,0,-0.0551,0.9985,0,0,0.2174,0,1],"parentBoneIndex":7,"length":0.0528
,"animation":{"name":"anim","property":"_matrix","dataType":3,"framePerSecond":24,"loopBehavior":1,"keys":[
{"frame":1,"values":[1,0,0,0,0,0.9985,0.0551,0,0,-0.0551,0.9985,0,0,0.2174,0,1]},
{"frame":24,"values":[1,0,0,0,0,0.9985,0.0551,0,0,-0.0551,0.9985,0,0,0.2174,0,1]},
{"frame":31,"values":[1,0,0,0,0,0.9985,0.0551,0,0,-0.0551,0.9985,0,0,0.2174,0,1]},
{"frame":54,"values":[1,0,0,0,0,0.9985,0.0551,0,0,-0.0551,0.9985,0,0,0.2174,0,1]}]}},
{"name":"Neck1","index":16,"matrix":[1,0,0,0,0,0.9848,-0.1737,0,0,0.1737,0.9848,0,0,0.0528,0,1],"rest":[1,0,0,0,0,1,0,0,0,0,1,0,0,0.0528,0,1],"parentBoneIndex":15,"length":0.0527
,"animation":{"name":"anim","property":"_matrix","dataType":3,"framePerSecond":24,"loopBehavior":1,"keys":[
{"frame":1,"values":[1,0,0,0,0,1,0,0,0,0,1,0,0,0.0528,0,1]},
{"frame":2,"values":[1,0,0,0,0,1,-0.0022,0,0,0.0022,1,0,0,0.0528,0,1]},
{"frame":3,"values":[1,0,0,0,0,1,-0.0085,0,0,0.0085,1,0,0,0.0528,0,1]},
{"frame":4,"values":[1,0,0,0,0,0.9998,-0.0181,0,0,0.0181,0.9998,0,0,0.0528,0,1]},
{"frame":5,"values":[1,0,0,0,0,0.9995,-0.0306,0,0,0.0306,0.9995,0,0,0.0528,0,1]},
{"frame":6,"values":[1,0,0,0,0,0.999,-0.0452,0,0,0.0452,0.999,0,0,0.0528,0,1]},
{"frame":7,"values":[1,0,0,0,0,0.9981,-0.0614,0,0,0.0614,0.9981,0,0,0.0528,0,1]},
{"frame":8,"values":[1,0,0,0,0,0.9969,-0.0785,0,0,0.0785,0.9969,0,0,0.0528,0,1]},
{"frame":9,"values":[1,0,0,0,0,0.9954,-0.0959,0,0,0.0959,0.9954,0,0,0.0528,0,1]},
{"frame":10,"values":[1,0,0,0,0,0.9936,-0.1129,0,0,0.1129,0.9936,0,0,0.0528,0,1]},
{"frame":11,"values":[1,0,0,0,0,0.9916,-0.129,0,0,0.129,0.9916,0,0,0.0528,0,1]},
{"frame":12,"values":[1,0,0,0,0,0.9896,-0.1435,0,0,0.1435,0.9896,0,0,0.0528,0,1]},
{"frame":13,"values":[1,0,0,0,0,0.9878,-0.1558,0,0,0.1558,0.9878,0,0,0.0528,0,1]},
{"frame":14,"values":[1,0,0,0,0,0.9862,-0.1654,0,0,0.1654,0.9862,0,0,0.0528,0,1]},
{"frame":15,"values":[1,0,0,0,0,0.9852,-0.1715,0,0,0.1715,0.9852,0,0,0.0528,0,1]},
{"frame":16,"values":[1,0,0,0,0,0.9848,-0.1737,0,0,0.1737,0.9848,0,0,0.0528,0,1]},
{"frame":17,"values":[1,0,0,0,0,0.9861,-0.1663,0,0,0.1663,0.9861,0,0,0.0528,0,1]},
{"frame":18,"values":[1,0,0,0,0,0.9892,-0.1468,0,0,0.1468,0.9892,0,0,0.0528,0,1]},
{"frame":19,"values":[1,0,0,0,0,0.9929,-0.1191,0,0,0.1191,0.9929,0,0,0.0528,0,1]},
{"frame":20,"values":[1,0,0,0,0,0.9962,-0.0872,0,0,0.0872,0.9962,0,0,0.0528,0,1]},
{"frame":21,"values":[1,0,0,0,0,0.9985,-0.0552,0,0,0.0552,0.9985,0,0,0.0528,0,1]},
{"frame":22,"values":[1,0,0,0,0,0.9996,-0.0273,0,0,0.0273,0.9996,0,0,0.0528,0,1]},
{"frame":23,"values":[1,0,0,0,0,1,-0.0075,0,0,0.0075,1,0,0,0.0528,0,1]},
{"frame":24,"values":[1,0,0,0,0,1,0,0,0,0,1,0,0,0.0528,0,1]},
{"frame":31,"values":[1,0,0,0,0,1,0,0,0,0,1,0,0,0.0528,0,1]},
{"frame":32,"values":[1,0,0,0,0,1,-0.0022,0,0,0.0022,1,0,0,0.0528,0,1]},
{"frame":33,"values":[1,0,0,0,0,1,-0.0085,0,0,0.0085,1,0,0,0.0528,0,1]},
{"frame":34,"values":[1,0,0,0,0,0.9998,-0.0181,0,0,0.0181,0.9998,0,0,0.0528,0,1]},
{"frame":35,"values":[1,0,0,0,0,0.9995,-0.0306,0,0,0.0306,0.9995,0,0,0.0528,0,1]},
{"frame":36,"values":[1,0,0,0,0,0.999,-0.0452,0,0,0.0452,0.999,0,0,0.0528,0,1]},
{"frame":37,"values":[1,0,0,0,0,0.9981,-0.0614,0,0,0.0614,0.9981,0,0,0.0528,0,1]},
{"frame":38,"values":[1,0,0,0,0,0.9969,-0.0785,0,0,0.0785,0.9969,0,0,0.0528,0,1]},
{"frame":39,"values":[1,0,0,0,0,0.9954,-0.0959,0,0,0.0959,0.9954,0,0,0.0528,0,1]},
{"frame":40,"values":[1,0,0,0,0,0.9936,-0.1129,0,0,0.1129,0.9936,0,0,0.0528,0,1]},
{"frame":41,"values":[1,0,0,0,0,0.9916,-0.129,0,0,0.129,0.9916,0,0,0.0528,0,1]},
{"frame":42,"values":[1,0,0,0,0,0.9896,-0.1435,0,0,0.1435,0.9896,0,0,0.0528,0,1]},
{"frame":43,"values":[1,0,0,0,0,0.9878,-0.1558,0,0,0.1558,0.9878,0,0,0.0528,0,1]},
{"frame":44,"values":[1,0,0,0,0,0.9862,-0.1654,0,0,0.1654,0.9862,0,0,0.0528,0,1]},
{"frame":45,"values":[1,0,0,0,0,0.9852,-0.1715,0,0,0.1715,0.9852,0,0,0.0528,0,1]},
{"frame":46,"values":[1,0,0,0,0,0.9848,-0.1737,0,0,0.1737,0.9848,0,0,0.0528,0,1]},
{"frame":47,"values":[1,0,0,0,0,0.9861,-0.1663,0,0,0.1663,0.9861,0,0,0.0528,0,1]},
{"frame":48,"values":[1,0,0,0,0,0.9892,-0.1468,0,0,0.1468,0.9892,0,0,0.0528,0,1]},
{"frame":49,"values":[1,0,0,0,0,0.9929,-0.1191,0,0,0.1191,0.9929,0,0,0.0528,0,1]},
{"frame":50,"values":[1,0,0,0,0,0.9962,-0.0872,0,0,0.0872,0.9962,0,0,0.0528,0,1]},
{"frame":51,"values":[1,0,0,0,0,0.9985,-0.0552,0,0,0.0552,0.9985,0,0,0.0528,0,1]},
{"frame":52,"values":[1,0,0,0,0,0.9996,-0.0273,0,0,0.0273,0.9996,0,0,0.0528,0,1]},
{"frame":53,"values":[1,0,0,0,0,1,-0.0075,0,0,0.0075,1,0,0,0.0528,0,1]},
{"frame":54,"values":[1,0,0,0,0,1,0,0,0,0,1,0,0,0.0528,0,1]}]}},
{"name":"Head","index":17,"matrix":[1,0,0,0,0,0.9259,-0.3777,0,0,0.3777,0.9259,0,0,0.0527,0,1],"rest":[1,0,0,0,0,0.9259,-0.3777,0,0,0.3777,0.9259,0,0,0.0527,0,1],"parentBoneIndex":16,"length":0.159
,"animation":{"name":"anim","property":"_matrix","dataType":3,"framePerSecond":24,"loopBehavior":1,"keys":[
{"frame":1,"values":[1,0,0,0,0,0.9259,-0.3777,0,0,0.3777,0.9259,0,0,0.0527,0,1]},
{"frame":24,"values":[1,0,0,0,0,0.9259,-0.3777,0,0,0.3777,0.9259,0,0,0.0527,0,1]},
{"frame":31,"values":[1,0,0,0,0,0.9259,-0.3777,0,0,0.3777,0.9259,0,0,0.0527,0,1]},
{"frame":54,"values":[1,0,0,0,0,0.9259,-0.3777,0,0,0.3777,0.9259,0,0,0.0527,0,1]}]}},
{"name":"jaw","index":18,"matrix":[1,0,0,0,0,-0.4419,0.8971,0,0,-0.8971,-0.4419,0,0,-0.0312,0.035,1],"rest":[1,0,0,0,0,-0.4419,0.8971,0,0,-0.8971,-0.4419,0,0,-0.0312,0.035,1],"parentBoneIndex":17,"length":0.0575
,"animation":{"name":"anim","property":"_matrix","dataType":3,"framePerSecond":24,"loopBehavior":1,"keys":[
{"frame":1,"values":[1,0,0,0,0,-0.4419,0.8971,0,0,-0.8971,-0.4419,0,0,-0.0312,0.035,1]},
{"frame":24,"values":[1,0,0,0,0,-0.4419,0.8971,0,0,-0.8971,-0.4419,0,0,-0.0312,0.035,1]},
{"frame":31,"values":[1,0,0,0,0,-0.4419,0.8971,0,0,-0.8971,-0.4419,0,0,-0.0312,0.035,1]},
{"frame":54,"values":[1,0,0,0,0,-0.4419,0.8971,0,0,-0.8971,-0.4419,0,0,-0.0312,0.035,1]}]}},
{"name":"RightShoulder","index":19,"matrix":[-0.1813,0.9123,-0.3671,0,-0.9813,-0.1923,0.0068,0,-0.0643,0.3615,0.9302,0,-0.0233,0.1497,0.0357,1],"rest":[-0.1813,0.9123,-0.3671,0,-0.9813,-0.1923,0.0068,0,-0.0643,0.3615,0.9302,0,-0.0233,0.1497,0.0357,1],"parentBoneIndex":7,"length":0.169
,"animation":{"name":"anim","property":"_matrix","dataType":3,"framePerSecond":24,"loopBehavior":1,"keys":[
{"frame":1,"values":[-0.1813,0.9123,-0.3671,0,-0.9813,-0.1923,0.0068,0,-0.0643,0.3615,0.9302,0,-0.0233,0.1497,0.0357,1]},
{"frame":24,"values":[-0.1813,0.9123,-0.3671,0,-0.9813,-0.1923,0.0068,0,-0.0643,0.3615,0.9302,0,-0.0233,0.1497,0.0357,1]},
{"frame":31,"values":[-0.1813,0.9123,-0.3671,0,-0.9813,-0.1923,0.0068,0,-0.0643,0.3615,0.9302,0,-0.0233,0.1497,0.0357,1]},
{"frame":54,"values":[-0.1813,0.9123,-0.3671,0,-0.9813,-0.1923,0.0068,0,-0.0643,0.3615,0.9302,0,-0.0233,0.1497,0.0357,1]}]}},
{"name":"RightArm","index":20,"matrix":[0.654,0.7455,0.1282,0,-0.6117,0.6209,-0.4901,0,-0.445,0.2422,0.8622,0,0,0.169,0,1],"rest":[0.7856,0.6181,0.0259,0,-0.618,0.786,-0.0128,0,-0.0282,-0.006,0.9996,0,0,0.169,0,1],"parentBoneIndex":19,"length":0.2651
,"animation":{"name":"anim","property":"_matrix","dataType":3,"framePerSecond":24,"loopBehavior":1,"keys":[
{"frame":1,"values":[0.5302,0.8393,0.1204,0,-0.79,0.5406,-0.2893,0,-0.3079,0.0582,0.9496,0,0,0.169,0,1]},
{"frame":2,"values":[0.5321,0.838,0.1208,0,-0.7876,0.5423,-0.2926,0,-0.3108,0.0605,0.9486,0,0,0.169,0,1]},
{"frame":3,"values":[0.5372,0.8346,0.122,0,-0.781,0.5468,-0.3017,0,-0.3185,0.0668,0.9456,0,0,0.169,0,1]},
{"frame":4,"values":[0.545,0.8292,0.1237,0,-0.7709,0.5537,-0.3149,0,-0.3296,0.0763,0.941,0,0,0.169,0,1]},
{"frame":5,"values":[0.5548,0.8224,0.1258,0,-0.7581,0.562,-0.3308,0,-0.3428,0.0882,0.9353,0,0,0.169,0,1]},
{"frame":6,"values":[0.5658,0.8146,0.1277,0,-0.7434,0.571,-0.3484,0,-0.3567,0.1022,0.9286,0,0,0.169,0,1]},
{"frame":7,"values":[0.5779,0.8057,0.1299,0,-0.727,0.5806,-0.3666,0,-0.3707,0.1174,0.9213,0,0,0.169,0,1]},
{"frame":8,"values":[0.5904,0.7963,0.1317,0,-0.7098,0.5899,-0.385,0,-0.3843,0.1339,0.9135,0,0,0.169,0,1]},
{"frame":9,"values":[0.6027,0.7868,0.1327,0,-0.6922,0.5983,-0.4035,0,-0.3969,0.1513,0.9053,0,0,0.169,0,1]},
{"frame":10,"values":[0.6145,0.7776,0.1332,0,-0.6749,0.6056,-0.4216,0,-0.4085,0.1692,0.897,0,0,0.169,0,1]},
{"frame":11,"values":[0.6254,0.7689,0.133,0,-0.6584,0.6114,-0.4389,0,-0.4188,0.1869,0.8886,0,0,0.169,0,1]},
{"frame":12,"values":[0.6349,0.7613,0.132,0,-0.6435,0.6155,-0.455,0,-0.4276,0.2039,0.8807,0,0,0.169,0,1]},
{"frame":13,"values":[0.6428,0.7548,0.1307,0,-0.6307,0.6183,-0.469,0,-0.4348,0.219,0.8735,0,0,0.169,0,1]},
{"frame":14,"values":[0.6488,0.7499,0.1295,0,-0.6206,0.6199,-0.4801,0,-0.4403,0.2312,0.8676,0,0,0.169,0,1]},
{"frame":15,"values":[0.6527,0.7467,0.1285,0,-0.6141,0.6207,-0.4875,0,-0.4438,0.2392,0.8636,0,0,0.169,0,1]},
{"frame":16,"values":[0.654,0.7455,0.1282,0,-0.6117,0.6209,-0.4901,0,-0.445,0.2422,0.8622,0,0,0.169,0,1]},
{"frame":17,"values":[0.6494,0.7494,0.1293,0,-0.6196,0.62,-0.4813,0,-0.4409,0.2324,0.867,0,0,0.169,0,1]},
{"frame":18,"values":[0.637,0.7596,0.1316,0,-0.6401,0.6163,-0.4587,0,-0.4295,0.2079,0.8788,0,0,0.169,0,1]},
{"frame":19,"values":[0.6188,0.7742,0.1332,0,-0.6686,0.608,-0.4282,0,-0.4125,0.1759,0.8938,0,0,0.169,0,1]},
{"frame":20,"values":[0.5966,0.7916,0.1323,0,-0.701,0.5942,-0.3943,0,-0.3907,0.1425,0.9094,0,0,0.169,0,1]},
{"frame":21,"values":[0.5733,0.8091,0.129,0,-0.7333,0.5769,-0.3597,0,-0.3655,0.1116,0.9241,0,0,0.169,0,1]},
{"frame":22,"values":[0.5522,0.8243,0.1252,0,-0.7615,0.5598,-0.3267,0,-0.3394,0.085,0.9368,0,0,0.169,0,1]},
{"frame":23,"values":[0.5364,0.8351,0.1218,0,-0.782,0.5461,-0.3003,0,-0.3173,0.0658,0.946,0,0,0.169,0,1]},
{"frame":24,"values":[0.5302,0.8393,0.1204,0,-0.79,0.5406,-0.2893,0,-0.3079,0.0582,0.9496,0,0,0.169,0,1]},
{"frame":31,"values":[0.5302,0.8393,0.1204,0,-0.79,0.5406,-0.2893,0,-0.3079,0.0582,0.9496,0,0,0.169,0,1]},
{"frame":32,"values":[0.5321,0.838,0.1208,0,-0.7876,0.5423,-0.2926,0,-0.3108,0.0605,0.9486,0,0,0.169,0,1]},
{"frame":33,"values":[0.5372,0.8346,0.122,0,-0.781,0.5468,-0.3017,0,-0.3185,0.0668,0.9456,0,0,0.169,0,1]},
{"frame":34,"values":[0.545,0.8292,0.1237,0,-0.7709,0.5537,-0.3149,0,-0.3296,0.0763,0.941,0,0,0.169,0,1]},
{"frame":35,"values":[0.5548,0.8224,0.1258,0,-0.7581,0.562,-0.3308,0,-0.3428,0.0882,0.9353,0,0,0.169,0,1]},
{"frame":36,"values":[0.5658,0.8146,0.1277,0,-0.7434,0.571,-0.3484,0,-0.3567,0.1022,0.9286,0,0,0.169,0,1]},
{"frame":37,"values":[0.5779,0.8057,0.1299,0,-0.727,0.5806,-0.3666,0,-0.3707,0.1174,0.9213,0,0,0.169,0,1]},
{"frame":38,"values":[0.5904,0.7963,0.1317,0,-0.7098,0.5899,-0.385,0,-0.3843,0.1339,0.9135,0,0,0.169,0,1]},
{"frame":39,"values":[0.6027,0.7868,0.1327,0,-0.6922,0.5983,-0.4035,0,-0.3969,0.1513,0.9053,0,0,0.169,0,1]},
{"frame":40,"values":[0.6145,0.7776,0.1332,0,-0.6749,0.6056,-0.4216,0,-0.4085,0.1692,0.897,0,0,0.169,0,1]},
{"frame":41,"values":[0.6254,0.7689,0.133,0,-0.6584,0.6114,-0.4389,0,-0.4188,0.1869,0.8886,0,0,0.169,0,1]},
{"frame":42,"values":[0.6349,0.7613,0.132,0,-0.6435,0.6155,-0.455,0,-0.4276,0.2039,0.8807,0,0,0.169,0,1]},
{"frame":43,"values":[0.6428,0.7548,0.1307,0,-0.6307,0.6183,-0.469,0,-0.4348,0.219,0.8735,0,0,0.169,0,1]},
{"frame":44,"values":[0.6488,0.7499,0.1295,0,-0.6206,0.6199,-0.4801,0,-0.4403,0.2312,0.8676,0,0,0.169,0,1]},
{"frame":45,"values":[0.6527,0.7467,0.1285,0,-0.6141,0.6207,-0.4875,0,-0.4438,0.2392,0.8636,0,0,0.169,0,1]},
{"frame":46,"values":[0.654,0.7455,0.1282,0,-0.6117,0.6209,-0.4901,0,-0.445,0.2422,0.8622,0,0,0.169,0,1]},
{"frame":47,"values":[0.6494,0.7494,0.1293,0,-0.6196,0.62,-0.4813,0,-0.4409,0.2324,0.867,0,0,0.169,0,1]},
{"frame":48,"values":[0.637,0.7596,0.1316,0,-0.6401,0.6163,-0.4587,0,-0.4295,0.2079,0.8788,0,0,0.169,0,1]},
{"frame":49,"values":[0.6188,0.7742,0.1332,0,-0.6686,0.608,-0.4282,0,-0.4125,0.1759,0.8938,0,0,0.169,0,1]},
{"frame":50,"values":[0.5966,0.7916,0.1323,0,-0.701,0.5942,-0.3943,0,-0.3907,0.1425,0.9094,0,0,0.169,0,1]},
{"frame":51,"values":[0.5733,0.8091,0.129,0,-0.7333,0.5769,-0.3597,0,-0.3655,0.1116,0.9241,0,0,0.169,0,1]},
{"frame":52,"values":[0.5522,0.8243,0.1252,0,-0.7615,0.5598,-0.3267,0,-0.3394,0.085,0.9368,0,0,0.169,0,1]},
{"frame":53,"values":[0.5364,0.8351,0.1218,0,-0.782,0.5461,-0.3003,0,-0.3173,0.0658,0.946,0,0,0.169,0,1]},
{"frame":54,"values":[0.5302,0.8393,0.1204,0,-0.79,0.5406,-0.2893,0,-0.3079,0.0582,0.9496,0,0,0.169,0,1]}]}},
{"name":"RightForeArm","index":21,"matrix":[0.9849,0.0662,0.1602,0,-0.1489,-0.1504,0.9773,0,0.0888,-0.9864,-0.1383,0,0,0.2651,0,1],"rest":[0.9999,-0.0125,0.0008,0,0.0081,0.6948,0.7192,0,-0.0096,-0.7191,0.6948,0,0,0.2651,0,1],"parentBoneIndex":20,"length":0.2733
,"animation":{"name":"anim","property":"_matrix","dataType":3,"framePerSecond":24,"loopBehavior":1,"keys":[
{"frame":1,"values":[0.9827,0.1064,0.1516,0,-0.1847,0.6202,0.7624,0,-0.0129,-0.7772,0.6291,0,0,0.2651,0,1]},
{"frame":2,"values":[0.9825,0.1068,0.1524,0,-0.1858,0.6096,0.7706,0,-0.0106,-0.7855,0.6188,0,0,0.2651,0,1]},
{"frame":3,"values":[0.9821,0.1076,0.1547,0,-0.1884,0.5799,0.7926,0,-0.0044,-0.8076,0.5898,0,0,0.2651,0,1]},
{"frame":4,"values":[0.9815,0.1084,0.158,0,-0.1915,0.5341,0.8234,0,0.0049,-0.8384,0.545,0,0,0.2651,0,1]},
{"frame":5,"values":[0.9808,0.1085,0.1618,0,-0.1941,0.4754,0.8581,0,0.0162,-0.873,0.4874,0,0,0.2651,0,1]},
{"frame":6,"values":[0.9803,0.1072,0.1656,0,-0.1953,0.4071,0.8923,0,0.0283,-0.9071,0.42,0,0,0.2651,0,1]},
{"frame":7,"values":[0.98,0.1053,0.169,0,-0.1949,0.3323,0.9228,0,0.041,-0.9373,0.3462,0,0,0.2651,0,1]},
{"frame":8,"values":[0.9799,0.1022,0.1716,0,-0.1925,0.2545,0.9477,0,0.0532,-0.9617,0.269,0,0,0.2651,0,1]},
