{"producer":{"name":"Blender","version":"2.93.4","exporter_version":"2.93.4","file":"un_rigged02a.babylon"},
"autoClear":true,"clearColor":[0.0509,0.0509,0.0509],"gravity":[0,-9.81,0],
"materials":[{"name":"Material","id":"Material","customType":"BABYLON.PBRMaterial","albedo":[0.8,0.8,0.8],"emissive":[0,0,0],"reflectivity":[0.5,0.5,0.5],"roughness":0.4,"alpha":1,"transparencyMode":0,"alphaCutOff":0.4,"metallic":0},
{"name":"Wolf3D_Hair","id":"Wolf3D_Hair","customType":"BABYLON.PBRMaterial","emissive":[0,0,0],"reflectivity":[0.5,0.5,0.5],"roughness":0.7828,"alpha":1,"transparencyMode":0,"alphaCutOff":0.4,"metallic":0, 
"albedoTexture":{"name":"hair_color.jpg","level":1,"hasAlpha":false,"coordinatesMode":0,"uOffset":0,"vOffset":0,"uScale":1,"vScale":1,"uAng":0,"vAng":0,"wAng":0,"wrapU":1,"wrapV":1,"coordinatesIndex":0},"useAlphaFromAlbedoTexture":false, 
"bumpTexture":{"name":"hair-70-N.png","level":1,"hasAlpha":true,"coordinatesMode":0,"uOffset":0,"vOffset":0,"uScale":1,"vScale":1,"uAng":0,"vAng":0,"wAng":0,"wrapU":1,"wrapV":1,"coordinatesIndex":0}},
{"name":"Wolf3D_Outfit_Bottom","id":"Wolf3D_Outfit_Bottom","customType":"BABYLON.PBRMaterial","emissive":[0,0,0],"reflectivity":[0.5,0.5,0.5],"roughness":1,"alpha":1,"transparencyMode":0,"alphaCutOff":0.4,"metallic":1, 
"albedoTexture":{"name":"outfit-classic-01-v2-f-bottom-D.jpg","level":1,"hasAlpha":false,"coordinatesMode":0,"uOffset":0,"vOffset":0,"uScale":1,"vScale":1,"uAng":0,"vAng":0,"wAng":0,"wrapU":1,"wrapV":1,"coordinatesIndex":0},"useAlphaFromAlbedoTexture":false, 
"bumpTexture":{"name":"outfit-classic-01-v2-f-bottom-N.jpg","level":1,"hasAlpha":false,"coordinatesMode":0,"uOffset":0,"vOffset":0,"uScale":1,"vScale":1,"uAng":0,"vAng":0,"wAng":0,"wrapU":1,"wrapV":1,"coordinatesIndex":0}, 
"metallicTexture":{"name":"outfit-classic-01-v2-f-bottom-M-outfit-classic-01-v2-f-bottom-R.png","level":1,"hasAlpha":true,"coordinatesMode":0,"uOffset":0,"vOffset":0,"uScale":1,"vScale":1,"uAng":0,"vAng":0,"wAng":0,"wrapU":1,"wrapV":1,"coordinatesIndex":0},"useMetallnessFromMetallicTextureBlue":true,"useRoughnessFromMetallicTextureGreen":true,"useAmbientOcclusionFromMetallicTextureRed":false,"useRoughnessFromMetallicTextureAlpha":false},
{"name":"Wolf3D_Outfit_Top","id":"Wolf3D_Outfit_Top","customType":"BABYLON.PBRMaterial","emissive":[0,0,0],"reflectivity":[0.5,0.5,0.5],"roughness":1,"alpha":1,"transparencyMode":0,"alphaCutOff":0.4,"metallic":1, 
"albedoTexture":{"name":"outfit-classic-01-v2-f-top-D.jpg","level":1,"hasAlpha":false,"coordinatesMode":0,"uOffset":0,"vOffset":0,"uScale":1,"vScale":1,"uAng":0,"vAng":0,"wAng":0,"wrapU":1,"wrapV":1,"coordinatesIndex":0},"useAlphaFromAlbedoTexture":false, 
"bumpTexture":{"name":"outfit-classic-01-v2-f-top-N.jpg","level":1,"hasAlpha":false,"coordinatesMode":0,"uOffset":0,"vOffset":0,"uScale":1,"vScale":1,"uAng":0,"vAng":0,"wAng":0,"wrapU":1,"wrapV":1,"coordinatesIndex":0}, 
"metallicTexture":{"name":"outfit-classic-01-v2-f-top-M-outfit-classic-01-v2-f-top-R.png","level":1,"hasAlpha":true,"coordinatesMode":0,"uOffset":0,"vOffset":0,"uScale":1,"vScale":1,"uAng":0,"vAng":0,"wAng":0,"wrapU":1,"wrapV":1,"coordinatesIndex":0},"useMetallnessFromMetallicTextureBlue":true,"useRoughnessFromMetallicTextureGreen":true,"useAmbientOcclusionFromMetallicTextureRed":false,"useRoughnessFromMetallicTextureAlpha":false},
{"name":"Wolf3D_Eye","id":"Wolf3D_Eye","customType":"BABYLON.PBRMaterial","emissive":[0,0,0],"reflectivity":[0.5,0.5,0.5],"roughness":1,"alpha":1,"transparencyMode":0,"alphaCutOff":0.4,"metallic":0, 
"albedoTexture":{"name":"1622793658-eye-01-mask.jpg","level":1,"hasAlpha":false,"coordinatesMode":0,"uOffset":0,"vOffset":0,"uScale":1,"vScale":1,"uAng":0,"vAng":0,"wAng":0,"wrapU":1,"wrapV":1,"coordinatesIndex":0},"useAlphaFromAlbedoTexture":false},
{"name":"Wolf3D_Skin","id":"Wolf3D_Skin","customType":"BABYLON.PBRMaterial","emissive":[0,0,0],"reflectivity":[0.5,0.5,0.5],"roughness":0.7,"alpha":1,"transparencyMode":0,"alphaCutOff":0.4,"metallic":0, 
"albedoTexture":{"name":"face_texture.jpg","level":1,"hasAlpha":false,"coordinatesMode":0,"uOffset":0,"vOffset":0,"uScale":1,"vScale":1,"uAng":0,"vAng":0,"wAng":0,"wrapU":1,"wrapV":1,"coordinatesIndex":0},"useAlphaFromAlbedoTexture":false},
{"name":"Wolf3D_Teeth","id":"Wolf3D_Teeth","customType":"BABYLON.PBRMaterial","emissive":[0,0,0],"reflectivity":[0.5,0.5,0.5],"roughness":1,"alpha":1,"transparencyMode":0,"alphaCutOff":0.4,"metallic":0, 
"albedoTexture":{"name":"Wolf3D_Teeth.jpg","level":1,"hasAlpha":false,"coordinatesMode":0,"uOffset":0,"vOffset":0,"uScale":1,"vScale":1,"uAng":0,"vAng":0,"wAng":0,"wrapU":1,"wrapV":1,"coordinatesIndex":0},"useAlphaFromAlbedoTexture":false},
{"name":"Wolf3D_Body","id":"Wolf3D_Body","customType":"BABYLON.PBRMaterial","emissive":[0,0,0],"reflectivity":[0.5,0.5,0.5],"roughness":0.7,"alpha":1,"transparencyMode":0,"alphaCutOff":0.4,"metallic":0, 
"albedoTexture":{"name":"body_texture.jpg","level":1,"hasAlpha":false,"coordinatesMode":0,"uOffset":0,"vOffset":0,"uScale":1,"vScale":1,"uAng":0,"vAng":0,"wAng":0,"wrapU":1,"wrapV":1,"coordinatesIndex":0},"useAlphaFromAlbedoTexture":false, 
"bumpTexture":{"name":"Wolf3D-fullbody-f-N.jpg","level":1,"hasAlpha":false,"coordinatesMode":0,"uOffset":0,"vOffset":0,"uScale":1,"vScale":1,"uAng":0,"vAng":0,"wAng":0,"wrapU":0,"wrapV":0,"coordinatesIndex":0}},
{"name":"Wolf3D_Outfit_Footwear","id":"Wolf3D_Outfit_Footwear","customType":"BABYLON.PBRMaterial","emissive":[0,0,0],"reflectivity":[0.5,0.5,0.5],"roughness":1,"alpha":1,"transparencyMode":0,"alphaCutOff":0.4,"metallic":1, 
"albedoTexture":{"name":"outfit-office-02-v2-f-footwear-D.jpg","level":1,"hasAlpha":false,"coordinatesMode":0,"uOffset":0,"vOffset":0,"uScale":1,"vScale":1,"uAng":0,"vAng":0,"wAng":0,"wrapU":1,"wrapV":1,"coordinatesIndex":0},"useAlphaFromAlbedoTexture":false, 
"bumpTexture":{"name":"outfit-office-02-v2-f-footwear-N.jpg","level":1,"hasAlpha":false,"coordinatesMode":0,"uOffset":0,"vOffset":0,"uScale":1,"vScale":1,"uAng":0,"vAng":0,"wAng":0,"wrapU":1,"wrapV":1,"coordinatesIndex":0}, 
"metallicTexture":{"name":"outfit-office-02-v2-f-footwear-M-outfit-office-02-v2-f-footwear-R.png","level":1,"hasAlpha":true,"coordinatesMode":0,"uOffset":0,"vOffset":0,"uScale":1,"vScale":1,"uAng":0,"vAng":0,"wAng":0,"wrapU":1,"wrapV":1,"coordinatesIndex":0},"useMetallnessFromMetallicTextureBlue":true,"useRoughnessFromMetallicTextureGreen":true,"useAmbientOcclusionFromMetallicTextureRed":false,"useRoughnessFromMetallicTextureAlpha":false}],
"skeletons":[{"name":"Armature.001","id":0,"dimensionsAtRest":[1.6692,2.0758,0.3276],"bones":[
{"name":"mixamorig:Hips","index":0,"matrix":[0.9993,0.0175,0.0328,0,-0.0164,0.9993,-0.0344,0,0.0334,-0.0338,-0.9989,0,-0.0002,1.0425,-0.0015,1],"rest":[1,0,0,0,0,1,0,0,0,0,-1,0,0.0001,1.0409,-0.0459,1],"parentBoneIndex":-1,"length":0.0968
,"animation":{"name":"anim","property":"_matrix","dataType":3,"framePerSecond":30,"loopBehavior":1,"keys":[
{"frame":1,"values":[0.9993,0.0175,0.0328,0,-0.0164,0.9993,-0.0344,0,0.0334,-0.0338,-0.9989,0,-0.0002,1.0425,-0.0015,1]},
{"frame":2,"values":[0.9995,0.0183,0.0246,0,-0.0172,0.9989,-0.0447,0,0.0254,-0.0442,-0.9987,0,0.0015,1.0464,0.0047,1]},
{"frame":3,"values":[0.9999,0.0071,0.0142,0,-0.0063,0.9984,-0.0556,0,0.0146,-0.0555,-0.9984,0,0.0039,1.0418,0.0098,1]},
{"frame":4,"values":[0.9997,-0.0235,-0.0051,0,0.0231,0.9977,-0.0635,0,-0.0065,-0.0633,-0.998,0,0.0069,1.0298,0.0124,1]},
{"frame":5,"values":[0.9981,-0.0535,-0.0309,0,0.0513,0.9964,-0.0677,0,-0.0344,-0.066,-0.9972,0,0.0095,1.0123,0.0116,1]},
{"frame":6,"values":[0.9967,-0.0639,-0.0492,0,0.0602,0.9956,-0.0721,0,-0.0536,-0.0689,-0.9962,0,0.0123,0.9946,0.0109,1]},
{"frame":7,"values":[0.9963,-0.0623,-0.0596,0,0.0579,0.9957,-0.0728,0,-0.0639,-0.0691,-0.9956,0,0.0159,0.9804,0.0107,1]},
{"frame":8,"values":[0.9973,-0.0465,-0.0568,0,0.0434,0.9975,-0.0554,0,-0.0592,-0.0527,-0.9969,0,0.0206,0.9698,0.0042,1]},
{"frame":9,"values":[0.9983,-0.0347,-0.0471,0,0.0328,0.9986,-0.0416,0,-0.0485,-0.0399,-0.998,0,0.0274,0.9645,-0.0088,1]},
{"frame":10,"values":[0.999,-0.0254,-0.0357,0,0.0244,0.9993,-0.0293,0,-0.0364,-0.0284,-0.9989,0,0.035,0.9642,-0.0202,1]},
{"frame":11,"values":[0.9995,-0.0208,-0.0228,0,0.0204,0.9996,-0.0186,0,-0.0232,-0.0181,-0.9996,0,0.0422,0.9669,-0.0278,1]},
{"frame":12,"values":[0.9998,-0.0187,-0.009,0,0.0186,0.9998,-0.0093,0,-0.0092,-0.0091,-0.9999,0,0.0491,0.972,-0.0315,1]},
{"frame":13,"values":[0.9999,-0.0157,0.0038,0,0.0157,0.9999,-0.0013,0,0.0037,-0.0014,-1,0,0.0541,0.9805,-0.0309,1]},
{"frame":14,"values":[0.9998,-0.0127,0.0162,0,0.0126,0.9999,0.0052,0,0.0163,0.005,-0.9999,0,0.0558,0.9942,-0.0273,1]},
{"frame":15,"values":[0.9995,-0.0097,0.0289,0,0.0095,0.9999,0.0103,0,0.029,0.0101,-0.9995,0,0.0546,1.0094,-0.022,1]},
{"frame":16,"values":[0.9991,-0.006,0.0416,0,0.0054,0.9999,0.014,0,0.0417,0.0138,-0.999,0,0.0512,1.0218,-0.0181,1]},
{"frame":17,"values":[0.9985,-0.0016,0.0543,0,0.0009,0.9999,0.0139,0,0.0543,0.0138,-0.9984,0,0.0479,1.0311,-0.0155,1]},
{"frame":18,"values":[0.9978,0.0034,0.0663,0,-0.004,0.9999,0.0092,0,0.0663,0.0094,-0.9978,0,0.045,1.0342,-0.0125,1]},
{"frame":19,"values":[0.9969,0.0102,0.0775,0,-0.0101,0.9999,-0.0012,0,0.0775,-0.0004,-0.997,0,0.0418,1.0303,-0.0099,1]},
{"frame":20,"values":[0.995,0.0315,0.0945,0,-0.0301,0.9994,-0.016,0,0.0949,-0.013,-0.9954,0,0.0375,1.0213,-0.0101,1]},
{"frame":21,"values":[0.9922,0.0523,0.1134,0,-0.0489,0.9983,-0.0325,0,0.1149,-0.0267,-0.993,0,0.0331,1.0071,-0.013,1]},
{"frame":22,"values":[0.99,0.0658,0.1248,0,-0.0599,0.9969,-0.0503,0,0.1277,-0.0423,-0.9909,0,0.0287,0.9909,-0.0144,1]},
{"frame":23,"values":[0.9903,0.0602,0.1254,0,-0.054,0.9972,-0.0523,0,0.1282,-0.045,-0.9907,0,0.0231,0.9769,-0.017,1]},
{"frame":24,"values":[0.9926,0.0345,0.1161,0,-0.0307,0.9989,-0.0346,0,0.1171,-0.0307,-0.9926,0,0.0164,0.9671,-0.0248,1]},
{"frame":25,"values":[0.9944,0.0192,0.1035,0,-0.0164,0.9995,-0.0282,0,0.104,-0.0264,-0.9942,0,0.0092,0.9643,-0.0339,1]},
{"frame":26,"values":[0.9958,0.0145,0.0902,0,-0.0121,0.9996,-0.0265,0,0.0906,-0.0253,-0.9956,0,0.0019,0.9661,-0.0418,1]},
{"frame":27,"values":[0.9969,0.0147,0.077,0,-0.0126,0.9995,-0.0279,0,0.0774,-0.0268,-0.9966,0,-0.0058,0.9734,-0.0449,1]},
{"frame":28,"values":[0.9977,0.0163,0.0655,0,-0.0143,0.9994,-0.0308,0,0.066,-0.0298,-0.9974,0,-0.0115,0.984,-0.0402,1]},
{"frame":29,"values":[0.9983,0.0174,0.0561,0,-0.0155,0.9993,-0.0341,0,0.0567,-0.0332,-0.9978,0,-0.0126,0.9983,-0.0316,1]},
{"frame":30,"values":[0.9987,0.019,0.0476,0,-0.0172,0.9992,-0.0367,0,0.0483,-0.0358,-0.9982,0,-0.0095,1.0151,-0.023,1]},
{"frame":31,"values":[0.999,0.0193,0.0399,0,-0.0178,0.9992,-0.0372,0,0.0406,-0.0364,-0.9985,0,-0.0047,1.0309,-0.0128,1]},
{"frame":32,"values":[0.9993,0.0175,0.0328,0,-0.0164,0.9993,-0.0344,0,0.0334,-0.0338,-0.9989,0,-0.0002,1.0425,-0.0015,1]}]}},
{"name":"mixamorig:Spine","index":1,"matrix":[0.9995,-0.0208,0.0218,0,0.0212,0.9996,-0.0163,0,-0.0215,0.0168,0.9996,0,0,0.0815,-0.0102,1],"rest":[1,0,0,0,0,0.9923,-0.1238,0,0,0.1238,0.9923,0,0,0.0815,-0.0102,1],"parentBoneIndex":0,"length":0.0958
,"animation":{"name":"anim","property":"_matrix","dataType":3,"framePerSecond":30,"loopBehavior":1,"keys":[
{"frame":1,"values":[0.9995,-0.0208,0.0218,0,0.0212,0.9996,-0.0163,0,-0.0215,0.0168,0.9996,0,0,0.0815,-0.0102,1]},
{"frame":2,"values":[0.9998,-0.0209,0.0065,0,0.021,0.9995,-0.0232,0,-0.006,0.0234,0.9997,0,0,0.0815,-0.0102,1]},
{"frame":3,"values":[0.9999,-0.0028,-0.0099,0,0.0025,0.9995,-0.031,0,0.01,0.0309,0.9995,0,0,0.0815,-0.0102,1]},
{"frame":4,"values":[0.9985,0.0428,-0.0352,0,-0.0441,0.9983,-0.0391,0,0.0335,0.0406,0.9986,0,0,0.0815,-0.0102,1]},
{"frame":5,"values":[0.9952,0.079,-0.0578,0,-0.0818,0.9955,-0.0482,0,0.0538,0.0527,0.9972,0,0,0.0815,-0.0102,1]},
{"frame":6,"values":[0.9946,0.0821,-0.0639,0,-0.0858,0.9947,-0.0568,0,0.0589,0.062,0.9963,0,0,0.0815,-0.0102,1]},
{"frame":7,"values":[0.9953,0.0683,-0.0693,0,-0.0724,0.9957,-0.0576,0,0.0651,0.0624,0.9959,0,0,0.0815,-0.0102,1]},
{"frame":8,"values":[0.9965,0.0399,-0.0736,0,-0.0437,0.9977,-0.0513,0,0.0714,0.0543,0.996,0,0,0.0815,-0.0102,1]},
{"frame":9,"values":[0.9972,0.016,-0.073,0,-0.0204,0.998,-0.0606,0,0.0719,0.0619,0.9955,0,0,0.0815,-0.0102,1]},
{"frame":10,"values":[0.9977,-0.0084,-0.0674,0,0.0041,0.9979,-0.0643,0,0.0678,0.0639,0.9957,0,0,0.0815,-0.0102,1]},
{"frame":11,"values":[0.9977,-0.016,-0.0653,0,0.012,0.9981,-0.0605,0,0.0661,0.0596,0.996,0,0,0.0815,-0.0102,1]},
{"frame":12,"values":[0.9986,-0.0131,-0.0509,0,0.0103,0.9984,-0.0549,0,0.0516,0.0543,0.9972,0,0,0.0815,-0.0102,1]},
{"frame":13,"values":[0.9998,-0.0075,-0.0176,0,0.0067,0.9988,-0.0478,0,0.0179,0.0477,0.9987,0,0,0.0815,-0.0102,1]},
{"frame":14,"values":[0.9999,-0.0024,0.0157,0,0.003,0.9992,-0.0405,0,-0.0156,0.0405,0.9991,0,0,0.0815,-0.0102,1]},
{"frame":15,"values":[0.9993,-0.001,0.0381,0,0.0024,0.9994,-0.0355,0,-0.038,0.0356,0.9986,0,0,0.0815,-0.0102,1]},
{"frame":16,"values":[0.9984,-0.008,0.056,0,0.01,0.9993,-0.0358,0,-0.0557,0.0363,0.9978,0,0,0.0815,-0.0102,1]},
{"frame":17,"values":[0.9972,-0.0146,0.074,0,0.0174,0.9991,-0.0376,0,-0.0733,0.0388,0.9966,0,0,0.0815,-0.0102,1]},
{"frame":18,"values":[0.9958,-0.0205,0.0893,0,0.0237,0.9991,-0.035,0,-0.0885,0.037,0.9954,0,0,0.0815,-0.0102,1]},
{"frame":19,"values":[0.9945,-0.0306,0.1004,0,0.0341,0.9989,-0.0337,0,-0.0993,0.0369,0.9944,0,0,0.0815,-0.0102,1]},
{"frame":20,"values":[0.9914,-0.0625,0.1151,0,0.0673,0.997,-0.0378,0,-0.1124,0.0452,0.9926,0,0,0.0815,-0.0102,1]},
{"frame":21,"values":[0.9882,-0.0881,0.1255,0,0.0948,0.9943,-0.0481,0,-0.1206,0.0594,0.9909,0,0,0.0815,-0.0102,1]},
{"frame":22,"values":[0.9881,-0.0905,0.1241,0,0.0982,0.9935,-0.0582,0,-0.118,0.0697,0.9906,0,0,0.0815,-0.0102,1]},
{"frame":23,"values":[0.9906,-0.0746,0.1147,0,0.0815,0.9951,-0.0565,0,-0.1099,0.0653,0.9918,0,0,0.0815,-0.0102,1]},
{"frame":24,"values":[0.9936,-0.0415,0.1047,0,0.0466,0.9978,-0.0462,0,-0.1026,0.0508,0.9934,0,0,0.0815,-0.0102,1]},
{"frame":25,"values":[0.994,-0.0151,0.1084,0,0.0205,0.9986,-0.0493,0,-0.1075,0.0513,0.9929,0,0,0.0815,-0.0102,1]},
{"frame":26,"values":[0.9929,-0.0112,0.1186,0,0.0177,0.9984,-0.0541,0,-0.1178,0.0558,0.9915,0,0,0.0815,-0.0102,1]},
{"frame":27,"values":[0.9938,-0.0184,0.1096,0,0.0247,0.9981,-0.0562,0,-0.1083,0.0585,0.9924,0,0,0.0815,-0.0102,1]},
{"frame":28,"values":[0.9964,-0.0283,0.0803,0,0.0323,0.9983,-0.0487,0,-0.0788,0.0511,0.9956,0,0,0.0815,-0.0102,1]},
{"frame":29,"values":[0.998,-0.0327,0.0537,0,0.035,0.9986,-0.0407,0,-0.0523,0.0425,0.9977,0,0,0.0815,-0.0102,1]},
{"frame":30,"values":[0.9988,-0.0315,0.0378,0,0.0329,0.9988,-0.0371,0,-0.0366,0.0383,0.9986,0,0,0.0815,-0.0102,1]},
{"frame":31,"values":[0.9992,-0.027,0.0284,0,0.0278,0.9992,-0.0302,0,-0.0276,0.031,0.9991,0,0,0.0815,-0.0102,1]},
{"frame":32,"values":[0.9995,-0.0208,0.0218,0,0.0212,0.9996,-0.0163,0,-0.0215,0.0168,0.9996,0,0,0.0815,-0.0102,1]}]}},
{"name":"mixamorig:Spine1","index":2,"matrix":[0.9989,0.0142,0.0452,0,-0.0161,0.999,0.0428,0,-0.0446,-0.0434,0.9981,0,0,0.0958,0,1],"rest":[1,0,0,0,0,1,0,0,0,0,1,0,0,0.0958,0,1],"parentBoneIndex":1,"length":0.1095
,"animation":{"name":"anim","property":"_matrix","dataType":3,"framePerSecond":30,"loopBehavior":1,"keys":[
{"frame":1,"values":[0.9989,0.0142,0.0452,0,-0.0161,0.999,0.0428,0,-0.0446,-0.0434,0.9981,0,0,0.0958,0,1]},
{"frame":2,"values":[0.9994,0.0064,0.0336,0,-0.0077,0.9992,0.0387,0,-0.0333,-0.0389,0.9987,0,0,0.0958,0,1]},
{"frame":3,"values":[0.9998,-0.004,0.0213,0,0.0033,0.9994,0.0352,0,-0.0215,-0.0351,0.9992,0,0,0.0958,0,1]},
{"frame":4,"values":[0.9998,-0.0197,0.0084,0,0.0194,0.9992,0.0342,0,-0.0091,-0.0341,0.9994,0,0,0.0958,0,1]},
{"frame":5,"values":[0.9995,-0.0304,-0.0054,0,0.0306,0.9989,0.0349,0,0.0043,-0.0351,0.9994,0,0,0.0958,0,1]},
{"frame":6,"values":[0.9993,-0.0302,-0.0203,0,0.0309,0.9989,0.0345,0,0.0193,-0.0351,0.9992,0,0,0.0958,0,1]},
{"frame":7,"values":[0.9991,-0.0256,-0.0343,0,0.0268,0.999,0.0345,0,0.0334,-0.0354,0.9988,0,0,0.0958,0,1]},
{"frame":8,"values":[0.9988,-0.0222,-0.0444,0,0.0238,0.9991,0.0359,0,0.0435,-0.0369,0.9984,0,0,0.0958,0,1]},
{"frame":9,"values":[0.9987,-0.0177,-0.0486,0,0.0193,0.9993,0.0327,0,0.048,-0.0336,0.9983,0,0,0.0958,0,1]},
{"frame":10,"values":[0.999,-0.0071,-0.0442,0,0.0083,0.9996,0.0255,0,0.044,-0.0259,0.9987,0,0,0.0958,0,1]},
{"frame":11,"values":[0.9993,-0.0073,-0.0354,0,0.0081,0.9997,0.0219,0,0.0352,-0.0222,0.9991,0,0,0.0958,0,1]},
{"frame":12,"values":[0.9996,-0.0086,-0.0283,0,0.0092,0.9997,0.0223,0,0.0281,-0.0225,0.9994,0,0,0.0958,0,1]},
{"frame":13,"values":[0.9998,-0.007,-0.0189,0,0.0075,0.9996,0.0262,0,0.0188,-0.0264,0.9995,0,0,0.0958,0,1]},
{"frame":14,"values":[1,-0.0065,-0.002,0,0.0065,0.9995,0.031,0,0.0018,-0.031,0.9995,0,0,0.0958,0,1]},
{"frame":15,"values":[0.9998,-0.0074,0.0183,0,0.0068,0.9994,0.0334,0,-0.0185,-0.0333,0.9993,0,0,0.0958,0,1]},
{"frame":16,"values":[0.9993,-0.0039,0.037,0,0.0026,0.9994,0.0344,0,-0.0372,-0.0343,0.9987,0,0,0.0958,0,1]},
{"frame":17,"values":[0.9985,0.001,0.0551,0,-0.0029,0.9994,0.0354,0,-0.055,-0.0355,0.9979,0,0,0.0958,0,1]},
{"frame":18,"values":[0.9972,0.0066,0.0742,0,-0.0092,0.9993,0.0357,0,-0.0739,-0.0362,0.9966,0,0,0.0958,0,1]},
{"frame":19,"values":[0.9956,0.0153,0.0925,0,-0.0187,0.9992,0.036,0,-0.0919,-0.0376,0.9951,0,0,0.0958,0,1]},
{"frame":20,"values":[0.9936,0.0286,0.1093,0,-0.0331,0.9987,0.0391,0,-0.1081,-0.0425,0.9932,0,0,0.0958,0,1]},
{"frame":21,"values":[0.9914,0.0366,0.1256,0,-0.0422,0.9982,0.0415,0,-0.1239,-0.0465,0.9912,0,0,0.0958,0,1]},
{"frame":22,"values":[0.9898,0.0344,0.1385,0,-0.0403,0.9984,0.0397,0,-0.137,-0.0449,0.9896,0,0,0.0958,0,1]},
{"frame":23,"values":[0.9889,0.0311,0.1452,0,-0.0372,0.9985,0.0391,0,-0.1438,-0.0441,0.9886,0,0,0.0958,0,1]},
{"frame":24,"values":[0.9887,0.0297,0.1468,0,-0.036,0.9985,0.0406,0,-0.1454,-0.0454,0.9883,0,0,0.0958,0,1]},
{"frame":25,"values":[0.9895,0.0242,0.1424,0,-0.0299,0.9988,0.0376,0,-0.1413,-0.0414,0.9891,0,0,0.0958,0,1]},
{"frame":26,"values":[0.9905,0.0282,0.1346,0,-0.0334,0.9988,0.0367,0,-0.1334,-0.0408,0.9902,0,0,0.0958,0,1]},
{"frame":27,"values":[0.9914,0.0289,0.1279,0,-0.0337,0.9988,0.0358,0,-0.1267,-0.0398,0.9911,0,0,0.0958,0,1]},
{"frame":28,"values":[0.9926,0.0271,0.118,0,-0.0317,0.9988,0.0371,0,-0.1169,-0.0405,0.9923,0,0,0.0958,0,1]},
{"frame":29,"values":[0.9947,0.0251,0.0998,0,-0.0294,0.9987,0.041,0,-0.0987,-0.0438,0.9942,0,0,0.0958,0,1]},
{"frame":30,"values":[0.9968,0.0221,0.0771,0,-0.0256,0.9987,0.0443,0,-0.076,-0.0462,0.996,0,0,0.0958,0,1]},
{"frame":31,"values":[0.9982,0.0186,0.0577,0,-0.0212,0.9988,0.0446,0,-0.0567,-0.0458,0.9973,0,0,0.0958,0,1]},
{"frame":32,"values":[0.9989,0.0142,0.0452,0,-0.0161,0.999,0.0428,0,-0.0446,-0.0434,0.9981,0,0,0.0958,0,1]}]}},
{"name":"mixamorig:Spine2","index":3,"matrix":[0.9989,0.0162,0.0448,0,-0.0181,0.9989,0.0422,0,-0.044,-0.043,0.9981,0,0,0.1095,0,1],"rest":[1,0,0,0,0,1,0,0,0,0,1,0,0,0.1095,0,1],"parentBoneIndex":2,"length":0.1283
,"animation":{"name":"anim","property":"_matrix","dataType":3,"framePerSecond":30,"loopBehavior":1,"keys":[
{"frame":1,"values":[0.9989,0.0162,0.0448,0,-0.0181,0.9989,0.0422,0,-0.044,-0.043,0.9981,0,0,0.1095,0,1]},
{"frame":2,"values":[0.9994,0.0082,0.0331,0,-0.0094,0.9992,0.0383,0,-0.0328,-0.0386,0.9987,0,0,0.1095,0,1]},
{"frame":3,"values":[0.9998,-0.0026,0.021,0,0.0018,0.9994,0.0349,0,-0.0211,-0.0348,0.9992,0,0,0.1095,0,1]},
{"frame":4,"values":[0.9998,-0.0186,0.0084,0,0.0183,0.9993,0.0336,0,-0.0091,-0.0334,0.9994,0,0,0.1095,0,1]},
{"frame":5,"values":[0.9995,-0.0298,-0.005,0,0.0299,0.999,0.0336,0,0.004,-0.0338,0.9994,0,0,0.1095,0,1]},
{"frame":6,"values":[0.9994,-0.03,-0.0198,0,0.0307,0.999,0.0331,0,0.0188,-0.0337,0.9993,0,0,0.1095,0,1]},
{"frame":7,"values":[0.9991,-0.0258,-0.0338,0,0.027,0.9991,0.0335,0,0.0329,-0.0344,0.9989,0,0,0.1095,0,1]},
{"frame":8,"values":[0.9988,-0.023,-0.044,0,0.0245,0.9991,0.035,0,0.0431,-0.0361,0.9984,0,0,0.1095,0,1]},
{"frame":9,"values":[0.9987,-0.0183,-0.0485,0,0.0199,0.9993,0.0319,0,0.0479,-0.0328,0.9983,0,0,0.1095,0,1]},
{"frame":10,"values":[0.999,-0.0068,-0.0447,0,0.0079,0.9996,0.0253,0,0.0445,-0.0256,0.9987,0,0,0.1095,0,1]},
{"frame":11,"values":[0.9993,-0.0064,-0.036,0,0.0072,0.9997,0.0214,0,0.0359,-0.0216,0.9991,0,0,0.1095,0,1]},
{"frame":12,"values":[0.9995,-0.0078,-0.0291,0,0.0084,0.9997,0.0215,0,0.0289,-0.0217,0.9993,0,0,0.1095,0,1]},
{"frame":13,"values":[0.9998,-0.0065,-0.0198,0,0.007,0.9996,0.0255,0,0.0196,-0.0257,0.9995,0,0,0.1095,0,1]},
{"frame":14,"values":[1,-0.006,-0.0028,0,0.0061,0.9995,0.0306,0,0.0026,-0.0306,0.9995,0,0,0.1095,0,1]},
{"frame":15,"values":[0.9998,-0.0065,0.0177,0,0.0059,0.9994,0.0333,0,-0.0179,-0.0332,0.9993,0,0,0.1095,0,1]},
{"frame":16,"values":[0.9993,-0.0025,0.0365,0,0.0013,0.9994,0.0344,0,-0.0366,-0.0343,0.9987,0,0,0.1095,0,1]},
{"frame":17,"values":[0.9985,0.0029,0.0547,0,-0.0048,0.9994,0.0351,0,-0.0545,-0.0353,0.9979,0,0,0.1095,0,1]},
{"frame":18,"values":[0.9972,0.009,0.0738,0,-0.0116,0.9993,0.035,0,-0.0734,-0.0357,0.9967,0,0,0.1095,0,1]},
{"frame":19,"values":[0.9956,0.0182,0.092,0,-0.0214,0.9992,0.0345,0,-0.0913,-0.0364,0.9952,0,0,0.1095,0,1]},
{"frame":20,"values":[0.9936,0.0323,0.1085,0,-0.0364,0.9987,0.036,0,-0.1072,-0.0397,0.9934,0,0,0.1095,0,1]},
{"frame":21,"values":[0.9914,0.0411,0.1245,0,-0.0461,0.9982,0.0374,0,-0.1227,-0.0428,0.9915,0,0,0.1095,0,1]},
{"frame":22,"values":[0.9897,0.0389,0.1374,0,-0.0442,0.9984,0.0361,0,-0.1358,-0.0419,0.9899,0,0,0.1095,0,1]},
{"frame":23,"values":[0.9889,0.0357,0.1442,0,-0.0413,0.9985,0.0362,0,-0.1427,-0.0417,0.9889,0,0,0.1095,0,1]},
{"frame":24,"values":[0.9887,0.0347,0.1459,0,-0.0405,0.9985,0.0375,0,-0.1444,-0.043,0.9886,0,0,0.1095,0,1]},
{"frame":25,"values":[0.9895,0.0286,0.142,0,-0.0339,0.9988,0.0351,0,-0.1408,-0.0395,0.9892,0,0,0.1095,0,1]},
{"frame":26,"values":[0.9904,0.032,0.1344,0,-0.0368,0.9988,0.0333,0,-0.1332,-0.0379,0.9904,0,0,0.1095,0,1]},
{"frame":27,"values":[0.9913,0.0323,0.1279,0,-0.0367,0.9988,0.0326,0,-0.1267,-0.037,0.9913,0,0,0.1095,0,1]},
{"frame":28,"values":[0.9925,0.0304,0.118,0,-0.0346,0.9988,0.0345,0,-0.1169,-0.0384,0.9924,0,0,0.1095,0,1]},
{"frame":29,"values":[0.9946,0.0284,0.0998,0,-0.0325,0.9987,0.0392,0,-0.0986,-0.0422,0.9942,0,0,0.1095,0,1]},
{"frame":30,"values":[0.9967,0.025,0.077,0,-0.0284,0.9987,0.0433,0,-0.0758,-0.0453,0.9961,0,0,0.1095,0,1]},
{"frame":31,"values":[0.9981,0.021,0.0573,0,-0.0235,0.9988,0.0441,0,-0.0563,-0.0453,0.9974,0,0,0.1095,0,1]},
{"frame":32,"values":[0.9989,0.0162,0.0448,0,-0.0181,0.9989,0.0422,0,-0.044,-0.043,0.9981,0,0,0.1095,0,1]}]}},
{"name":"mixamorig:Neck","index":4,"matrix":[0.9993,0.0002,-0.0374,0,0.0041,0.9933,0.1154,0,0.0372,-0.1155,0.9926,0,0,0.1232,0,1],"rest":[1,0,0,0,0,0.9923,0.1238,0,0,-0.1238,0.9923,0,0,0.1232,0,1],"parentBoneIndex":3,"length":0.0906
,"animation":{"name":"anim","property":"_matrix","dataType":3,"framePerSecond":30,"loopBehavior":1,"keys":[
{"frame":1,"values":[0.9993,0.0002,-0.0374,0,0.0041,0.9933,0.1154,0,0.0372,-0.1155,0.9926,0,0,0.1232,0,1]},
{"frame":2,"values":[0.9994,-0.0025,-0.0334,0,0.0064,0.9932,0.1161,0,0.0329,-0.1162,0.9927,0,0,0.1232,0,1]},
{"frame":3,"values":[0.9996,-0.0012,-0.0274,0,0.0043,0.9934,0.1146,0,0.0271,-0.1147,0.993,0,0,0.1232,0,1]},
{"frame":4,"values":[0.9998,0.0081,-0.0186,0,-0.0059,0.9936,0.113,0,0.0194,-0.1129,0.9934,0,0,0.1232,0,1]},
{"frame":5,"values":[0.9998,0.0179,-0.0092,0,-0.0168,0.9934,0.1137,0,0.0112,-0.1136,0.9935,0,0,0.1232,0,1]},
{"frame":6,"values":[0.9998,0.0206,-0.0018,0,-0.0203,0.9933,0.1138,0,0.0041,-0.1138,0.9935,0,0,0.1232,0,1]},
{"frame":7,"values":[0.9998,0.018,0.004,0,-0.0184,0.9937,0.1109,0,-0.002,-0.111,0.9938,0,0,0.1232,0,1]},
{"frame":8,"values":[0.9999,0.0125,0.0084,0,-0.0134,0.9939,0.1095,0,-0.007,-0.1096,0.9939,0,0,0.1232,0,1]},
{"frame":9,"values":[1,-0.0025,0.0081,0,0.0016,0.9933,0.1159,0,-0.0084,-0.1159,0.9932,0,0,0.1232,0,1]},
{"frame":10,"values":[0.9996,-0.0279,0.0016,0,0.0275,0.9923,0.1207,0,-0.0049,-0.1206,0.9927,0,0,0.1232,0,1]},
{"frame":11,"values":[0.9992,-0.0396,-0.0041,0,0.0398,0.9919,0.1205,0,-0.0007,-0.1206,0.9927,0,0,0.1232,0,1]},
{"frame":12,"values":[0.9988,-0.0478,-0.0105,0,0.0487,0.9913,0.1223,0,0.0046,-0.1227,0.9924,0,0,0.1232,0,1]},
{"frame":13,"values":[0.9985,-0.0522,-0.0189,0,0.0541,0.9909,0.1228,0,0.0123,-0.1237,0.9922,0,0,0.1232,0,1]},
{"frame":14,"values":[0.9986,-0.0463,-0.027,0,0.0493,0.9914,0.1212,0,0.0212,-0.1223,0.9923,0,0,0.1232,0,1]},
{"frame":15,"values":[0.9988,-0.0344,-0.0343,0,0.0384,0.9917,0.1228,0,0.0298,-0.124,0.9918,0,0,0.1232,0,1]},
{"frame":16,"values":[0.9988,-0.025,-0.0418,0,0.0301,0.9912,0.1286,0,0.0382,-0.1297,0.9908,0,0,0.1232,0,1]},
{"frame":17,"values":[0.9986,-0.0166,-0.0496,0,0.0231,0.9907,0.134,0,0.0469,-0.135,0.9897,0,0,0.1232,0,1]},
{"frame":18,"values":[0.9983,-0.0104,-0.058,0,0.0182,0.9907,0.1348,0,0.056,-0.1357,0.9892,0,0,0.1232,0,1]},
{"frame":19,"values":[0.9977,-0.0114,-0.0674,0,0.0202,0.991,0.1321,0,0.0653,-0.1331,0.9889,0,0,0.1232,0,1]},
{"frame":20,"values":[0.9968,-0.0199,-0.0779,0,0.0298,0.9913,0.1283,0,0.0746,-0.1303,0.9887,0,0,0.1232,0,1]},
{"frame":21,"values":[0.9958,-0.0282,-0.0875,0,0.0391,0.9913,0.1254,0,0.0832,-0.1283,0.9882,0,0,0.1232,0,1]},
{"frame":22,"values":[0.9951,-0.031,-0.094,0,0.0423,0.9917,0.1212,0,0.0895,-0.1246,0.9882,0,0,0.1232,0,1]},
{"frame":23,"values":[0.9949,-0.0285,-0.0968,0,0.0397,0.9925,0.1157,0,0.0928,-0.119,0.9886,0,0,0.1232,0,1]},
{"frame":24,"values":[0.9951,-0.0213,-0.0967,0,0.0322,0.9931,0.1128,0,0.0937,-0.1154,0.9889,0,0,0.1232,0,1]},
{"frame":25,"values":[0.9958,0.0019,-0.0916,0,0.0091,0.9928,0.1197,0,0.0912,-0.12,0.9886,0,0,0.1232,0,1]},
{"frame":26,"values":[0.9961,0.0136,-0.0867,0,-0.0028,0.9923,0.1236,0,0.0877,-0.1229,0.9885,0,0,0.1232,0,1]},
{"frame":27,"values":[0.9966,0.0241,-0.0787,0,-0.0141,0.992,0.1256,0,0.0811,-0.124,0.989,0,0,0.1232,0,1]},
{"frame":28,"values":[0.9972,0.0318,-0.0673,0,-0.0234,0.9921,0.1231,0,0.0707,-0.1212,0.9901,0,0,0.1232,0,1]},
{"frame":29,"values":[0.998,0.03,-0.0558,0,-0.0232,0.9925,0.1199,0,0.059,-0.1184,0.9912,0,0,0.1232,0,1]},
{"frame":30,"values":[0.9987,0.0206,-0.0463,0,-0.0149,0.9927,0.1197,0,0.0484,-0.1189,0.9917,0,0,0.1232,0,1]},
{"frame":31,"values":[0.9992,0.009,-0.0399,0,-0.0041,0.9928,0.1194,0,0.0406,-0.1191,0.9921,0,0,0.1232,0,1]},
{"frame":32,"values":[0.9993,0.0002,-0.0374,0,0.0041,0.9933,0.1154,0,0.0372,-0.1155,0.9926,0,0,0.1232,0,1]}]}},
{"name":"mixamorig:Head","index":5,"matrix":[0.9963,-0.0371,-0.077,0,0.0326,0.9978,-0.0583,0,0.079,0.0555,0.9953,0,0,0.0859,-0.0287,1],"rest":[1,0,0,0,0,1,0,0,0,0,1,0,0,0.0859,-0.0287,1],"parentBoneIndex":4,"length":0.2828
,"animation":{"name":"anim","property":"_matrix","dataType":3,"framePerSecond":30,"loopBehavior":1,"keys":[
{"frame":1,"values":[0.9963,-0.0371,-0.077,0,0.0326,0.9978,-0.0583,0,0.079,0.0555,0.9953,0,0,0.0859,-0.0287,1]},
{"frame":2,"values":[0.9978,-0.0355,-0.0561,0,0.0327,0.9981,-0.0513,0,0.0579,0.0494,0.9971,0,0,0.0859,-0.0287,1]},
{"frame":3,"values":[0.9987,-0.0346,-0.0384,0,0.0327,0.9982,-0.0507,0,0.0401,0.0493,0.998,0,0,0.0859,-0.0287,1]},
{"frame":4,"values":[0.9989,-0.0397,-0.0241,0,0.0383,0.9976,-0.0569,0,0.0263,0.0559,0.9981,0,0,0.0859,-0.0287,1]},
{"frame":5,"values":[0.9989,-0.0433,-0.0179,0,0.0419,0.9967,-0.0693,0,0.0208,0.0684,0.9974,0,0,0.0859,-0.0287,1]},
{"frame":6,"values":[0.9989,-0.0436,-0.0161,0,0.0422,0.9958,-0.0817,0,0.0196,0.0809,0.9965,0,0,0.0859,-0.0287,1]},
{"frame":7,"values":[0.999,-0.0429,-0.0082,0,0.0419,0.9946,-0.0945,0,0.0122,0.0941,0.9955,0,0,0.0859,-0.0287,1]},
{"frame":8,"values":[0.9994,-0.0338,0.0078,0,0.0344,0.994,-0.1034,0,-0.0042,0.1036,0.9946,0,0,0.0859,-0.0287,1]},
{"frame":9,"values":[0.9996,-0.0135,0.0233,0,0.0156,0.9956,-0.0928,0,-0.022,0.0931,0.9954,0,0,0.0859,-0.0287,1]},
{"frame":10,"values":[0.9994,0.0125,0.0322,0,-0.0102,0.9976,-0.0689,0,-0.033,0.0685,0.9971,0,0,0.0859,-0.0287,1]},
{"frame":11,"values":[0.9987,0.0362,0.0345,0,-0.0343,0.998,-0.0539,0,-0.0363,0.0527,0.998,0,0,0.0859,-0.0287,1]},
{"frame":12,"values":[0.9987,0.0434,0.0256,0,-0.0419,0.9975,-0.0573,0,-0.0281,0.0562,0.998,0,0,0.0859,-0.0287,1]},
{"frame":13,"values":[0.9996,0.0274,-0.0013,0,-0.0274,0.9972,-0.0701,0,-0.0007,0.0701,0.9975,0,0,0.0859,-0.0287,1]},
{"frame":14,"values":[0.9993,0.0002,-0.0366,0,-0.003,0.9972,-0.0752,0,0.0364,0.0752,0.9965,0,0,0.0859,-0.0287,1]},
{"frame":15,"values":[0.9974,-0.02,-0.0688,0,0.0155,0.9977,-0.0652,0,0.0699,0.064,0.9955,0,0,0.0859,-0.0287,1]},
{"frame":16,"values":[0.9951,-0.029,-0.0943,0,0.0245,0.9986,-0.0479,0,0.0955,0.0453,0.9944,0,0,0.0859,-0.0287,1]},
{"frame":17,"values":[0.9924,-0.0343,-0.1184,0,0.0305,0.999,-0.0331,0,0.1194,0.0292,0.9924,0,0,0.0859,-0.0287,1]},
{"frame":18,"values":[0.989,-0.0398,-0.1424,0,0.0364,0.999,-0.027,0,0.1433,0.0215,0.9894,0,0,0.0859,-0.0287,1]},
{"frame":19,"values":[0.9861,-0.0431,-0.1602,0,0.0383,0.9987,-0.0326,0,0.1614,0.026,0.9866,0,0,0.0859,-0.0287,1]},
{"frame":20,"values":[0.9841,-0.0434,-0.1725,0,0.0354,0.9982,-0.0488,0,0.1743,0.0419,0.9838,0,0,0.0859,-0.0287,1]},
{"frame":21,"values":[0.9825,-0.0441,-0.1808,0,0.0327,0.9973,-0.0657,0,0.1832,0.0586,0.9813,0,0,0.0859,-0.0287,1]},
{"frame":22,"values":[0.9819,-0.0458,-0.1838,0,0.0326,0.9967,-0.074,0,0.1866,0.0667,0.9802,0,0,0.0859,-0.0287,1]},
{"frame":23,"values":[0.9818,-0.0479,-0.184,0,0.0333,0.9961,-0.0815,0,0.1872,0.0739,0.9795,0,0,0.0859,-0.0287,1]},
{"frame":24,"values":[0.9806,-0.0591,-0.1869,0,0.0417,0.9945,-0.0959,0,0.1916,0.0863,0.9777,0,0,0.0859,-0.0287,1]},
{"frame":25,"values":[0.9757,-0.0847,-0.202,0,0.0649,0.9926,-0.1029,0,0.2093,0.0873,0.974,0,0,0.0859,-0.0287,1]},
{"frame":26,"values":[0.9704,-0.1024,-0.2189,0,0.0832,0.992,-0.0949,0,0.2269,0.0739,0.9711,0,0,0.0859,-0.0287,1]},
{"frame":27,"values":[0.9708,-0.097,-0.2196,0,0.0806,0.9933,-0.0822,0,0.2261,0.0621,0.9721,0,0,0.0859,-0.0287,1]},
{"frame":28,"values":[0.9774,-0.0816,-0.195,0,0.0669,0.9945,-0.0809,0,0.2005,0.066,0.9775,0,0,0.0859,-0.0287,1]},
{"frame":29,"values":[0.9853,-0.0654,-0.1578,0,0.0526,0.9951,-0.0838,0,0.1625,0.0743,0.9839,0,0,0.0859,-0.0287,1]},
{"frame":30,"values":[0.9915,-0.049,-0.1209,0,0.0395,0.996,-0.08,0,0.1243,0.0745,0.9894,0,0,0.0859,-0.0287,1]},
{"frame":31,"values":[0.995,-0.0384,-0.0925,0,0.032,0.9971,-0.0697,0,0.095,0.0664,0.9933,0,0,0.0859,-0.0287,1]},
{"frame":32,"values":[0.9963,-0.0371,-0.077,0,0.0326,0.9978,-0.0583,0,0.079,0.0555,0.9953,0,0,0.0859,-0.0287,1]}]}},
{"name":"mixamorig:HeadTop_End","index":6,"matrix":[1,0,0,0,0,1,0,0,0,0,1,0,0,0.2682,-0.0896,1],"rest":[1,0,0,0,0,1,0,0,0,0,1,0,0,0.2682,-0.0896,1],"parentBoneIndex":5,"length":0.2828
,"animation":{"name":"anim","property":"_matrix","dataType":3,"framePerSecond":30,"loopBehavior":1,"keys":[
{"frame":1,"values":[1,0,0,0,0,1,0,0,0,0,1,0,0,0.2682,-0.0896,1]},
{"frame":32,"values":[1,0,0,0,0,1,0,0,0,0,1,0,0,0.2682,-0.0896,1]}]}},
{"name":"mixamorig:LeftShoulder","index":7,"matrix":[0.1128,0.0129,-0.9935,0,0.9034,-0.4176,0.0972,0,-0.4137,-0.9085,-0.0587,0,0.0674,0.1121,-0.0011,1],"rest":[-0.0152,-0.0003,-0.9999,0,0.9873,-0.1579,-0.0149,0,-0.1579,-0.9875,0.0027,0,0.0674,0.1121,-0.0011,1],"parentBoneIndex":3,"length":0.1376
,"animation":{"name":"anim","property":"_matrix","dataType":3,"framePerSecond":30,"loopBehavior":1,"keys":[
{"frame":1,"values":[0.1128,0.0129,-0.9935,0,0.9034,-0.4176,0.0972,0,-0.4137,-0.9085,-0.0587,0,0.0674,0.1121,-0.0011,1]},
{"frame":2,"values":[0.0964,0.0138,-0.9952,0,0.9072,-0.4127,0.0822,0,-0.4096,-0.9108,-0.0523,0,0.0674,0.1121,-0.0011,1]},
{"frame":3,"values":[0.0811,0.0146,-0.9966,0,0.91,-0.4091,0.0681,0,-0.4067,-0.9124,-0.0464,0,0.0674,0.1121,-0.0011,1]},
{"frame":4,"values":[0.0729,0.0149,-0.9972,0,0.912,-0.4056,0.0606,0,-0.4036,-0.9139,-0.0432,0,0.0674,0.1121,-0.0011,1]},
{"frame":5,"values":[0.0634,0.0152,-0.9979,0,0.9164,-0.3969,0.0522,0,-0.3952,-0.9177,-0.0391,0,0.0674,0.1121,-0.0011,1]},
{"frame":6,"values":[0.0484,0.0157,-0.9987,0,0.9208,-0.3882,0.0385,0,-0.3871,-0.9214,-0.0332,0,0.0674,0.1121,-0.0011,1]},
{"frame":7,"values":[0.0404,0.016,-0.9991,0,0.9206,-0.3893,0.031,0,-0.3884,-0.921,-0.0305,0,0.0674,0.1121,-0.0011,1]},
{"frame":8,"values":[0.0471,0.016,-0.9988,0,0.9167,-0.3978,0.0369,0,-0.3967,-0.9173,-0.0334,0,0.0674,0.1121,-0.0011,1]},
{"frame":9,"values":[0.0519,0.0159,-0.9985,0,0.9144,-0.4027,0.0412,0,-0.4014,-0.9152,-0.0354,0,0.0674,0.1121,-0.0011,1]},
{"frame":10,"values":[0.0527,0.0159,-0.9985,0,0.9129,-0.406,0.0417,0,-0.4047,-0.9137,-0.0359,0,0.0674,0.1121,-0.0011,1]},
{"frame":11,"values":[0.0634,0.0155,-0.9979,0,0.9094,-0.4127,0.0514,0,-0.411,-0.9107,-0.0403,0,0.0674,0.1121,-0.0011,1]},
{"frame":12,"values":[0.0744,0.015,-0.9971,0,0.9051,-0.4208,0.0612,0,-0.4186,-0.907,-0.0449,0,0.0674,0.1121,-0.0011,1]},
{"frame":13,"values":[0.0772,0.015,-0.9969,0,0.8997,-0.432,0.0632,0,-0.4297,-0.9018,-0.0468,0,0.0674,0.1121,-0.0011,1]},
{"frame":14,"values":[0.082,0.0148,-0.9965,0,0.8946,-0.4419,0.0671,0,-0.4394,-0.897,-0.0494,0,0.0674,0.1121,-0.0011,1]},
{"frame":15,"values":[0.0917,0.0141,-0.9957,0,0.894,-0.4416,0.0761,0,-0.4386,-0.8971,-0.0531,0,0.0674,0.1121,-0.0011,1]},
{"frame":16,"values":[0.1007,0.0135,-0.9948,0,0.8964,-0.4352,0.0848,0,-0.4318,-0.9003,-0.0559,0,0.0674,0.1121,-0.0011,1]},
{"frame":17,"values":[0.1068,0.0131,-0.9942,0,0.8984,-0.4297,0.0909,0,-0.426,-0.9029,-0.0577,0,0.0674,0.1121,-0.0011,1]},
{"frame":18,"values":[0.1118,0.0129,-0.9936,0,0.9004,-0.4244,0.0958,0,-0.4204,-0.9054,-0.059,0,0.0674,0.1121,-0.0011,1]},
{"frame":19,"values":[0.1172,0.0126,-0.993,0,0.9027,-0.4181,0.1012,0,-0.4139,-0.9083,-0.0604,0,0.0674,0.1121,-0.0011,1]},
{"frame":20,"values":[0.1243,0.0123,-0.9922,0,0.9041,-0.4134,0.1082,0,-0.4088,-0.9105,-0.0625,0,0.0674,0.1121,-0.0011,1]},
{"frame":21,"values":[0.1364,0.0116,-0.9906,0,0.902,-0.4149,0.1193,0,-0.4096,-0.9098,-0.067,0,0.0674,0.1121,-0.0011,1]},
{"frame":22,"values":[0.1456,0.011,-0.9893,0,0.8999,-0.4169,0.1278,0,-0.411,-0.9089,-0.0706,0,0.0674,0.1121,-0.0011,1]},
{"frame":23,"values":[0.1466,0.0111,-0.9891,0,0.9023,-0.4114,0.1291,0,-0.4055,-0.9114,-0.0703,0,0.0674,0.1121,-0.0011,1]},
{"frame":24,"values":[0.143,0.0113,-0.9897,0,0.9045,-0.4074,0.1261,0,-0.4017,-0.9132,-0.0685,0,0.0674,0.1121,-0.0011,1]},
{"frame":25,"values":[0.1348,0.0118,-0.9908,0,0.9058,-0.4067,0.1185,0,-0.4016,-0.9135,-0.0655,0,0.0674,0.1121,-0.0011,1]},
{"frame":26,"values":[0.1248,0.0123,-0.9921,0,0.9085,-0.4034,0.1093,0,-0.3988,-0.915,-0.0615,0,0.0674,0.1121,-0.0011,1]},
{"frame":27,"values":[0.1205,0.0125,-0.9926,0,0.9104,-0.4002,0.1054,0,-0.3959,-0.9164,-0.0596,0,0.0674,0.1121,-0.0011,1]},
{"frame":28,"values":[0.1215,0.0124,-0.9925,0,0.9101,-0.4006,0.1064,0,-0.3963,-0.9162,-0.06,0,0.0674,0.1121,-0.0011,1]},
{"frame":29,"values":[0.1229,0.0123,-0.9923,0,0.9073,-0.4067,0.1073,0,-0.4022,-0.9135,-0.0612,0,0.0674,0.1121,-0.0011,1]},
{"frame":30,"values":[0.1231,0.0123,-0.9923,0,0.9051,-0.4115,0.1072,0,-0.4071,-0.9113,-0.0618,0,0.0674,0.1121,-0.0011,1]},
{"frame":31,"values":[0.1196,0.0125,-0.9927,0,0.9045,-0.4136,0.1038,0,-0.4093,-0.9104,-0.0607,0,0.0674,0.1121,-0.0011,1]},
{"frame":32,"values":[0.1128,0.0129,-0.9935,0,0.9034,-0.4176,0.0972,0,-0.4137,-0.9085,-0.0587,0,0.0674,0.1121,-0.0011,1]}]}},
{"name":"mixamorig:LeftArm","index":8,"matrix":[0.9208,0.2971,-0.2526,0,0.0137,0.6226,0.7824,0,0.3897,-0.724,0.5692,0,0,0.1376,0,1],"rest":[0.9997,-0.0258,0,0,0.0253,0.9801,-0.1969,0,0.0051,0.1968,0.9804,0,0,0.1376,0,1],"parentBoneIndex":7,"length":0.2105
,"animation":{"name":"anim","property":"_matrix","dataType":3,"framePerSecond":30,"loopBehavior":1,"keys":[
{"frame":1,"values":[0.9208,0.2971,-0.2526,0,0.0137,0.6226,0.7824,0,0.3897,-0.724,0.5692,0,0,0.1376,0,1]},
{"frame":2,"values":[0.9291,0.2287,-0.2907,0,0.0951,0.6117,0.7853,0,0.3574,-0.7573,0.5466,0,0,0.1376,0,1]},
{"frame":3,"values":[0.9321,0.1603,-0.3247,0,0.171,0.5955,0.7849,0,0.3192,-0.7872,0.5277,0,0,0.1376,0,1]},
{"frame":4,"values":[0.9309,0.0945,-0.3529,0,0.2391,0.5727,0.7841,0,0.2762,-0.8143,0.5106,0,0,0.1376,0,1]},
{"frame":5,"values":[0.9258,0.0343,-0.3765,0,0.2983,0.5458,0.7831,0,0.2324,-0.8372,0.495,0,0,0.1376,0,1]},
{"frame":6,"values":[0.9219,-0.0058,-0.3874,0,0.3326,0.5248,0.7836,0,0.1988,-0.8512,0.4858,0,0,0.1376,0,1]},
{"frame":7,"values":[0.926,-0.0243,-0.3767,0,0.3331,0.522,0.7852,0,0.1776,-0.8526,0.4914,0,0,0.1376,0,1]},
{"frame":8,"values":[0.9306,-0.0255,-0.3652,0,0.321,0.5362,0.7807,0,0.1759,-0.8437,0.5071,0,0,0.1376,0,1]},
{"frame":9,"values":[0.9313,-0.0078,-0.3642,0,0.3065,0.5568,0.772,0,0.1967,-0.8306,0.5209,0,0,0.1376,0,1]},
{"frame":10,"values":[0.9325,0.0166,-0.3607,0,0.2847,0.5807,0.7627,0,0.2221,-0.8139,0.5368,0,0,0.1376,0,1]},
{"frame":11,"values":[0.935,0.0476,-0.3513,0,0.2511,0.6107,0.751,0,0.2503,-0.7905,0.559,0,0,0.1376,0,1]},
{"frame":12,"values":[0.941,0.0876,-0.3269,0,0.198,0.6407,0.7418,0,0.2744,-0.7628,0.5856,0,0,0.1376,0,1]},
{"frame":13,"values":[0.9551,0.1196,-0.271,0,0.1266,0.6622,0.7386,0,0.2678,-0.7397,0.6173,0,0,0.1376,0,1]},
{"frame":14,"values":[0.9679,0.1487,-0.2027,0,0.0509,0.6738,0.7372,0,0.2462,-0.7238,0.6445,0,0,0.1376,0,1]},
{"frame":15,"values":[0.97,0.1885,-0.1535,0,-0.0153,0.6776,0.7353,0,0.2426,-0.7109,0.6601,0,0,0.1376,0,1]},
{"frame":16,"values":[0.964,0.2348,-0.1245,0,-0.0709,0.6785,0.7311,0,0.2562,-0.696,0.6708,0,0,0.1376,0,1]},
{"frame":17,"values":[0.9513,0.2889,-0.1074,0,-0.1257,0.6818,0.7206,0,0.2814,-0.672,0.6849,0,0,0.1376,0,1]},
{"frame":18,"values":[0.9338,0.3423,-0.1039,0,-0.1748,0.69,0.7024,0,0.3121,-0.6377,0.7042,0,0,0.1376,0,1]},
{"frame":19,"values":[0.9161,0.3864,-0.1068,0,-0.2176,0.703,0.6771,0,0.3367,-0.597,0.7281,0,0,0.1376,0,1]},
{"frame":20,"values":[0.8992,0.424,-0.1079,0,-0.2622,0.7196,0.643,0,0.3503,-0.5499,0.7582,0,0,0.1376,0,1]},
{"frame":21,"values":[0.8841,0.4524,-0.1167,0,-0.3013,0.7429,0.5977,0,0.3571,-0.4933,0.7932,0,0,0.1376,0,1]},
{"frame":22,"values":[0.8699,0.4754,-0.1315,0,-0.3344,0.7644,0.5512,0,0.3626,-0.4355,0.8239,0,0,0.1376,0,1]},
{"frame":23,"values":[0.8606,0.4905,-0.1371,0,-0.3569,0.7728,0.5248,0,0.3634,-0.4027,0.8401,0,0,0.1376,0,1]},
{"frame":24,"values":[0.8678,0.4799,-0.1286,0,-0.3494,0.7736,0.5286,0,0.3532,-0.4138,0.8391,0,0,0.1376,0,1]},
{"frame":25,"values":[0.8896,0.4413,-0.1178,0,-0.3061,0.7673,0.5635,0,0.3391,-0.4652,0.8177,0,0,0.1376,0,1]},
{"frame":26,"values":[0.9139,0.3893,-0.1148,0,-0.2414,0.7487,0.6174,0,0.3263,-0.5365,0.7783,0,0,0.1376,0,1]},
{"frame":27,"values":[0.9249,0.3583,-0.127,0,-0.1886,0.7226,0.665,0,0.33,-0.5912,0.7359,0,0,0.1376,0,1]},
{"frame":28,"values":[0.9189,0.3664,-0.1463,0,-0.167,0.6973,0.6971,0,0.3574,-0.6161,0.7019,0,0,0.1376,0,1]},
{"frame":29,"values":[0.9075,0.3861,-0.1656,0,-0.1551,0.6743,0.722,0,0.3904,-0.6295,0.6718,0,0,0.1376,0,1]},
{"frame":30,"values":[0.9037,0.385,-0.1876,0,-0.1228,0.6526,0.7477,0,0.4103,-0.6526,0.637,0,0,0.1376,0,1]},
{"frame":31,"values":[0.9106,0.3534,-0.2142,0,-0.065,0.6343,0.7704,0,0.4081,-0.6876,0.6005,0,0,0.1376,0,1]},
{"frame":32,"values":[0.9208,0.2971,-0.2526,0,0.0137,0.6226,0.7824,0,0.3897,-0.724,0.5692,0,0,0.1376,0,1]}]}},
{"name":"mixamorig:LeftForeArm","index":9,"matrix":[0.9817,0.1905,0.0011,0,-0.1905,0.9814,0.0228,0,0.0033,-0.0226,0.9997,0,0,0.2105,0,1],"rest":[0.9986,0.0521,0,0,-0.052,0.9977,0.0437,0,0.0023,-0.0437,0.999,0,0,0.2105,0,1],"parentBoneIndex":8,"length":0.2388
,"animation":{"name":"anim","property":"_matrix","dataType":3,"framePerSecond":30,"loopBehavior":1,"keys":[
{"frame":1,"values":[0.9817,0.1905,0.0011,0,-0.1905,0.9814,0.0228,0,0.0033,-0.0226,0.9997,0,0,0.2105,0,1]},
{"frame":2,"values":[0.9817,0.1902,0.001,0,-0.1902,0.9815,0.0228,0,0.0033,-0.0226,0.9997,0,0,0.2105,0,1]},
{"frame":3,"values":[0.9821,0.1884,0.001,0,-0.1884,0.9818,0.0226,0,0.0033,-0.0224,0.9997,0,0,0.2105,0,1]},
{"frame":4,"values":[0.9836,0.1801,0.0008,0,-0.1801,0.9834,0.0216,0,0.0031,-0.0214,0.9998,0,0,0.2105,0,1]},
