{"producer":{"name":"Blender","version":"2.82 (sub 7)","exporter_version":"6.3.1","file":"raptor04.babylon"},
"autoClear":true,"clearColor":[0,0,0],"gravity":[0,-9.81,0],
"materials":[{"name":"Material.001","id":"Material.001","customType":"BABYLON.StandardMaterial","backFaceCulling":true,"checkReadyOnlyOnce":false,"maxSimultaneousLights":4,"specular":[0.5,0.5,0.5],"specularPower":64,"alpha":1,"indexOfRefraction":0.6897, 
"diffuseTexture":{"name":"texture_BC.png","level":1,"hasAlpha":true,"coordinatesMode":0,"uOffset":0,"vOffset":0,"uScale":1,"vScale":1,"uAng":0,"vAng":0,"wAng":0,"wrapU":1,"wrapV":1,"coordinatesIndex":0}, 
"bumpTexture":{"name":"texture_NM.png","level":1,"hasAlpha":true,"coordinatesMode":0,"uOffset":0,"vOffset":0,"uScale":1,"vScale":1,"uAng":0,"vAng":0,"wAng":0,"wrapU":1,"wrapV":1,"coordinatesIndex":0}}],
"multiMaterials":[],
"skeletons":[{"name":"Armature","id":0,"dimensionsAtRest":[0.3957,1.4561,2.5726],"bones":[
{"name":"Armature","index":0,"matrix":[1,0,0,0,0,1,0,0,0,0,-1,0,0,0,0,1],"rest":[1,0,0,0,0,1,0,0,0,0,-1,0,0,0,0,1],"parentBoneIndex":-1,"length":0.8817
,"animation":{"dataType":3,"framePerSecond":24,"keys":[
{"frame":1,"values":[1,0,0,0,0,1,0,0,0,0,-1,0,0,0,0,1]},
{"frame":300,"values":[1,0,0,0,0,1,0,0,0,0,-1,0,0,0,0,1]}],"loopBehavior":1,"name":"anim","property":"_matrix"}},
{"name":"Base","index":1,"matrix":[-1,0,0,0,0,-0.0369,0.9993,0,0,0.9993,0.0369,0,0,0.865,-0.1707,1],"rest":[-1,0,0,0,0,-0.0369,0.9993,0,0,0.9992,0.0369,0,0,0.865,-0.1707,1],"parentBoneIndex":0,"length":0.3051
,"animation":{"dataType":3,"framePerSecond":24,"keys":[
{"frame":1,"values":[-1,0,0,0,0,-0.0369,0.9993,0,0,0.9993,0.0369,0,0,0.865,-0.1707,1]},
{"frame":300,"values":[-1,0,0,0,0,-0.0369,0.9993,0,0,0.9993,0.0369,0,0,0.865,-0.1707,1]}],"loopBehavior":1,"name":"anim","property":"_matrix"}},
{"name":"Body","index":2,"matrix":[-1,0,0,0,0,0.9404,0.34,0,0,0.34,-0.9404,0,0,0.3051,0,1],"rest":[-1,0,0,0,0,0.9404,0.3401,0,0,0.34,-0.9406,0,0,0.3051,0,1],"parentBoneIndex":1,"length":0.5578
,"animation":{"dataType":3,"framePerSecond":24,"keys":[
{"frame":1,"values":[-1,0,0,0,0,0.9404,0.34,0,0,0.34,-0.9404,0,0,0.3051,0,1]},
{"frame":2,"values":[-1,0,0,0,0,0.9405,0.3398,0,0,0.3398,-0.9405,0,0,0.3051,0,1]},
{"frame":3,"values":[-1,0,0,0,0,0.9408,0.3391,0,0,0.3391,-0.9408,0,0,0.3051,0,1]},
{"frame":4,"values":[-1,0,0,0,0,0.9412,0.3379,0,0,0.3379,-0.9412,0,0,0.3051,0,1]},
{"frame":5,"values":[-1,0,0,0,0,0.9418,0.3363,0,0,0.3363,-0.9418,0,0,0.3051,0,1]},
{"frame":6,"values":[-1,0,0,0,0,0.9425,0.3341,0,0,0.3341,-0.9425,0,0,0.3051,0,1]},
{"frame":7,"values":[-1,0,0,0,0,0.9434,0.3315,0,0,0.3315,-0.9434,0,0,0.3051,0,1]},
{"frame":8,"values":[-1,0,0,0,0,0.9445,0.3285,0,0,0.3285,-0.9445,0,0,0.3051,0,1]},
{"frame":9,"values":[-1,0,0,0,0,0.9457,0.325,0,0,0.325,-0.9457,0,0,0.3051,0,1]},
{"frame":10,"values":[-1,0,0,0,0,0.9471,0.3211,0,0,0.3211,-0.9471,0,0,0.3051,0,1]},
{"frame":11,"values":[-1,0,0,0,0,0.9485,0.3167,0,0,0.3167,-0.9485,0,0,0.3051,0,1]},
{"frame":12,"values":[-1,0,0,0,0,0.9501,0.312,0,0,0.312,-0.9501,0,0,0.3051,0,1]},
{"frame":13,"values":[-1,0,0,0,0,0.9517,0.3069,0,0,0.3069,-0.9517,0,0,0.3051,0,1]},
{"frame":14,"values":[-1,0,0,0,0,0.9534,0.3016,0,0,0.3016,-0.9534,0,0,0.3051,0,1]},
{"frame":15,"values":[-1,0,0,0,0,0.9552,0.296,0,0,0.296,-0.9552,0,0,0.3051,0,1]},
{"frame":16,"values":[-1,0,0,0,0,0.957,0.2902,0,0,0.2902,-0.957,0,0,0.3051,0,1]},
{"frame":17,"values":[-1,0,0,0,0,0.9587,0.2843,0,0,0.2843,-0.9587,0,0,0.3051,0,1]},
{"frame":18,"values":[-1,0,0,0,0,0.9605,0.2783,0,0,0.2783,-0.9605,0,0,0.3051,0,1]},
{"frame":19,"values":[-1,0,0,0,0,0.9622,0.2722,0,0,0.2722,-0.9622,0,0,0.3051,0,1]},
{"frame":20,"values":[-1,0,0,0,0,0.9639,0.2663,0,0,0.2663,-0.9639,0,0,0.3051,0,1]},
{"frame":21,"values":[-1,0,0,0,0,0.9655,0.2604,0,0,0.2604,-0.9655,0,0,0.3051,0,1]},
{"frame":22,"values":[-1,0,0,0,0,0.967,0.2548,0,0,0.2548,-0.967,0,0,0.3051,0,1]},
{"frame":23,"values":[-1,0,0,0,0,0.9684,0.2493,0,0,0.2493,-0.9684,0,0,0.3051,0,1]},
{"frame":24,"values":[-1,0,0,0,0,0.9697,0.2442,0,0,0.2442,-0.9697,0,0,0.3051,0,1]},
{"frame":25,"values":[-1,0,0,0,0,0.9709,0.2394,0,0,0.2394,-0.9709,0,0,0.3051,0,1]},
{"frame":26,"values":[-1,0,0,0,0,0.972,0.2349,0,0,0.2349,-0.972,0,0,0.3051,0,1]},
{"frame":27,"values":[-1,0,0,0,0,0.973,0.2309,0,0,0.2309,-0.973,0,0,0.3051,0,1]},
{"frame":28,"values":[-1,0,0,0,0,0.9738,0.2273,0,0,0.2273,-0.9738,0,0,0.3051,0,1]},
{"frame":29,"values":[-1,0,0,0,0,0.9746,0.2241,0,0,0.2241,-0.9746,0,0,0.3051,0,1]},
{"frame":30,"values":[-1,0,0,0,0,0.9752,0.2214,0,0,0.2214,-0.9752,0,0,0.3051,0,1]},
{"frame":31,"values":[-1,0,0,0,0,0.9757,0.2192,0,0,0.2192,-0.9757,0,0,0.3051,0,1]},
{"frame":32,"values":[-1,0,0,0,0,0.9761,0.2175,0,0,0.2175,-0.9761,0,0,0.3051,0,1]},
{"frame":33,"values":[-1,0,0,0,0,0.9763,0.2163,0,0,0.2163,-0.9763,0,0,0.3051,0,1]},
{"frame":34,"values":[-1,0,0,0,0,0.9765,0.2156,0,0,0.2156,-0.9765,0,0,0.3051,0,1]},
{"frame":35,"values":[-1,0,0,0,0,0.9765,0.2153,0,0,0.2153,-0.9765,0,0,0.3051,0,1]},
{"frame":36,"values":[-1,0,0,0,0,0.9765,0.2156,0,0,0.2156,-0.9765,0,0,0.3051,0,1]},
{"frame":37,"values":[-1,0,0,0,0,0.9763,0.2165,0,0,0.2165,-0.9763,0,0,0.3051,0,1]},
{"frame":38,"values":[-1,0,0,0,0,0.976,0.2179,0,0,0.2179,-0.976,0,0,0.3051,0,1]},
{"frame":39,"values":[-1,0,0,0,0,0.9755,0.22,0,0,0.22,-0.9755,0,0,0.3051,0,1]},
{"frame":40,"values":[-1,0,0,0,0,0.9749,0.2226,0,0,0.2226,-0.9749,0,0,0.3051,0,1]},
{"frame":41,"values":[-1,0,0,0,0,0.9742,0.2258,0,0,0.2258,-0.9742,0,0,0.3051,0,1]},
{"frame":42,"values":[-1,0,0,0,0,0.9733,0.2296,0,0,0.2296,-0.9733,0,0,0.3051,0,1]},
{"frame":43,"values":[-1,0,0,0,0,0.9723,0.2339,0,0,0.2339,-0.9723,0,0,0.3051,0,1]},
{"frame":44,"values":[-1,0,0,0,0,0.9711,0.2387,0,0,0.2387,-0.9711,0,0,0.3051,0,1]},
{"frame":45,"values":[-1,0,0,0,0,0.9698,0.244,0,0,0.244,-0.9698,0,0,0.3051,0,1]},
{"frame":46,"values":[-1,0,0,0,0,0.9683,0.2497,0,0,0.2497,-0.9683,0,0,0.3051,0,1]},
{"frame":47,"values":[-1,0,0,0,0,0.9667,0.2558,0,0,0.2558,-0.9667,0,0,0.3051,0,1]},
{"frame":48,"values":[-1,0,0,0,0,0.965,0.2622,0,0,0.2622,-0.965,0,0,0.3051,0,1]},
{"frame":49,"values":[-1,0,0,0,0,0.9632,0.2688,0,0,0.2688,-0.9632,0,0,0.3051,0,1]},
{"frame":50,"values":[-1,0,0,0,0,0.9612,0.2757,0,0,0.2757,-0.9612,0,0,0.3051,0,1]},
{"frame":51,"values":[-1,0,0,0,0,0.9592,0.2826,0,0,0.2826,-0.9592,0,0,0.3051,0,1]},
{"frame":52,"values":[-1,0,0,0,0,0.9572,0.2896,0,0,0.2896,-0.9572,0,0,0.3051,0,1]},
{"frame":53,"values":[-1,0,0,0,0,0.955,0.2965,0,0,0.2965,-0.955,0,0,0.3051,0,1]},
{"frame":54,"values":[-1,0,0,0,0,0.9529,0.3033,0,0,0.3033,-0.9529,0,0,0.3051,0,1]},
{"frame":55,"values":[-1,0,0,0,0,0.9508,0.3099,0,0,0.3099,-0.9508,0,0,0.3051,0,1]},
{"frame":56,"values":[-1,0,0,0,0,0.9487,0.3162,0,0,0.3162,-0.9487,0,0,0.3051,0,1]},
{"frame":57,"values":[-1,0,0,0,0,0.9467,0.3221,0,0,0.3221,-0.9467,0,0,0.3051,0,1]},
{"frame":58,"values":[-1,0,0,0,0,0.9448,0.3277,0,0,0.3277,-0.9448,0,0,0.3051,0,1]},
{"frame":59,"values":[-1,0,0,0,0,0.943,0.3328,0,0,0.3328,-0.943,0,0,0.3051,0,1]},
{"frame":60,"values":[-1,0,0,0,0,0.9413,0.3375,0,0,0.3375,-0.9413,0,0,0.3051,0,1]},
{"frame":61,"values":[-1,0,0,0,0,0.9398,0.3417,0,0,0.3417,-0.9398,0,0,0.3051,0,1]},
{"frame":62,"values":[-1,0,0,0,0,0.9385,0.3453,0,0,0.3453,-0.9385,0,0,0.3051,0,1]},
{"frame":63,"values":[-1,0,0,0,0,0.9374,0.3484,0,0,0.3484,-0.9374,0,0,0.3051,0,1]},
{"frame":64,"values":[-1,0,0,0,0,0.9364,0.3509,0,0,0.3509,-0.9364,0,0,0.3051,0,1]},
{"frame":65,"values":[-1,0,0,0,0,0.9357,0.3528,0,0,0.3528,-0.9357,0,0,0.3051,0,1]},
{"frame":66,"values":[-1,0,0,0,0,0.9352,0.3542,0,0,0.3542,-0.9352,0,0,0.3051,0,1]},
{"frame":67,"values":[-1,0,0,0,0,0.9348,0.3551,0,0,0.3551,-0.9348,0,0,0.3051,0,1]},
{"frame":68,"values":[-1,0,0,0,0,0.9347,0.3554,0,0,0.3554,-0.9347,0,0,0.3051,0,1]},
{"frame":69,"values":[-1,0,0,0,0,0.9347,0.3553,0,0,0.3553,-0.9347,0,0,0.3051,0,1]},
{"frame":70,"values":[-1,0,0,0,0,0.9348,0.3552,0,0,0.3552,-0.9348,0,0,0.3051,0,1]},
{"frame":71,"values":[-1,0,0,0,0,0.9349,0.355,0,0,0.355,-0.9349,0,0,0.3051,0,1]},
{"frame":72,"values":[-1,0,0,0,0,0.935,0.3547,0,0,0.3547,-0.935,0,0,0.3051,0,1]},
{"frame":73,"values":[-1,0,0,0,0,0.9351,0.3544,0,0,0.3544,-0.9351,0,0,0.3051,0,1]},
{"frame":74,"values":[-1,0,0,0,0,0.9353,0.354,0,0,0.354,-0.9353,0,0,0.3051,0,1]},
{"frame":75,"values":[-1,0,0,0,0,0.9354,0.3535,0,0,0.3535,-0.9354,0,0,0.3051,0,1]},
{"frame":76,"values":[-1,0,0,0,0,0.9357,0.3529,0,0,0.3529,-0.9357,0,0,0.3051,0,1]},
{"frame":77,"values":[-1,0,0,0,0,0.9359,0.3522,0,0,0.3522,-0.9359,0,0,0.3051,0,1]},
{"frame":78,"values":[-1,0,0,0,0,0.9362,0.3515,0,0,0.3515,-0.9362,0,0,0.3051,0,1]},
{"frame":79,"values":[-1,0,0,0,0,0.9365,0.3507,0,0,0.3507,-0.9365,0,0,0.3051,0,1]},
{"frame":80,"values":[-1,0,0,0,0,0.9368,0.3498,0,0,0.3498,-0.9368,0,0,0.3051,0,1]},
{"frame":81,"values":[-1,0,0,0,0,0.9372,0.3488,0,0,0.3488,-0.9372,0,0,0.3051,0,1]},
{"frame":82,"values":[-1,0,0,0,0,0.9376,0.3478,0,0,0.3478,-0.9376,0,0,0.3051,0,1]},
{"frame":83,"values":[-1,0,0,0,0,0.938,0.3467,0,0,0.3467,-0.938,0,0,0.3051,0,1]},
{"frame":84,"values":[-1,0,0,0,0,0.9384,0.3455,0,0,0.3455,-0.9384,0,0,0.3051,0,1]},
{"frame":85,"values":[-1,0,0,0,0,0.9389,0.3442,0,0,0.3442,-0.9389,0,0,0.3051,0,1]},
{"frame":86,"values":[-1,0,0,0,0,0.9394,0.3429,0,0,0.3429,-0.9394,0,0,0.3051,0,1]},
{"frame":87,"values":[-1,0,0,0,0,0.9399,0.3415,0,0,0.3415,-0.9399,0,0,0.3051,0,1]},
{"frame":88,"values":[-1,0,0,0,0,0.9404,0.34,0,0,0.34,-0.9404,0,0,0.3051,0,1]},
{"frame":89,"values":[-1,0,0,0,0,0.941,0.3385,0,0,0.3385,-0.941,0,0,0.3051,0,1]},
{"frame":90,"values":[-1,0,0,0,0,0.9416,0.3369,0,0,0.3369,-0.9416,0,0,0.3051,0,1]},
{"frame":91,"values":[-1,0,0,0,0,0.9421,0.3352,0,0,0.3352,-0.9421,0,0,0.3051,0,1]},
{"frame":92,"values":[-1,0,0,0,0,0.9427,0.3335,0,0,0.3335,-0.9427,0,0,0.3051,0,1]},
{"frame":93,"values":[-1,0,0,0,0,0.9434,0.3317,0,0,0.3317,-0.9434,0,0,0.3051,0,1]},
{"frame":94,"values":[-1,0,0,0,0,0.944,0.3299,0,0,0.3299,-0.944,0,0,0.3051,0,1]},
{"frame":95,"values":[-1,0,0,0,0,0.9447,0.3281,0,0,0.3281,-0.9447,0,0,0.3051,0,1]},
{"frame":96,"values":[-1,0,0,0,0,0.9453,0.3262,0,0,0.3262,-0.9453,0,0,0.3051,0,1]},
{"frame":97,"values":[-1,0,0,0,0,0.946,0.3242,0,0,0.3242,-0.946,0,0,0.3051,0,1]},
{"frame":98,"values":[-1,0,0,0,0,0.9467,0.3222,0,0,0.3222,-0.9467,0,0,0.3051,0,1]},
{"frame":99,"values":[-1,0,0,0,0,0.9473,0.3202,0,0,0.3202,-0.9473,0,0,0.3051,0,1]},
{"frame":100,"values":[-1,0,0,0,0,0.948,0.3182,0,0,0.3182,-0.948,0,0,0.3051,0,1]},
{"frame":101,"values":[-1,0,0,0,0,0.9487,0.3162,0,0,0.3162,-0.9487,0,0,0.3051,0,1]},
{"frame":102,"values":[-1,0,0,0,0,0.9494,0.3141,0,0,0.3141,-0.9494,0,0,0.3051,0,1]},
{"frame":103,"values":[-1,0,0,0,0,0.9501,0.312,0,0,0.312,-0.9501,0,0,0.3051,0,1]},
{"frame":104,"values":[-1,0,0,0,0,0.9508,0.3099,0,0,0.3099,-0.9508,0,0,0.3051,0,1]},
{"frame":105,"values":[-1,0,0,0,0,0.9514,0.3078,0,0,0.3078,-0.9514,0,0,0.3051,0,1]},
{"frame":106,"values":[-1,0,0,0,0,0.9521,0.3057,0,0,0.3057,-0.9521,0,0,0.3051,0,1]},
{"frame":107,"values":[-1,0,0,0,0,0.9528,0.3037,0,0,0.3037,-0.9528,0,0,0.3051,0,1]},
{"frame":108,"values":[-1,0,0,0,0,0.9534,0.3016,0,0,0.3016,-0.9534,0,0,0.3051,0,1]},
{"frame":109,"values":[-1,0,0,0,0,0.9541,0.2996,0,0,0.2996,-0.9541,0,0,0.3051,0,1]},
{"frame":110,"values":[-1,0,0,0,0,0.9547,0.2975,0,0,0.2975,-0.9547,0,0,0.3051,0,1]},
{"frame":111,"values":[-1,0,0,0,0,0.9553,0.2955,0,0,0.2955,-0.9553,0,0,0.3051,0,1]},
{"frame":112,"values":[-1,0,0,0,0,0.9559,0.2936,0,0,0.2936,-0.9559,0,0,0.3051,0,1]},
{"frame":113,"values":[-1,0,0,0,0,0.9565,0.2917,0,0,0.2917,-0.9565,0,0,0.3051,0,1]},
{"frame":114,"values":[-1,0,0,0,0,0.9571,0.2898,0,0,0.2898,-0.9571,0,0,0.3051,0,1]},
{"frame":115,"values":[-1,0,0,0,0,0.9577,0.2879,0,0,0.2879,-0.9577,0,0,0.3051,0,1]},
{"frame":116,"values":[-1,0,0,0,0,0.9582,0.2861,0,0,0.2861,-0.9582,0,0,0.3051,0,1]},
{"frame":117,"values":[-1,0,0,0,0,0.9587,0.2844,0,0,0.2844,-0.9587,0,0,0.3051,0,1]},
{"frame":118,"values":[-1,0,0,0,0,0.9592,0.2827,0,0,0.2827,-0.9592,0,0,0.3051,0,1]},
{"frame":119,"values":[-1,0,0,0,0,0.9597,0.2811,0,0,0.2811,-0.9597,0,0,0.3051,0,1]},
{"frame":120,"values":[-1,0,0,0,0,0.9601,0.2795,0,0,0.2795,-0.9601,0,0,0.3051,0,1]},
{"frame":121,"values":[-1,0,0,0,0,0.9606,0.278,0,0,0.278,-0.9606,0,0,0.3051,0,1]},
{"frame":122,"values":[-1,0,0,0,0,0.961,0.2766,0,0,0.2766,-0.961,0,0,0.3051,0,1]},
{"frame":123,"values":[-1,0,0,0,0,0.9614,0.2752,0,0,0.2752,-0.9614,0,0,0.3051,0,1]},
{"frame":124,"values":[-1,0,0,0,0,0.9617,0.2739,0,0,0.2739,-0.9617,0,0,0.3051,0,1]},
{"frame":125,"values":[-1,0,0,0,0,0.9621,0.2727,0,0,0.2727,-0.9621,0,0,0.3051,0,1]},
{"frame":126,"values":[-1,0,0,0,0,0.9624,0.2716,0,0,0.2716,-0.9624,0,0,0.3051,0,1]},
{"frame":127,"values":[-1,0,0,0,0,0.9627,0.2705,0,0,0.2705,-0.9627,0,0,0.3051,0,1]},
{"frame":128,"values":[-1,0,0,0,0,0.963,0.2695,0,0,0.2695,-0.963,0,0,0.3051,0,1]},
{"frame":129,"values":[-1,0,0,0,0,0.9633,0.2686,0,0,0.2686,-0.9633,0,0,0.3051,0,1]},
{"frame":130,"values":[-1,0,0,0,0,0.9635,0.2677,0,0,0.2677,-0.9635,0,0,0.3051,0,1]},
{"frame":131,"values":[-1,0,0,0,0,0.9637,0.267,0,0,0.267,-0.9637,0,0,0.3051,0,1]},
{"frame":132,"values":[-1,0,0,0,0,0.9639,0.2663,0,0,0.2663,-0.9639,0,0,0.3051,0,1]},
{"frame":133,"values":[-1,0,0,0,0,0.9641,0.2657,0,0,0.2657,-0.9641,0,0,0.3051,0,1]},
{"frame":134,"values":[-1,0,0,0,0,0.9642,0.2652,0,0,0.2652,-0.9642,0,0,0.3051,0,1]},
{"frame":135,"values":[-1,0,0,0,0,0.9643,0.2648,0,0,0.2648,-0.9643,0,0,0.3051,0,1]},
{"frame":136,"values":[-1,0,0,0,0,0.9644,0.2644,0,0,0.2644,-0.9644,0,0,0.3051,0,1]},
{"frame":137,"values":[-1,0,0,0,0,0.9645,0.2641,0,0,0.2641,-0.9645,0,0,0.3051,0,1]},
{"frame":138,"values":[-1,0,0,0,0,0.9645,0.2639,0,0,0.2639,-0.9645,0,0,0.3051,0,1]},
{"frame":139,"values":[-1,0,0,0,0,0.9646,0.2638,0,0,0.2638,-0.9646,0,0,0.3051,0,1]},
{"frame":141,"values":[-1,0,0,0,0,0.9645,0.264,0,0,0.264,-0.9645,0,0,0.3051,0,1]},
{"frame":142,"values":[-1,0,0,0,0,0.9643,0.2647,0,0,0.2647,-0.9643,0,0,0.3051,0,1]},
{"frame":143,"values":[-1,0,0,0,0,0.964,0.266,0,0,0.266,-0.964,0,0,0.3051,0,1]},
{"frame":144,"values":[-1,0,0,0,0,0.9635,0.2677,0,0,0.2677,-0.9635,0,0,0.3051,0,1]},
{"frame":145,"values":[-1,0,0,0,0,0.9629,0.2699,0,0,0.2699,-0.9629,0,0,0.3051,0,1]},
{"frame":146,"values":[-1,0,0,0,0,0.9621,0.2726,0,0,0.2726,-0.9621,0,0,0.3051,0,1]},
{"frame":147,"values":[-1,0,0,0,0,0.9612,0.2757,0,0,0.2757,-0.9612,0,0,0.3051,0,1]},
{"frame":148,"values":[-1,0,0,0,0,0.9602,0.2792,0,0,0.2792,-0.9602,0,0,0.3051,0,1]},
{"frame":149,"values":[-1,0,0,0,0,0.9591,0.2831,0,0,0.2831,-0.9591,0,0,0.3051,0,1]},
{"frame":150,"values":[-1,0,0,0,0,0.9578,0.2873,0,0,0.2873,-0.9578,0,0,0.3051,0,1]},
{"frame":151,"values":[-1,0,0,0,0,0.9565,0.2917,0,0,0.2917,-0.9565,0,0,0.3051,0,1]},
{"frame":152,"values":[-1,0,0,0,0,0.9551,0.2963,0,0,0.2963,-0.9551,0,0,0.3051,0,1]},
{"frame":153,"values":[-1,0,0,0,0,0.9536,0.301,0,0,0.301,-0.9536,0,0,0.3051,0,1]},
{"frame":154,"values":[-1,0,0,0,0,0.9522,0.3056,0,0,0.3056,-0.9522,0,0,0.3051,0,1]},
{"frame":155,"values":[-1,0,0,0,0,0.9507,0.3102,0,0,0.3102,-0.9507,0,0,0.3051,0,1]},
{"frame":156,"values":[-1,0,0,0,0,0.9492,0.3146,0,0,0.3146,-0.9492,0,0,0.3051,0,1]},
{"frame":157,"values":[-1,0,0,0,0,0.9478,0.3188,0,0,0.3188,-0.9478,0,0,0.3051,0,1]},
{"frame":158,"values":[-1,0,0,0,0,0.9465,0.3226,0,0,0.3226,-0.9465,0,0,0.3051,0,1]},
{"frame":159,"values":[-1,0,0,0,0,0.9453,0.3261,0,0,0.3261,-0.9453,0,0,0.3051,0,1]},
{"frame":160,"values":[-1,0,0,0,0,0.9443,0.3292,0,0,0.3292,-0.9443,0,0,0.3051,0,1]},
{"frame":161,"values":[-1,0,0,0,0,0.9433,0.3319,0,0,0.3319,-0.9433,0,0,0.3051,0,1]},
{"frame":162,"values":[-1,0,0,0,0,0.9426,0.3341,0,0,0.3341,-0.9426,0,0,0.3051,0,1]},
{"frame":163,"values":[-1,0,0,0,0,0.9419,0.3358,0,0,0.3358,-0.9419,0,0,0.3051,0,1]},
{"frame":164,"values":[-1,0,0,0,0,0.9415,0.337,0,0,0.337,-0.9415,0,0,0.3051,0,1]},
{"frame":165,"values":[-1,0,0,0,0,0.9412,0.3378,0,0,0.3378,-0.9412,0,0,0.3051,0,1]},
{"frame":166,"values":[-1,0,0,0,0,0.9411,0.3381,0,0,0.3381,-0.9411,0,0,0.3051,0,1]},
{"frame":168,"values":[-1,0,0,0,0,0.9411,0.3382,0,0,0.3382,-0.9411,0,0,0.3051,0,1]},
{"frame":171,"values":[-1,0,0,0,0,0.941,0.3383,0,0,0.3383,-0.941,0,0,0.3051,0,1]},
{"frame":173,"values":[-1,0,0,0,0,0.941,0.3384,0,0,0.3384,-0.941,0,0,0.3051,0,1]},
{"frame":176,"values":[-1,0,0,0,0,0.941,0.3385,0,0,0.3385,-0.941,0,0,0.3051,0,1]},
{"frame":178,"values":[-1,0,0,0,0,0.9409,0.3386,0,0,0.3386,-0.9409,0,0,0.3051,0,1]},
{"frame":181,"values":[-1,0,0,0,0,0.9409,0.3387,0,0,0.3387,-0.9409,0,0,0.3051,0,1]},
{"frame":183,"values":[-1,0,0,0,0,0.9409,0.3388,0,0,0.3388,-0.9409,0,0,0.3051,0,1]},
{"frame":185,"values":[-1,0,0,0,0,0.9408,0.3388,0,0,0.3388,-0.9408,0,0,0.3051,0,1]},
{"frame":186,"values":[-1,0,0,0,0,0.9408,0.3389,0,0,0.3389,-0.9408,0,0,0.3051,0,1]},
{"frame":189,"values":[-1,0,0,0,0,0.9408,0.339,0,0,0.339,-0.9408,0,0,0.3051,0,1]},
{"frame":192,"values":[-1,0,0,0,0,0.9408,0.3391,0,0,0.3391,-0.9408,0,0,0.3051,0,1]},
{"frame":193,"values":[-1,0,0,0,0,0.9407,0.3391,0,0,0.3391,-0.9407,0,0,0.3051,0,1]},
{"frame":195,"values":[-1,0,0,0,0,0.9407,0.3392,0,0,0.3392,-0.9407,0,0,0.3051,0,1]},
{"frame":198,"values":[-1,0,0,0,0,0.9407,0.3393,0,0,0.3393,-0.9407,0,0,0.3051,0,1]},
{"frame":202,"values":[-1,0,0,0,0,0.9407,0.3394,0,0,0.3394,-0.9407,0,0,0.3051,0,1]},
{"frame":203,"values":[-1,0,0,0,0,0.9406,0.3394,0,0,0.3394,-0.9406,0,0,0.3051,0,1]},
{"frame":206,"values":[-1,0,0,0,0,0.9406,0.3395,0,0,0.3395,-0.9406,0,0,0.3051,0,1]},
{"frame":210,"values":[-1,0,0,0,0,0.9406,0.3396,0,0,0.3396,-0.9406,0,0,0.3051,0,1]},
{"frame":215,"values":[-1,0,0,0,0,0.9405,0.3397,0,0,0.3397,-0.9405,0,0,0.3051,0,1]},
{"frame":221,"values":[-1,0,0,0,0,0.9405,0.3398,0,0,0.3398,-0.9405,0,0,0.3051,0,1]},
{"frame":229,"values":[-1,0,0,0,0,0.9405,0.3399,0,0,0.3399,-0.9405,0,0,0.3051,0,1]},
{"frame":238,"values":[-1,0,0,0,0,0.9404,0.3399,0,0,0.3399,-0.9404,0,0,0.3051,0,1]},
{"frame":241,"values":[-1,0,0,0,0,0.9404,0.34,0,0,0.34,-0.9404,0,0,0.3051,0,1]},
{"frame":300,"values":[-1,0,0,0,0,0.9404,0.34,0,0,0.34,-0.9404,0,0,0.3051,0,1]}],"loopBehavior":1,"name":"anim","property":"_matrix"}},
{"name":"Neck","index":3,"matrix":[1,0,0,0,0,0.9127,-0.4087,0,0,0.4087,0.9127,0,0,0.5578,0,1],"rest":[1,0,0,0,0,0.9127,-0.4087,0,0,0.4087,0.9127,0,0,0.5578,0,1],"parentBoneIndex":2,"length":0.2636
,"animation":{"dataType":3,"framePerSecond":24,"keys":[
{"frame":1,"values":[1,0,0,0,0,0.9127,-0.4087,0,0,0.4087,0.9127,0,0,0.5578,0,1]},
{"frame":2,"values":[1,0,0,0,0,0.9128,-0.4084,0,0,0.4084,0.9128,0,0,0.5578,0,1]},
{"frame":3,"values":[1,0,0,0,0,0.9131,-0.4077,0,0,0.4077,0.9131,0,0,0.5578,0,1]},
{"frame":4,"values":[1,0,0,0,0,0.9137,-0.4065,0,0,0.4065,0.9137,0,0,0.5578,0,1]},
{"frame":5,"values":[1,0,0,0,0,0.9144,-0.4047,0,0,0.4047,0.9144,0,0,0.5578,0,1]},
{"frame":6,"values":[1,0,0,0,0,0.9154,-0.4025,0,0,0.4025,0.9154,0,0,0.5578,0,1]},
{"frame":7,"values":[1,0,0,0,0,0.9166,-0.3998,0,0,0.3998,0.9166,0,0,0.5578,0,1]},
{"frame":8,"values":[1,0,0,0,0,0.918,-0.3966,0,0,0.3966,0.918,0,0,0.5578,0,1]},
{"frame":9,"values":[1,0,0,0,0,0.9195,-0.3931,0,0,0.3931,0.9195,0,0,0.5578,0,1]},
{"frame":10,"values":[1,0,0,0,0,0.9211,-0.3892,0,0,0.3892,0.9211,0,0,0.5578,0,1]},
{"frame":11,"values":[1,0,0,0,0,0.9229,-0.3851,0,0,0.3851,0.9229,0,0,0.5578,0,1]},
{"frame":12,"values":[1,0,0,0,0,0.9247,-0.3807,0,0,0.3807,0.9247,0,0,0.5578,0,1]},
{"frame":13,"values":[1,0,0,0,0,0.9265,-0.3763,0,0,0.3763,0.9265,0,0,0.5578,0,1]},
{"frame":14,"values":[1,0,0,0,0,0.9283,-0.3719,0,0,0.3719,0.9283,0,0,0.5578,0,1]},
{"frame":15,"values":[1,0,0,0,0,0.93,-0.3675,0,0,0.3675,0.93,0,0,0.5578,0,1]},
{"frame":16,"values":[1,0,0,0,0,0.9317,-0.3633,0,0,0.3633,0.9317,0,0,0.5578,0,1]},
{"frame":17,"values":[1,0,0,0,0,0.9332,-0.3594,0,0,0.3594,0.9332,0,0,0.5578,0,1]},
{"frame":18,"values":[1,0,0,0,0,0.9346,-0.3558,0,0,0.3558,0.9346,0,0,0.5578,0,1]},
{"frame":19,"values":[1,0,0,0,0,0.9358,-0.3526,0,0,0.3526,0.9358,0,0,0.5578,0,1]},
{"frame":20,"values":[1,0,0,0,0,0.9368,-0.3498,0,0,0.3498,0.9368,0,0,0.5578,0,1]},
{"frame":21,"values":[1,0,0,0,0,0.9377,-0.3475,0,0,0.3475,0.9377,0,0,0.5578,0,1]},
{"frame":22,"values":[1,0,0,0,0,0.9383,-0.3458,0,0,0.3458,0.9383,0,0,0.5578,0,1]},
{"frame":23,"values":[1,0,0,0,0,0.9388,-0.3445,0,0,0.3445,0.9388,0,0,0.5578,0,1]},
{"frame":24,"values":[1,0,0,0,0,0.9391,-0.3437,0,0,0.3437,0.9391,0,0,0.5578,0,1]},
{"frame":25,"values":[1,0,0,0,0,0.9392,-0.3435,0,0,0.3435,0.9392,0,0,0.5578,0,1]},
{"frame":26,"values":[1,0,0.0001,0,0,0.9391,-0.3436,0,-0.0001,0.3436,0.9391,0,0,0.5578,0,1]},
{"frame":27,"values":[1,0.0001,0.0003,0,0,0.9389,-0.3442,0,-0.0004,0.3442,0.9389,0,0,0.5578,0,1]},
{"frame":28,"values":[1,0.0003,0.0008,0,0,0.9386,-0.3451,0,-0.0009,0.3451,0.9386,0,0,0.5578,0,1]},
{"frame":29,"values":[1,0.0006,0.0014,0,-0.0001,0.9381,-0.3464,0,-0.0015,0.3464,0.9381,0,0,0.5578,0,1]},
{"frame":30,"values":[1,0.0009,0.0022,0,-0.0001,0.9374,-0.3481,0,-0.0024,0.3481,0.9374,0,0,0.5578,0,1]},
{"frame":31,"values":[1,0.0014,0.0031,0,-0.0002,0.9367,-0.3502,0,-0.0034,0.3502,0.9367,0,0,0.5578,0,1]},
{"frame":32,"values":[1,0.0019,0.0043,0,-0.0002,0.9358,-0.3526,0,-0.0046,0.3526,0.9358,0,0,0.5578,0,1]},
{"frame":33,"values":[1,0.0025,0.0055,0,-0.0003,0.9347,-0.3554,0,-0.0061,0.3554,0.9347,0,0,0.5578,0,1]},
{"frame":34,"values":[1,0.0031,0.007,0,-0.0004,0.9335,-0.3585,0,-0.0077,0.3585,0.9335,0,0,0.5578,0,1]},
{"frame":35,"values":[1,0.0039,0.0086,0,-0.0005,0.9322,-0.362,0,-0.0094,0.362,0.9321,0,0,0.5578,0,1]},
{"frame":36,"values":[0.9999,0.0048,0.0103,0,-0.0007,0.9307,-0.3657,0,-0.0113,0.3657,0.9307,0,0,0.5578,0,1]},
{"frame":37,"values":[0.9999,0.0057,0.0121,0,-0.0008,0.9291,-0.3698,0,-0.0134,0.3698,0.929,0,0,0.5578,0,1]},
{"frame":38,"values":[0.9999,0.0068,0.0141,0,-0.001,0.9274,-0.3741,0,-0.0156,0.3741,0.9273,0,0,0.5578,0,1]},
{"frame":39,"values":[0.9998,0.0079,0.0162,0,-0.0012,0.9255,-0.3787,0,-0.018,0.3786,0.9254,0,0,0.5578,0,1]},
{"frame":40,"values":[0.9998,0.0092,0.0183,0,-0.0015,0.9236,-0.3834,0,-0.0204,0.3833,0.9234,0,0,0.5578,0,1]},
{"frame":41,"values":[0.9997,0.0105,0.0205,0,-0.0017,0.9215,-0.3883,0,-0.0229,0.3882,0.9213,0,0,0.5578,0,1]},
{"frame":42,"values":[0.9997,0.0119,0.0227,0,-0.002,0.9194,-0.3933,0,-0.0255,0.3931,0.9191,0,0,0.5578,0,1]},
{"frame":43,"values":[0.9996,0.0133,0.0249,0,-0.0023,0.9172,-0.3984,0,-0.0281,0.3982,0.9169,0,0,0.5578,0,1]},
{"frame":44,"values":[0.9995,0.0149,0.0271,0,-0.0027,0.915,-0.4035,0,-0.0308,0.4033,0.9146,0,0,0.5578,0,1]},
{"frame":45,"values":[0.9994,0.0165,0.0293,0,-0.003,0.9127,-0.4086,0,-0.0335,0.4083,0.9122,0,0,0.5578,0,1]},
{"frame":46,"values":[0.9993,0.0181,0.0314,0,-0.0035,0.9104,-0.4137,0,-0.0361,0.4133,0.9099,0,0,0.5578,0,1]},
{"frame":47,"values":[0.9992,0.0198,0.0335,0,-0.0039,0.9081,-0.4187,0,-0.0387,0.4182,0.9075,0,0,0.5578,0,1]},
{"frame":48,"values":[0.9991,0.0215,0.0355,0,-0.0044,0.9059,-0.4235,0,-0.0413,0.423,0.9052,0,0,0.5578,0,1]},
{"frame":49,"values":[0.999,0.0232,0.0374,0,-0.005,0.9037,-0.4281,0,-0.0437,0.4275,0.9029,0,0,0.5578,0,1]},
{"frame":50,"values":[0.9989,0.025,0.0391,0,-0.0056,0.9016,-0.4326,0,-0.0461,0.4319,0.9007,0,0,0.5578,0,1]},
{"frame":51,"values":[0.9988,0.0267,0.0407,0,-0.0063,0.8995,-0.4368,0,-0.0483,0.436,0.8986,0,0,0.5578,0,1]},
{"frame":52,"values":[0.9987,0.0285,0.0422,0,-0.007,0.8976,-0.4407,0,-0.0504,0.4399,0.8966,0,0,0.5578,0,1]},
{"frame":53,"values":[0.9986,0.0302,0.0434,0,-0.0078,0.8958,-0.4444,0,-0.0523,0.4434,0.8948,0,0,0.5578,0,1]},
{"frame":54,"values":[0.9985,0.0319,0.0446,0,-0.0086,0.8941,-0.4477,0,-0.0541,0.4467,0.8931,0,0,0.5578,0,1]},
{"frame":55,"values":[0.9984,0.0336,0.0455,0,-0.0095,0.8926,-0.4507,0,-0.0558,0.4496,0.8915,0,0,0.5578,0,1]},
{"frame":56,"values":[0.9983,0.0352,0.0463,0,-0.0104,0.8912,-0.4534,0,-0.0572,0.4522,0.8901,0,0,0.5578,0,1]},
{"frame":57,"values":[0.9982,0.0368,0.0468,0,-0.0115,0.89,-0.4558,0,-0.0585,0.4544,0.8889,0,0,0.5578,0,1]},
{"frame":58,"values":[0.9981,0.0384,0.0472,0,-0.0125,0.889,-0.4577,0,-0.0596,0.4563,0.8878,0,0,0.5578,0,1]},
{"frame":59,"values":[0.9981,0.0399,0.0474,0,-0.0137,0.8881,-0.4594,0,-0.0605,0.4578,0.887,0,0,0.5578,0,1]},
{"frame":60,"values":[0.998,0.0413,0.0475,0,-0.0148,0.8875,-0.4606,0,-0.0612,0.459,0.8863,0,0,0.5578,0,1]},
{"frame":61,"values":[0.998,0.0427,0.0473,0,-0.0161,0.887,-0.4616,0,-0.0617,0.4599,0.8858,0,0,0.5578,0,1]},
{"frame":62,"values":[0.9979,0.0441,0.047,0,-0.0174,0.8867,-0.4621,0,-0.062,0.4603,0.8856,0,0,0.5578,0,1]},
{"frame":63,"values":[0.9979,0.0453,0.0465,0,-0.0188,0.8865,-0.4623,0,-0.0621,0.4605,0.8855,0,0,0.5578,0,1]},
{"frame":64,"values":[0.9979,0.0466,0.0458,0,-0.0202,0.8865,-0.4623,0,-0.0622,0.4604,0.8855,0,0,0.5578,0,1]},
{"frame":65,"values":[0.9978,0.048,0.0451,0,-0.0218,0.8864,-0.4624,0,-0.0622,0.4604,0.8855,0,0,0.5578,0,1]},
{"frame":66,"values":[0.9978,0.0495,0.0443,0,-0.0234,0.8864,-0.4624,0,-0.0622,0.4603,0.8856,0,0,0.5578,0,1]},
{"frame":67,"values":[0.9978,0.0511,0.0434,0,-0.0252,0.8863,-0.4624,0,-0.0621,0.4603,0.8856,0,0,0.5578,0,1]},
{"frame":68,"values":[0.9977,0.0527,0.0425,0,-0.0271,0.8862,-0.4624,0,-0.062,0.4602,0.8856,0,0,0.5578,0,1]},
{"frame":69,"values":[0.9977,0.0544,0.0415,0,-0.0291,0.8862,-0.4625,0,-0.0619,0.4602,0.8857,0,0,0.5578,0,1]},
{"frame":70,"values":[0.9976,0.0563,0.0403,0,-0.0313,0.8861,-0.4625,0,-0.0618,0.4601,0.8857,0,0,0.5578,0,1]},
{"frame":71,"values":[0.9975,0.0581,0.0392,0,-0.0335,0.886,-0.4625,0,-0.0616,0.46,0.8858,0,0,0.5578,0,1]},
{"frame":72,"values":[0.9975,0.0601,0.0379,0,-0.0358,0.8859,-0.4625,0,-0.0614,0.4599,0.8858,0,0,0.5578,0,1]},
{"frame":73,"values":[0.9974,0.0622,0.0365,0,-0.0383,0.8858,-0.4625,0,-0.0611,0.4599,0.8859,0,0,0.5578,0,1]},
{"frame":74,"values":[0.9973,0.0643,0.0351,0,-0.0408,0.8857,-0.4624,0,-0.0608,0.4598,0.886,0,0,0.5578,0,1]},
{"frame":75,"values":[0.9972,0.0665,0.0336,0,-0.0435,0.8856,-0.4624,0,-0.0605,0.4596,0.886,0,0,0.5578,0,1]},
{"frame":76,"values":[0.9971,0.0688,0.032,0,-0.0462,0.8855,-0.4623,0,-0.0601,0.4595,0.8861,0,0,0.5578,0,1]},
{"frame":77,"values":[0.997,0.0711,0.0303,0,-0.0491,0.8854,-0.4623,0,-0.0597,0.4594,0.8862,0,0,0.5578,0,1]},
{"frame":78,"values":[0.9969,0.0735,0.0286,0,-0.052,0.8853,-0.4622,0,-0.0593,0.4593,0.8863,0,0,0.5578,0,1]},
{"frame":79,"values":[0.9968,0.076,0.0267,0,-0.0551,0.8851,-0.4621,0,-0.0588,0.4591,0.8864,0,0,0.5578,0,1]},
{"frame":80,"values":[0.9966,0.0785,0.0248,0,-0.0582,0.885,-0.4619,0,-0.0582,0.4589,0.8866,0,0,0.5578,0,1]},
{"frame":81,"values":[0.9965,0.081,0.0228,0,-0.0614,0.8849,-0.4618,0,-0.0576,0.4587,0.8867,0,0,0.5578,0,1]},
{"frame":82,"values":[0.9963,0.0836,0.0207,0,-0.0647,0.8847,-0.4616,0,-0.0569,0.4585,0.8868,0,0,0.5578,0,1]},
{"frame":83,"values":[0.9961,0.0863,0.0186,0,-0.068,0.8846,-0.4614,0,-0.0562,0.4583,0.887,0,0,0.5578,0,1]},
{"frame":84,"values":[0.9959,0.089,0.0163,0,-0.0714,0.8844,-0.4611,0,-0.0555,0.4581,0.8872,0,0,0.5578,0,1]},
{"frame":85,"values":[0.9957,0.0917,0.014,0,-0.0749,0.8843,-0.4609,0,-0.0546,0.4578,0.8874,0,0,0.5578,0,1]},
{"frame":86,"values":[0.9955,0.0944,0.0116,0,-0.0785,0.8842,-0.4606,0,-0.0537,0.4576,0.8875,0,0,0.5578,0,1]},
{"frame":87,"values":[0.9952,0.0971,0.0092,0,-0.082,0.884,-0.4602,0,-0.0528,0.4573,0.8878,0,0,0.5578,0,1]},
{"frame":88,"values":[0.995,0.0999,0.0066,0,-0.0857,0.8839,-0.4598,0,-0.0518,0.457,0.888,0,0,0.5578,0,1]},
{"frame":89,"values":[0.9947,0.1026,0.004,0,-0.0893,0.8837,-0.4594,0,-0.0507,0.4566,0.8882,0,0,0.5578,0,1]},
{"frame":90,"values":[0.9944,0.1054,0.0014,0,-0.093,0.8836,-0.4589,0,-0.0496,0.4563,0.8885,0,0,0.5578,0,1]},
{"frame":91,"values":[0.9941,0.1081,-0.0013,0,-0.0967,0.8835,-0.4584,0,-0.0484,0.4559,0.8887,0,0,0.5578,0,1]},
{"frame":92,"values":[0.9938,0.1108,-0.0041,0,-0.1004,0.8833,-0.4579,0,-0.0471,0.4555,0.889,0,0,0.5578,0,1]},
{"frame":93,"values":[0.9935,0.1135,-0.007,0,-0.1041,0.8832,-0.4573,0,-0.0458,0.455,0.8893,0,0,0.5578,0,1]},
{"frame":94,"values":[0.9932,0.1162,-0.0099,0,-0.1079,0.8831,-0.4566,0,-0.0444,0.4546,0.8896,0,0,0.5578,0,1]},
{"frame":95,"values":[0.9928,0.1188,-0.0128,0,-0.1116,0.883,-0.4559,0,-0.0429,0.4541,0.8899,0,0,0.5578,0,1]},
{"frame":96,"values":[0.9925,0.1214,-0.0158,0,-0.1153,0.8829,-0.4552,0,-0.0413,0.4536,0.8903,0,0,0.5578,0,1]},
{"frame":97,"values":[0.9921,0.124,-0.0188,0,-0.1189,0.8828,-0.4544,0,-0.0397,0.453,0.8906,0,0,0.5578,0,1]},
{"frame":98,"values":[0.9917,0.1264,-0.0219,0,-0.1225,0.8828,-0.4535,0,-0.038,0.4524,0.891,0,0,0.5578,0,1]},
{"frame":99,"values":[0.9914,0.1288,-0.025,0,-0.1261,0.8828,-0.4526,0,-0.0362,0.4518,0.8914,0,0,0.5578,0,1]},
{"frame":100,"values":[0.991,0.1312,-0.0281,0,-0.1297,0.8827,-0.4516,0,-0.0344,0.4512,0.8918,0,0,0.5578,0,1]},
{"frame":101,"values":[0.9906,0.1334,-0.0313,0,-0.1331,0.8827,-0.4506,0,-0.0325,0.4505,0.8922,0,0,0.5578,0,1]},
{"frame":102,"values":[0.9902,0.1356,-0.0345,0,-0.1365,0.8828,-0.4495,0,-0.0305,0.4498,0.8926,0,0,0.5578,0,1]},
{"frame":103,"values":[0.9898,0.1376,-0.0377,0,-0.1398,0.8828,-0.4484,0,-0.0284,0.4491,0.893,0,0,0.5578,0,1]},
{"frame":104,"values":[0.9894,0.1396,-0.0409,0,-0.1431,0.8829,-0.4472,0,-0.0263,0.4483,0.8935,0,0,0.5578,0,1]},
{"frame":105,"values":[0.989,0.1415,-0.0442,0,-0.1462,0.883,-0.4459,0,-0.0241,0.4475,0.894,0,0,0.5578,0,1]},
{"frame":106,"values":[0.9886,0.1432,-0.0474,0,-0.1493,0.8832,-0.4446,0,-0.0218,0.4466,0.8945,0,0,0.5578,0,1]},
{"frame":107,"values":[0.9882,0.1449,-0.0507,0,-0.1522,0.8834,-0.4433,0,-0.0194,0.4457,0.8949,0,0,0.5578,0,1]},
{"frame":108,"values":[0.9878,0.1464,-0.054,0,-0.1551,0.8836,-0.4419,0,-0.017,0.4448,0.8955,0,0,0.5578,0,1]},
{"frame":109,"values":[0.9874,0.1478,-0.0572,0,-0.1578,0.8838,-0.4404,0,-0.0145,0.4439,0.896,0,0,0.5578,0,1]},
{"frame":110,"values":[0.987,0.1491,-0.0605,0,-0.1604,0.8841,-0.4389,0,-0.012,0.4429,0.8965,0,0,0.5578,0,1]},
{"frame":111,"values":[0.9866,0.1502,-0.0637,0,-0.1629,0.8844,-0.4373,0,-0.0093,0.4418,0.897,0,0,0.5578,0,1]},
{"frame":112,"values":[0.9862,0.1512,-0.0669,0,-0.1652,0.8848,-0.4357,0,-0.0067,0.4408,0.8976,0,0,0.5578,0,1]},
{"frame":113,"values":[0.9859,0.1521,-0.0702,0,-0.1674,0.8852,-0.434,0,-0.0039,0.4397,0.8982,0,0,0.5578,0,1]},
{"frame":114,"values":[0.9855,0.1528,-0.0734,0,-0.1695,0.8856,-0.4323,0,-0.0011,0.4385,0.8987,0,0,0.5578,0,1]},
{"frame":115,"values":[0.9852,0.1534,-0.0766,0,-0.1714,0.8861,-0.4306,0,0.0018,0.4373,0.8993,0,0,0.5578,0,1]},
{"frame":116,"values":[0.9849,0.1539,-0.0797,0,-0.1732,0.8866,-0.4288,0,0.0047,0.4361,0.8999,0,0,0.5578,0,1]},
{"frame":117,"values":[0.9846,0.1542,-0.0829,0,-0.1749,0.8872,-0.4269,0,0.0077,0.4348,0.9005,0,0,0.5578,0,1]},
{"frame":118,"values":[0.9843,0.1543,-0.086,0,-0.1763,0.8878,-0.425,0,0.0107,0.4335,0.9011,0,0,0.5578,0,1]},
{"frame":119,"values":[0.984,0.1543,-0.0891,0,-0.1777,0.8885,-0.4231,0,0.0138,0.4322,0.9017,0,0,0.5578,0,1]},
{"frame":120,"values":[0.9837,0.1542,-0.0921,0,-0.1788,0.8892,-0.4211,0,0.017,0.4308,0.9023,0,0,0.5578,0,1]},
{"frame":121,"values":[0.9835,0.1539,-0.0952,0,-0.1798,0.8899,-0.4191,0,0.0202,0.4293,0.9029,0,0,0.5578,0,1]},
{"frame":122,"values":[0.9833,0.1535,-0.0982,0,-0.1807,0.8907,-0.4171,0,0.0234,0.4279,0.9035,0,0,0.5578,0,1]},
{"frame":123,"values":[0.983,0.1529,-0.1011,0,-0.1814,0.8915,-0.415,0,0.0267,0.4263,0.9042,0,0,0.5578,0,1]},
{"frame":124,"values":[0.9829,0.1522,-0.1041,0,-0.1819,0.8924,-0.4129,0,0.03,0.4248,0.9048,0,0,0.5578,0,1]},
{"frame":125,"values":[0.9827,0.1513,-0.107,0,-0.1823,0.8933,-0.4108,0,0.0334,0.4232,0.9054,0,0,0.5578,0,1]},
{"frame":126,"values":[0.9825,0.1503,-0.1099,0,-0.1825,0.8943,-0.4086,0,0.0368,0.4215,0.9061,0,0,0.5578,0,1]},
{"frame":127,"values":[0.9824,0.1491,-0.1127,0,-0.1825,0.8953,-0.4064,0,0.0403,0.4198,0.9067,0,0,0.5578,0,1]},
{"frame":128,"values":[0.9824,0.1472,-0.1153,0,-0.1816,0.8984,-0.3999,0,0.0447,0.4138,0.9093,0,0,0.5578,0,1]},
{"frame":129,"values":[0.9826,0.1439,-0.1176,0,-0.1786,0.9055,-0.3848,0,0.0511,0.3991,0.9155,0,0,0.5578,0,1]},
{"frame":130,"values":[0.983,0.1391,-0.1195,0,-0.1735,0.9162,-0.3611,0,0.0592,0.3757,0.9248,0,0,0.5578,0,1]},
{"frame":131,"values":[0.9837,0.133,-0.121,0,-0.1662,0.9294,-0.3296,0,0.0687,0.3443,0.9363,0,0,0.5578,0,1]},
{"frame":132,"values":[0.9845,0.1258,-0.1224,0,-0.1568,0.9435,-0.2919,0,0.0787,0.3065,0.9486,0,0,0.5578,0,1]},
{"frame":133,"values":[0.9853,0.1178,-0.1235,0,-0.1458,0.957,-0.2506,0,0.0887,0.265,0.9602,0,0,0.5578,0,1]},
{"frame":134,"values":[0.9862,0.1093,-0.1244,0,-0.1338,0.9687,-0.2093,0,0.0976,0.223,0.9699,0,0,0.5578,0,1]},
{"frame":135,"values":[0.987,0.101,-0.1251,0,-0.1217,0.9777,-0.1713,0,0.1051,0.1843,0.9772,0,0,0.5578,0,1]},
{"frame":136,"values":[0.9877,0.093,-0.1256,0,-0.1104,0.984,-0.1396,0,0.1106,0.1517,0.9822,0,0,0.5578,0,1]},
{"frame":137,"values":[0.9884,0.0858,-0.1256,0,-0.1005,0.9881,-0.1162,0,0.1141,0.1275,0.9853,0,0,0.5578,0,1]},
{"frame":138,"values":[0.989,0.0795,-0.1251,0,-0.0925,0.9905,-0.1022,0,0.1158,0.1126,0.9869,0,0,0.5578,0,1]},
{"frame":139,"values":[0.9895,0.0741,-0.1241,0,-0.0865,0.9914,-0.0978,0,0.1158,0.1075,0.9874,0,0,0.5578,0,1]},
{"frame":140,"values":[0.99,0.0693,-0.1227,0,-0.0817,0.9917,-0.0989,0,0.1148,0.108,0.9875,0,0,0.5578,0,1]},
{"frame":141,"values":[0.9906,0.0644,-0.1207,0,-0.0769,0.9918,-0.1016,0,0.1132,0.1099,0.9875,0,0,0.5578,0,1]},
{"frame":142,"values":[0.9912,0.0596,-0.1184,0,-0.0723,0.9918,-0.1059,0,0.1111,0.1135,0.9873,0,0,0.5578,0,1]},
{"frame":143,"values":[0.9918,0.0548,-0.1155,0,-0.0678,0.9914,-0.1117,0,0.1084,0.1186,0.987,0,0,0.5578,0,1]},
{"frame":144,"values":[0.9924,0.05,-0.1122,0,-0.0634,0.9909,-0.119,0,0.1053,0.1253,0.9865,0,0,0.5578,0,1]},
{"frame":145,"values":[0.9931,0.0453,-0.1085,0,-0.0591,0.99,-0.1279,0,0.1016,0.1335,0.9858,0,0,0.5578,0,1]},
{"frame":146,"values":[0.9937,0.0407,-0.1042,0,-0.055,0.9889,-0.1383,0,0.0975,0.1431,0.9849,0,0,0.5578,0,1]},
{"frame":147,"values":[0.9944,0.0362,-0.0996,0,-0.051,0.9874,-0.15,0,0.0929,0.1542,0.9837,0,0,0.5578,0,1]},
{"frame":148,"values":[0.995,0.0319,-0.0945,0,-0.0471,0.9855,-0.1629,0,0.0879,0.1666,0.9821,0,0,0.5578,0,1]},
{"frame":149,"values":[0.9956,0.0278,-0.089,0,-0.0433,0.9832,-0.1771,0,0.0826,0.1802,0.9802,0,0,0.5578,0,1]},
{"frame":150,"values":[0.9962,0.0239,-0.0832,0,-0.0396,0.9806,-0.1922,0,0.077,0.1948,0.9778,0,0,0.5578,0,1]},
{"frame":151,"values":[0.9968,0.0203,-0.0771,0,-0.036,0.9774,-0.2081,0,0.0711,0.2102,0.9751,0,0,0.5578,0,1]},
{"frame":152,"values":[0.9973,0.017,-0.0708,0,-0.0326,0.9739,-0.2246,0,0.0651,0.2263,0.9719,0,0,0.5578,0,1]},
{"frame":153,"values":[0.9978,0.014,-0.0644,0,-0.0292,0.97,-0.2414,0,0.059,0.2428,0.9683,0,0,0.5578,0,1]},
{"frame":154,"values":[0.9983,0.0113,-0.0579,0,-0.026,0.9657,-0.2584,0,0.053,0.2595,0.9643,0,0,0.5578,0,1]},
{"frame":155,"values":[0.9986,0.009,-0.0514,0,-0.0228,0.9611,-0.2753,0,0.0469,0.2761,0.96,0,0,0.5578,0,1]},
{"frame":156,"values":[0.999,0.007,-0.0451,0,-0.0199,0.9562,-0.2919,0,0.0411,0.2925,0.9554,0,0,0.5578,0,1]},
{"frame":157,"values":[0.9992,0.0053,-0.0389,0,-0.017,0.9513,-0.3079,0,0.0354,0.3083,0.9506,0,0,0.5578,0,1]},
{"frame":158,"values":[0.9994,0.0039,-0.0331,0,-0.0144,0.9462,-0.3232,0,0.03,0.3235,0.9458,0,0,0.5578,0,1]},
{"frame":159,"values":[0.9996,0.0028,-0.0275,0,-0.0119,0.9413,-0.3375,0,0.025,0.3377,0.9409,0,0,0.5578,0,1]},
{"frame":160,"values":[0.9997,0.0019,-0.0224,0,-0.0097,0.9364,-0.3507,0,0.0203,0.3508,0.9362,0,0,0.5578,0,1]},
{"frame":161,"values":[0.9998,0.0013,-0.0178,0,-0.0076,0.9319,-0.3627,0,0.0161,0.3628,0.9317,0,0,0.5578,0,1]},
{"frame":162,"values":[0.9999,0.0008,-0.0136,0,-0.0058,0.9276,-0.3735,0,0.0123,0.3735,0.9275,0,0,0.5578,0,1]},
{"frame":163,"values":[0.9999,0.0005,-0.01,0,-0.0043,0.9238,-0.3828,0,0.0091,0.3828,0.9238,0,0,0.5578,0,1]},
{"frame":164,"values":[1,0.0002,-0.0069,0,-0.0029,0.9205,-0.3908,0,0.0063,0.3908,0.9205,0,0,0.5578,0,1]},
{"frame":165,"values":[1,0.0001,-0.0044,0,-0.0019,0.9177,-0.3972,0,0.004,0.3972,0.9177,0,0,0.5578,0,1]},
{"frame":166,"values":[1,0,-0.0025,0,-0.001,0.9155,-0.4023,0,0.0022,0.4023,0.9155,0,0,0.5578,0,1]},
{"frame":167,"values":[1,0,-0.0011,0,-0.0005,0.9139,-0.4058,0,0.001,0.4058,0.9139,0,0,0.5578,0,1]},
{"frame":168,"values":[1,0,-0.0003,0,-0.0001,0.913,-0.408,0,0.0002,0.408,0.913,0,0,0.5578,0,1]},
{"frame":169,"values":[1,0,0,0,0,0.9127,-0.4087,0,0,0.4087,0.9127,0,0,0.5578,0,1]},
{"frame":300,"values":[1,0,0,0,0,0.9127,-0.4087,0,0,0.4087,0.9127,0,0,0.5578,0,1]}],"loopBehavior":1,"name":"anim","property":"_matrix"}},
{"name":"Head","index":4,"matrix":[1,0,0,0,0,0.4652,0.8852,0,0,-0.8852,0.4652,0,0,0.425,0,1],"rest":[1,0,0,0,0,0.4652,0.8852,0,0,-0.8852,0.4652,0,0,0.425,0,1],"parentBoneIndex":3,"length":0.1279
,"animation":{"dataType":3,"framePerSecond":24,"keys":[
{"frame":1,"values":[1,0,0,0,0,0.4652,0.8852,0,0,-0.8852,0.4652,0,0,0.425,0,1]},
{"frame":2,"values":[1,0.0004,-0.001,0,0.0006,0.4648,0.8854,0,0.0008,-0.8854,0.4648,0,0,0.425,0,1]},
{"frame":3,"values":[1,0.0017,-0.0038,0,0.0026,0.4636,0.886,0,0.0033,-0.886,0.4636,0,0,0.425,0,1]},
{"frame":4,"values":[1,0.0039,-0.0087,0,0.0059,0.4615,0.8871,0,0.0074,-0.8871,0.4615,0,0,0.425,0,1]},
{"frame":5,"values":[0.9999,0.0069,-0.0154,0,0.0105,0.4587,0.8885,0,0.0132,-0.8886,0.4585,0,0,0.425,0,1]},
{"frame":6,"values":[0.9997,0.0109,-0.024,0,0.0164,0.455,0.8903,0,0.0206,-0.8904,0.4547,0,0,0.425,0,1]},
{"frame":7,"values":[0.9993,0.0157,-0.0344,0,0.0237,0.4506,0.8924,0,0.0295,-0.8926,0.4499,0,0,0.425,0,1]},
{"frame":8,"values":[0.9987,0.0214,-0.0465,0,0.0321,0.4456,0.8947,0,0.0398,-0.895,0.4443,0,0,0.425,0,1]},
{"frame":9,"values":[0.9978,0.0278,-0.06,0,0.0417,0.4399,0.8971,0,0.0513,-0.8976,0.4378,0,0,0.425,0,1]},
{"frame":10,"values":[0.9966,0.035,-0.0747,0,0.0522,0.4337,0.8995,0,0.0638,-0.9004,0.4304,0,0,0.425,0,1]},
{"frame":11,"values":[0.995,0.0427,-0.0903,0,0.0636,0.4272,0.9019,0,0.0771,-0.9031,0.4223,0,0,0.425,0,1]},
{"frame":12,"values":[0.993,0.0509,-0.1066,0,0.0755,0.4205,0.9042,0,0.0909,-0.9059,0.4137,0,0,0.425,0,1]},
{"frame":13,"values":[0.9906,0.0594,-0.1231,0,0.0878,0.4136,0.9062,0,0.1048,-0.9085,0.4045,0,0,0.425,0,1]},
{"frame":14,"values":[0.9879,0.0681,-0.1395,0,0.1002,0.4069,0.908,0,0.1185,-0.9109,0.3952,0,0,0.425,0,1]},
{"frame":15,"values":[0.9849,0.0766,-0.1554,0,0.1124,0.4004,0.9094,0,0.1319,-0.9131,0.3857,0,0,0.425,0,1]},
{"frame":16,"values":[0.9817,0.0849,-0.1705,0,0.1241,0.3942,0.9106,0,0.1445,-0.9151,0.3765,0,0,0.425,0,1]},
{"frame":17,"values":[0.9784,0.0927,-0.1846,0,0.1351,0.3885,0.9115,0,0.1562,-0.9168,0.3676,0,0,0.425,0,1]},
{"frame":18,"values":[0.9752,0.0999,-0.1973,0,0.1453,0.3834,0.9121,0,0.1668,-0.9182,0.3594,0,0,0.425,0,1]},
{"frame":19,"values":[0.9722,0.1064,-0.2086,0,0.1543,0.3789,0.9125,0,0.1761,-0.9193,0.3519,0,0,0.425,0,1]},
{"frame":20,"values":[0.9695,0.112,-0.2182,0,0.1621,0.375,0.9127,0,0.1841,-0.9202,0.3454,0,0,0.425,0,1]},
{"frame":21,"values":[0.9671,0.1167,-0.2261,0,0.1685,0.3718,0.9129,0,0.1906,-0.9209,0.3399,0,0,0.425,0,1]},
{"frame":22,"values":[0.9652,0.1203,-0.2322,0,0.1736,0.3694,0.9129,0,0.1957,-0.9214,0.3356,0,0,0.425,0,1]},
{"frame":23,"values":[0.9638,0.123,-0.2366,0,0.1772,0.3676,0.9129,0,0.1993,-0.9218,0.3325,0,0,0.425,0,1]},
{"frame":24,"values":[0.9629,0.1245,-0.2392,0,0.1794,0.3666,0.9129,0,0.2014,-0.922,0.3307,0,0,0.425,0,1]},
{"frame":25,"values":[0.9627,0.1251,-0.2401,0,0.1801,0.3663,0.9129,0,0.2021,-0.9221,0.3301,0,0,0.425,0,1]},
{"frame":26,"values":[0.9634,0.124,-0.2375,0,0.1777,0.3674,0.9129,0,0.2004,-0.9218,0.3319,0,0,0.425,0,1]},
{"frame":27,"values":[0.9658,0.1208,-0.2295,0,0.1705,0.3707,0.913,0,0.1954,-0.9209,0.3374,0,0,0.425,0,1]},
{"frame":28,"values":[0.9695,0.1155,-0.216,0,0.1586,0.3763,0.9128,0,0.1868,-0.9193,0.3465,0,0,0.425,0,1]},
{"frame":29,"values":[0.9743,0.1083,-0.1973,0,0.142,0.384,0.9123,0,0.1746,-0.9169,0.3588,0,0,0.425,0,1]},
{"frame":30,"values":[0.9798,0.0994,-0.1736,0,0.1215,0.3938,0.9111,0,0.1589,-0.9138,0.3738,0,0,0.425,0,1]},
