{"producer":{"name":"Blender","version":"3.6.3","exporter_version":"3.3.2","file":"new_witch01.babylon"},
"autoClear":true,"clearColor":[0.0509,0.0509,0.0509],"gravity":[0,-9.81,0],
"materials":[{"name":"Monk01:Uni1228:Defaultskin","id":"Monk01:Uni1228:Defaultskin","customType":"BABYLON.StandardMaterial","emissive":[0,0,0],"specular":[0,0,0],"specularPower":0,"indexOfRefraction":0.6897, 
"diffuseTexture":{"name":"unn1221_newface.png","hasAlpha":true,"level":1,"coordinatesMode":0,"coordinatesIndex":0,"wrapU":1,"wrapV":1}},
{"name":"grey_hair","id":"grey_hair","customType":"BABYLON.StandardMaterial","diffuse":[0.0333,0.0333,0.0333],"emissive":[0,0,0],"specular":[0.1182,0.1182,0.1182],"specularPower":60.5091,"indexOfRefraction":0.6897},
{"name":"Monk01:Low-poly:Eye_brown","id":"Monk01:Low-poly:Eye_brown","customType":"BABYLON.StandardMaterial","emissive":[0,0,0],"specular":[0.5,0.5,0.5],"specularPower":64,"indexOfRefraction":0.6897, 
"diffuseTexture":{"name":"brown_eye.png","hasAlpha":true,"level":1,"coordinatesMode":0,"coordinatesIndex":0,"wrapU":1,"wrapV":1}},
{"name":"theRobe","id":"theRobe","customType":"BABYLON.StandardMaterial","diffuse":[0,0,0],"emissive":[0,0,0],"specular":[0,0,0],"specularPower":0,"indexOfRefraction":0.6897},
{"name":"candy","id":"candy","customType":"BABYLON.StandardMaterial","emissive":[0,0,0],"specular":[0,0,0],"specularPower":0,"indexOfRefraction":0.6897, 
"diffuseTexture":{"name":"candybars01.jpg","hasAlpha":false,"level":1,"coordinatesMode":0,"coordinatesIndex":0,"wrapU":1,"wrapV":1}}],
"multiMaterials":[{"name":"new_witch01.Multimaterial#0","id":"new_witch01.Multimaterial#0","materials":["Monk01:Uni1228:Defaultskin","grey_hair","Monk01:Low-poly:Eye_brown"]},{"name":"new_witch01.Multimaterial#1","id":"new_witch01.Multimaterial#1","materials":["theRobe","grey_hair"]}],
"skeletons":[{"name":"Monk01","id":0,"dimensionsAtRest":[0.9621,1.6405,0.3125],"bones":[
{"name":"Hips","index":0,"matrix":[1,0,0,0,0,0.8996,0.4368,0,0,0.4368,-0.8996,0,0,0.8958,0.4715,1],"rest":[1,0,0,0,0,0.8996,0.4368,0,0,0.4368,-0.8996,0,0,1.2764,-0.0132,1],"parentBoneIndex":-1,"length":0.0887
,"animation":
{"name":"anim","property":"_matrix","dataType":3,"framePerSecond":24,"loopBehavior":1,"keys":[
{"frame":1,"values":[1,0,0,0,0,0.8996,0.4368,0,0,0.4368,-0.8996,0,0,0.8958,0.4715,1]},
{"frame":2,"values":[1,0,0,0,0,0.9075,0.42,0,0,0.42,-0.9075,0,0,0.8958,0.4715,1]},
{"frame":3,"values":[1,0,0,0,0,0.9273,0.3742,0,0,0.3742,-0.9273,0,0,0.8958,0.4715,1]},
{"frame":4,"values":[1,0,0,0,0,0.9521,0.3058,0,0,0.3058,-0.9521,0,0,0.8958,0.4715,1]},
{"frame":5,"values":[1,0,0,0,0,0.975,0.2222,0,0,0.2222,-0.975,0,0,0.8958,0.4715,1]},
{"frame":6,"values":[1,0,0,0,0,0.9912,0.1323,0,0,0.1323,-0.9912,0,0,0.8958,0.4715,1]},
{"frame":7,"values":[1,0,0,0,0,0.9989,0.046,0,0,0.046,-0.9989,0,0,0.8958,0.4715,1]},
{"frame":8,"values":[1,0,0,0,0,0.9996,-0.0267,0,0,-0.0267,-0.9996,0,0,0.8958,0.4715,1]},
{"frame":9,"values":[1,0,0,0,0,0.9971,-0.0766,0,0,-0.0766,-0.9971,0,0,0.8958,0.4715,1]},
{"frame":10,"values":[1,0,0,0,0,0.9955,-0.0951,0,0,-0.0951,-0.9955,0,0,0.8958,0.4715,1]},
{"frame":21,"values":[1,0,0,0,0,0.9966,-0.0825,0,0,-0.0825,-0.9966,0,0,0.8958,0.4715,1]},
{"frame":22,"values":[1,0,0,0,0,0.9988,-0.048,0,0,-0.048,-0.9988,0,0,0.8958,0.4715,1]},
{"frame":23,"values":[1,0,0,0,0,1,0.004,0,0,0.004,-1,0,0,0.8958,0.4715,1]},
{"frame":24,"values":[1,0,0,0,0,0.9976,0.0686,0,0,0.0686,-0.9976,0,0,0.8958,0.4715,1]},
{"frame":25,"values":[1,0,0,0,0,0.9901,0.1405,0,0,0.1405,-0.9901,0,0,0.8958,0.4715,1]},
{"frame":26,"values":[1,0,0,0,0,0.9768,0.2142,0,0,0.2142,-0.9768,0,0,0.8958,0.4715,1]},
{"frame":27,"values":[1,0,0,0,0,0.9588,0.2842,0,0,0.2842,-0.9588,0,0,0.8958,0.4715,1]},
{"frame":28,"values":[1,0,0,0,0,0.9384,0.3455,0,0,0.3455,-0.9384,0,0,0.8958,0.4715,1]},
{"frame":29,"values":[1,0,0,0,0,0.9192,0.3938,0,0,0.3938,-0.9192,0,0,0.8958,0.4715,1]},
{"frame":30,"values":[1,0,0,0,0,0.905,0.4254,0,0,0.4254,-0.905,0,0,0.8958,0.4715,1]},
{"frame":31,"values":[1,0,0,0,0,0.8996,0.4368,0,0,0.4368,-0.8996,0,0,0.8958,0.4715,1]},
{"frame":41,"values":[1,0,0,0,0,0.8996,0.4368,0,0,0.4368,-0.8996,0,0,0.8958,0.4715,1]},
{"frame":71,"values":[1,0,0,0,0,0.8996,0.4368,0,0,0.4368,-0.8996,0,0,0.8958,0.4715,1]},
{"frame":81,"values":[1,0,0,0,0,0.8996,0.4368,0,0,0.4368,-0.8996,0,0,0.8958,0.4715,1]},
{"frame":82,"values":[1,0,0,0,0,0.9014,0.433,0,0,0.433,-0.9014,0,0,0.8958,0.4715,1]},
{"frame":83,"values":[1,0,0,0,0,0.9061,0.4231,0,0,0.4231,-0.9061,0,0,0.8958,0.4715,1]},
{"frame":84,"values":[1,0,0,0,0,0.9123,0.4096,0,0,0.4096,-0.9123,0,0,0.8958,0.4715,1]},
{"frame":85,"values":[1,0,0,0,0,0.9188,0.3947,0,0,0.3947,-0.9188,0,0,0.8958,0.4715,1]},
{"frame":86,"values":[1,0,0,0,0,0.9246,0.381,0,0,0.381,-0.9246,0,0,0.8958,0.4715,1]},
{"frame":87,"values":[1,0,0,0,0,0.9287,0.3709,0,0,0.3709,-0.9287,0,0,0.8958,0.4715,1]},
{"frame":88,"values":[1,0,0,0,0,0.9302,0.367,0,0,0.367,-0.9302,0,0,0.8958,0.4715,1]},
{"frame":89,"values":[1,0,0,0,0,0.9294,0.369,0,0,0.369,-0.9294,0,0,0.8958,0.4715,1]},
{"frame":90,"values":[1,0,0,0,0,0.9272,0.3745,0,0,0.3745,-0.9272,0,0,0.8958,0.4715,1]},
{"frame":91,"values":[1,0,0,0,0,0.9237,0.3831,0,0,0.3831,-0.9237,0,0,0.8958,0.4715,1]},
{"frame":92,"values":[1,0,0,0,0,0.919,0.3942,0,0,0.3942,-0.919,0,0,0.8958,0.4715,1]},
{"frame":93,"values":[1,0,0,0,0,0.9134,0.4071,0,0,0.4071,-0.9134,0,0,0.8958,0.4715,1]},
{"frame":94,"values":[1,0,0,0,0,0.9069,0.4212,0,0,0.4212,-0.9069,0,0,0.8958,0.4715,1]},
{"frame":95,"values":[1,0,0,0,0,0.8999,0.4361,0,0,0.4361,-0.8999,0,0,0.8958,0.4715,1]},
{"frame":96,"values":[1,0,0,0,0,0.8924,0.4512,0,0,0.4512,-0.8924,0,0,0.8958,0.4715,1]},
{"frame":97,"values":[1,0,0,0,0,0.8849,0.4658,0,0,0.4658,-0.8849,0,0,0.8958,0.4715,1]},
{"frame":98,"values":[1,0,0,0,0,0.8775,0.4795,0,0,0.4795,-0.8775,0,0,0.8958,0.4715,1]},
{"frame":99,"values":[1,0,0,0,0,0.8707,0.4918,0,0,0.4918,-0.8707,0,0,0.8958,0.4715,1]},
{"frame":100,"values":[1,0,0,0,0,0.8647,0.5022,0,0,0.5022,-0.8647,0,0,0.8958,0.4715,1]},
{"frame":101,"values":[1,0,0,0,0,0.86,0.5102,0,0,0.5102,-0.86,0,0,0.8958,0.4715,1]},
{"frame":102,"values":[1,0,0,0,0,0.857,0.5154,0,0,0.5154,-0.857,0,0,0.8958,0.4715,1]},
{"frame":103,"values":[1,0,0,0,0,0.8559,0.5172,0,0,0.5172,-0.8559,0,0,0.8958,0.4715,1]},
{"frame":104,"values":[1,0,0,0,0,0.8579,0.5138,0,0,0.5138,-0.8579,0,0,0.8958,0.4715,1]},
{"frame":105,"values":[1,0,0,0,0,0.8632,0.5049,0,0,0.5049,-0.8632,0,0,0.8958,0.4715,1]},
{"frame":106,"values":[1,0,0,0,0,0.8705,0.4922,0,0,0.4922,-0.8705,0,0,0.8958,0.4715,1]},
{"frame":107,"values":[1,0,0,0,0,0.8786,0.4775,0,0,0.4775,-0.8786,0,0,0.8958,0.4715,1]},
{"frame":108,"values":[1,0,0,0,0,0.8865,0.4627,0,0,0.4627,-0.8865,0,0,0.8958,0.4715,1]},
{"frame":109,"values":[1,0,0,0,0,0.8932,0.4496,0,0,0.4496,-0.8932,0,0,0.8958,0.4715,1]},
{"frame":110,"values":[1,0,0,0,0,0.8978,0.4403,0,0,0.4403,-0.8978,0,0,0.8958,0.4715,1]},
{"frame":111,"values":[1,0,0,0,0,0.8996,0.4368,0,0,0.4368,-0.8996,0,0,0.8958,0.4715,1]}]}},
{"name":"LHipJoint","index":1,"matrix":[-0.1014,0.1425,-0.9846,0,0.9936,-0.0359,-0.1076,0,-0.0506,-0.9891,-0.1379,0,0,0,0,1],"rest":[-0.1014,0.1425,-0.9846,0,0.9936,-0.0359,-0.1076,0,-0.0506,-0.9891,-0.1379,0,0,0,0,1],"parentBoneIndex":0,"length":0.102
,"animation":
{"name":"anim","property":"_matrix","dataType":3,"framePerSecond":24,"loopBehavior":1,"keys":[
{"frame":1,"values":[-0.1014,0.1425,-0.9846,0,0.9936,-0.0359,-0.1076,0,-0.0506,-0.9891,-0.1379,0,0,0,0,1]},
{"frame":31,"values":[-0.1014,0.1425,-0.9846,0,0.9936,-0.0359,-0.1076,0,-0.0506,-0.9891,-0.1379,0,0,0,0,1]},
{"frame":41,"values":[-0.1014,0.1425,-0.9846,0,0.9936,-0.0359,-0.1076,0,-0.0506,-0.9891,-0.1379,0,0,0,0,1]},
{"frame":71,"values":[-0.1014,0.1425,-0.9846,0,0.9936,-0.0359,-0.1076,0,-0.0506,-0.9891,-0.1379,0,0,0,0,1]},
{"frame":81,"values":[-0.1014,0.1425,-0.9846,0,0.9936,-0.0359,-0.1076,0,-0.0506,-0.9891,-0.1379,0,0,0,0,1]},
{"frame":111,"values":[-0.1014,0.1425,-0.9846,0,0.9936,-0.0359,-0.1076,0,-0.0506,-0.9891,-0.1379,0,0,0,0,1]}]}},
{"name":"LeftUpLeg","index":2,"matrix":[-0.0515,0.9706,-0.235,0,-0.932,0.0378,0.3606,0,0.3589,0.2376,0.9026,0,0,0.102,0,1],"rest":[-0.1458,0.9784,-0.1465,0,0.2107,0.1754,0.9617,0,0.9666,0.1094,-0.2317,0,0,0.102,0,1],"parentBoneIndex":1,"length":0.3944
,"animation":
{"name":"anim","property":"_matrix","dataType":3,"framePerSecond":24,"loopBehavior":1,"keys":[
{"frame":1,"values":[-0.0515,0.9706,-0.235,0,-0.932,0.0378,0.3606,0,0.3589,0.2376,0.9026,0,0,0.102,0,1]},
{"frame":2,"values":[-0.0482,0.971,-0.2341,0,-0.9383,0.0363,0.3439,0,0.3424,0.2362,0.9094,0,0,0.102,0,1]},
{"frame":3,"values":[-0.0393,0.9721,-0.2312,0,-0.9539,0.0324,0.2984,0,0.2976,0.2323,0.926,0,0,0.102,0,1]},
{"frame":4,"values":[-0.0266,0.9737,-0.2262,0,-0.9726,0.0271,0.231,0,0.231,0.2262,0.9463,0,0,0.102,0,1]},
{"frame":5,"values":[-0.0121,0.9756,-0.2191,0,-0.9886,0.0213,0.1492,0,0.1503,0.2184,0.9642,0,0,0.102,0,1]},
{"frame":6,"values":[0.0025,0.9776,-0.2103,0,-0.998,0.0159,0.0619,0,0.0639,0.2098,0.9757,0,0,0.102,0,1]},
{"frame":7,"values":[0.0155,0.9795,-0.2008,0,-0.9997,0.0115,-0.0214,0,-0.0186,0.2011,0.9794,0,0,0.102,0,1]},
{"frame":8,"values":[0.0258,0.981,-0.192,0,-0.9958,0.0084,-0.0912,0,-0.0878,0.1936,0.9771,0,0,0.102,0,1]},
{"frame":9,"values":[0.0325,0.9821,-0.1856,0,-0.9903,0.0065,-0.1388,0,-0.1352,0.1883,0.9728,0,0,0.102,0,1]},
{"frame":10,"values":[0.0349,0.9825,-0.1831,0,-0.9877,0.0059,-0.1565,0,-0.1527,0.1863,0.9706,0,0,0.102,0,1]},
{"frame":21,"values":[0.0332,0.9822,-0.1848,0,-0.9895,0.0063,-0.1445,0,-0.1408,0.1877,0.9721,0,0,0.102,0,1]},
{"frame":22,"values":[0.0287,0.9815,-0.1893,0,-0.9937,0.0075,-0.1115,0,-0.108,0.1914,0.9756,0,0,0.102,0,1]},
{"frame":23,"values":[0.0215,0.9804,-0.1959,0,-0.9981,0.0096,-0.0617,0,-0.0586,0.1968,0.9787,0,0,0.102,0,1]},
{"frame":24,"values":[0.0122,0.979,-0.2034,0,-0.9999,0.0126,0.0004,0,0.003,0.2034,0.9791,0,0,0.102,0,1]},
{"frame":25,"values":[0.0012,0.9774,-0.2112,0,-0.9974,0.0163,0.0698,0,0.0717,0.2106,0.9749,0,0,0.102,0,1]},
{"frame":26,"values":[-0.0107,0.9758,-0.2184,0,-0.9897,0.0208,0.1414,0,0.1425,0.2177,0.9656,0,0,0.102,0,1]},
{"frame":27,"values":[-0.0228,0.9742,-0.2245,0,-0.9774,0.0255,0.2098,0,0.2101,0.2242,0.9516,0,0,0.102,0,1]},
{"frame":28,"values":[-0.0339,0.9728,-0.2292,0,-0.9624,0.0301,0.2701,0,0.2696,0.2297,0.9352,0,0,0.102,0,1]},
{"frame":29,"values":[-0.0431,0.9716,-0.2325,0,-0.9475,0.0341,0.3178,0,0.3168,0.234,0.9192,0,0,0.102,0,1]},
{"frame":30,"values":[-0.0493,0.9709,-0.2344,0,-0.9363,0.0368,0.3492,0,0.3477,0.2367,0.9072,0,0,0.102,0,1]},
{"frame":31,"values":[-0.0515,0.9706,-0.235,0,-0.932,0.0378,0.3606,0,0.3589,0.2376,0.9026,0,0,0.102,0,1]},
{"frame":41,"values":[-0.0515,0.9706,-0.235,0,-0.932,0.0378,0.3606,0,0.3589,0.2376,0.9026,0,0,0.102,0,1]},
{"frame":71,"values":[-0.0515,0.9706,-0.235,0,-0.932,0.0378,0.3606,0,0.3589,0.2376,0.9026,0,0,0.102,0,1]},
{"frame":81,"values":[-0.0515,0.9706,-0.235,0,-0.932,0.0378,0.3606,0,0.3589,0.2376,0.9026,0,0,0.102,0,1]},
{"frame":82,"values":[-0.0508,0.9707,-0.2348,0,-0.9334,0.0375,0.3568,0,0.3551,0.2373,0.9042,0,0,0.102,0,1]},
{"frame":83,"values":[-0.0488,0.9709,-0.2343,0,-0.9372,0.0366,0.347,0,0.3455,0.2365,0.9081,0,0,0.102,0,1]},
{"frame":84,"values":[-0.0461,0.9713,-0.2335,0,-0.9421,0.0354,0.3335,0,0.3322,0.2353,0.9134,0,0,0.102,0,1]},
{"frame":85,"values":[-0.0432,0.9716,-0.2325,0,-0.9472,0.0341,0.3188,0,0.3176,0.234,0.9189,0,0,0.102,0,1]},
{"frame":86,"values":[-0.0406,0.972,-0.2317,0,-0.9517,0.033,0.3051,0,0.3042,0.2329,0.9237,0,0,0.102,0,1]},
{"frame":87,"values":[-0.0387,0.9722,-0.231,0,-0.9549,0.0322,0.2952,0,0.2944,0.232,0.9271,0,0,0.102,0,1]},
{"frame":88,"values":[-0.0379,0.9723,-0.2307,0,-0.9561,0.0318,0.2913,0,0.2905,0.2316,0.9284,0,0,0.102,0,1]},
{"frame":89,"values":[-0.0383,0.9722,-0.2308,0,-0.9555,0.032,0.2932,0,0.2925,0.2318,0.9278,0,0,0.102,0,1]},
{"frame":90,"values":[-0.0394,0.9721,-0.2312,0,-0.9538,0.0324,0.2987,0,0.2979,0.2323,0.9259,0,0,0.102,0,1]},
{"frame":91,"values":[-0.041,0.9719,-0.2318,0,-0.951,0.0332,0.3073,0,0.3063,0.233,0.923,0,0,0.102,0,1]},
{"frame":92,"values":[-0.0431,0.9716,-0.2325,0,-0.9474,0.0341,0.3182,0,0.3171,0.234,0.9191,0,0,0.102,0,1]},
{"frame":93,"values":[-0.0456,0.9713,-0.2333,0,-0.943,0.0352,0.331,0,0.3297,0.2351,0.9143,0,0,0.102,0,1]},
{"frame":94,"values":[-0.0484,0.971,-0.2342,0,-0.9379,0.0364,0.3451,0,0.3436,0.2363,0.9089,0,0,0.102,0,1]},
{"frame":95,"values":[-0.0514,0.9706,-0.235,0,-0.9322,0.0378,0.3599,0,0.3582,0.2376,0.9029,0,0,0.102,0,1]},
{"frame":96,"values":[-0.0544,0.9703,-0.2358,0,-0.9262,0.0392,0.3749,0,0.373,0.2388,0.8966,0,0,0.102,0,1]},
{"frame":97,"values":[-0.0574,0.9699,-0.2366,0,-0.9201,0.0405,0.3895,0,0.3874,0.2401,0.8901,0,0,0.102,0,1]},
{"frame":98,"values":[-0.0603,0.9696,-0.2373,0,-0.9141,0.0418,0.4033,0,0.4009,0.2412,0.8838,0,0,0.102,0,1]},
{"frame":99,"values":[-0.0629,0.9693,-0.2378,0,-0.9085,0.0431,0.4156,0,0.4131,0.2422,0.8779,0,0,0.102,0,1]},
{"frame":100,"values":[-0.0651,0.969,-0.2383,0,-0.9036,0.0441,0.4261,0,0.4234,0.243,0.8727,0,0,0.102,0,1]},
{"frame":101,"values":[-0.0668,0.9688,-0.2386,0,-0.8997,0.0449,0.4341,0,0.4313,0.2437,0.8687,0,0,0.102,0,1]},
{"frame":102,"values":[-0.0679,0.9687,-0.2388,0,-0.8972,0.0454,0.4393,0,0.4364,0.2441,0.866,0,0,0.102,0,1]},
{"frame":103,"values":[-0.0683,0.9686,-0.2389,0,-0.8963,0.0456,0.4412,0,0.4382,0.2442,0.865,0,0,0.102,0,1]},
{"frame":104,"values":[-0.0676,0.9687,-0.2388,0,-0.8979,0.0453,0.4378,0,0.4349,0.244,0.8668,0,0,0.102,0,1]},
{"frame":105,"values":[-0.0656,0.9689,-0.2384,0,-0.9023,0.0444,0.4288,0,0.4261,0.2432,0.8714,0,0,0.102,0,1]},
{"frame":106,"values":[-0.0629,0.9693,-0.2378,0,-0.9083,0.0431,0.416,0,0.4135,0.2422,0.8777,0,0,0.102,0,1]},
{"frame":107,"values":[-0.0599,0.9696,-0.2372,0,-0.915,0.0417,0.4013,0,0.3989,0.241,0.8847,0,0,0.102,0,1]},
{"frame":108,"values":[-0.0568,0.97,-0.2364,0,-0.9215,0.0402,0.3864,0,0.3843,0.2398,0.8915,0,0,0.102,0,1]},
{"frame":109,"values":[-0.0541,0.9703,-0.2357,0,-0.9269,0.039,0.3734,0,0.3715,0.2387,0.8972,0,0,0.102,0,1]},
{"frame":110,"values":[-0.0522,0.9705,-0.2352,0,-0.9306,0.0382,0.3641,0,0.3623,0.2379,0.9012,0,0,0.102,0,1]},
{"frame":111,"values":[-0.0515,0.9706,-0.235,0,-0.932,0.0378,0.3606,0,0.3589,0.2376,0.9026,0,0,0.102,0,1]}]}},
{"name":"LeftLeg","index":3,"matrix":[0.9933,0.0889,0.0744,0,-0.1006,0.3421,0.9343,0,0.0576,-0.9354,0.3488,0,0,0.3944,0,1],"rest":[0.9999,0.0112,0.0132,0,-0.0127,0.9929,0.118,0,-0.0117,-0.1181,0.9929,0,0,0.3944,0,1],"parentBoneIndex":2,"length":0.4076
,"animation":
{"name":"anim","property":"_matrix","dataType":3,"framePerSecond":24,"loopBehavior":1,"keys":[
{"frame":1,"values":[0.9933,0.0889,0.0744,0,-0.1006,0.3421,0.9343,0,0.0576,-0.9354,0.3488,0,0,0.3944,0,1]},
{"frame":2,"values":[0.9933,0.0889,0.0743,0,-0.1005,0.343,0.9339,0,0.0575,-0.9351,0.3496,0,0,0.3944,0,1]},
{"frame":3,"values":[0.9933,0.0888,0.0741,0,-0.1004,0.3453,0.9331,0,0.0573,-0.9343,0.3519,0,0,0.3944,0,1]},
{"frame":4,"values":[0.9933,0.0887,0.0738,0,-0.1003,0.3486,0.9319,0,0.0569,-0.9331,0.3552,0,0,0.3944,0,1]},
{"frame":5,"values":[0.9934,0.0885,0.0734,0,-0.1002,0.3525,0.9304,0,0.0565,-0.9316,0.3591,0,0,0.3944,0,1]},
{"frame":6,"values":[0.9934,0.0884,0.073,0,-0.1,0.3565,0.9289,0,0.0561,-0.9301,0.363,0,0,0.3944,0,1]},
{"frame":7,"values":[0.9934,0.0882,0.0727,0,-0.0998,0.3602,0.9275,0,0.0557,-0.9287,0.3666,0,0,0.3944,0,1]},
{"frame":8,"values":[0.9935,0.0881,0.0724,0,-0.0997,0.3631,0.9264,0,0.0554,-0.9276,0.3696,0,0,0.3944,0,1]},
{"frame":9,"values":[0.9935,0.0881,0.0722,0,-0.0996,0.3651,0.9256,0,0.0552,-0.9268,0.3715,0,0,0.3944,0,1]},
{"frame":10,"values":[0.9935,0.088,0.0721,0,-0.0996,0.3658,0.9254,0,0.0551,-0.9265,0.3722,0,0,0.3944,0,1]},
{"frame":21,"values":[0.9935,0.0881,0.0722,0,-0.0996,0.3653,0.9255,0,0.0551,-0.9267,0.3717,0,0,0.3944,0,1]},
{"frame":22,"values":[0.9935,0.0881,0.0723,0,-0.0997,0.364,0.9261,0,0.0553,-0.9272,0.3704,0,0,0.3944,0,1]},
{"frame":23,"values":[0.9935,0.0882,0.0725,0,-0.0998,0.3619,0.9269,0,0.0555,-0.928,0.3683,0,0,0.3944,0,1]},
{"frame":24,"values":[0.9934,0.0883,0.0728,0,-0.0999,0.3593,0.9279,0,0.0558,-0.9291,0.3657,0,0,0.3944,0,1]},
{"frame":25,"values":[0.9934,0.0884,0.073,0,-0.1,0.3562,0.929,0,0.0561,-0.9302,0.3627,0,0,0.3944,0,1]},
{"frame":26,"values":[0.9934,0.0885,0.0734,0,-0.1001,0.3529,0.9303,0,0.0564,-0.9315,0.3594,0,0,0.3944,0,1]},
{"frame":27,"values":[0.9933,0.0886,0.0737,0,-0.1003,0.3497,0.9315,0,0.0568,-0.9327,0.3562,0,0,0.3944,0,1]},
{"frame":28,"values":[0.9933,0.0887,0.0739,0,-0.1004,0.3467,0.9326,0,0.0571,-0.9338,0.3533,0,0,0.3944,0,1]},
{"frame":29,"values":[0.9933,0.0888,0.0742,0,-0.1005,0.3443,0.9335,0,0.0574,-0.9346,0.3509,0,0,0.3944,0,1]},
{"frame":30,"values":[0.9933,0.0889,0.0743,0,-0.1005,0.3427,0.934,0,0.0575,-0.9352,0.3493,0,0,0.3944,0,1]},
{"frame":31,"values":[0.9933,0.0889,0.0744,0,-0.1006,0.3421,0.9343,0,0.0576,-0.9354,0.3488,0,0,0.3944,0,1]},
{"frame":41,"values":[0.9933,0.0889,0.0744,0,-0.1006,0.3421,0.9343,0,0.0576,-0.9354,0.3488,0,0,0.3944,0,1]},
{"frame":71,"values":[0.9933,0.0889,0.0744,0,-0.1006,0.3421,0.9343,0,0.0576,-0.9354,0.3488,0,0,0.3944,0,1]},
{"frame":81,"values":[0.9933,0.0889,0.0744,0,-0.1006,0.3421,0.9343,0,0.0576,-0.9354,0.3488,0,0,0.3944,0,1]},
{"frame":82,"values":[0.9933,0.0889,0.0743,0,-0.1006,0.3423,0.9342,0,0.0576,-0.9354,0.3489,0,0,0.3944,0,1]},
{"frame":83,"values":[0.9933,0.0889,0.0743,0,-0.1005,0.3428,0.934,0,0.0575,-0.9352,0.3494,0,0,0.3944,0,1]},
{"frame":84,"values":[0.9933,0.0888,0.0742,0,-0.1005,0.3435,0.9338,0,0.0575,-0.9349,0.3501,0,0,0.3944,0,1]},
{"frame":85,"values":[0.9933,0.0888,0.0742,0,-0.1005,0.3443,0.9335,0,0.0574,-0.9347,0.3509,0,0,0.3944,0,1]},
{"frame":86,"values":[0.9933,0.0888,0.0741,0,-0.1005,0.345,0.9332,0,0.0573,-0.9344,0.3516,0,0,0.3944,0,1]},
{"frame":87,"values":[0.9933,0.0888,0.0741,0,-0.1004,0.3455,0.933,0,0.0572,-0.9342,0.3521,0,0,0.3944,0,1]},
{"frame":88,"values":[0.9933,0.0888,0.074,0,-0.1004,0.3457,0.933,0,0.0572,-0.9342,0.3523,0,0,0.3944,0,1]},
{"frame":89,"values":[0.9933,0.0888,0.074,0,-0.1004,0.3456,0.933,0,0.0572,-0.9342,0.3522,0,0,0.3944,0,1]},
{"frame":90,"values":[0.9933,0.0888,0.0741,0,-0.1004,0.3453,0.9331,0,0.0573,-0.9343,0.3519,0,0,0.3944,0,1]},
{"frame":91,"values":[0.9933,0.0888,0.0741,0,-0.1005,0.3449,0.9333,0,0.0573,-0.9344,0.3515,0,0,0.3944,0,1]},
{"frame":92,"values":[0.9933,0.0888,0.0742,0,-0.1005,0.3443,0.9335,0,0.0574,-0.9347,0.3509,0,0,0.3944,0,1]},
{"frame":93,"values":[0.9933,0.0888,0.0742,0,-0.1005,0.3436,0.9337,0,0.0574,-0.9349,0.3503,0,0,0.3944,0,1]},
{"frame":94,"values":[0.9933,0.0889,0.0743,0,-0.1005,0.3429,0.934,0,0.0575,-0.9352,0.3495,0,0,0.3944,0,1]},
{"frame":95,"values":[0.9933,0.0889,0.0744,0,-0.1006,0.3422,0.9342,0,0.0576,-0.9354,0.3488,0,0,0.3944,0,1]},
{"frame":96,"values":[0.9933,0.0889,0.0744,0,-0.1006,0.3414,0.9345,0,0.0577,-0.9357,0.348,0,0,0.3944,0,1]},
{"frame":97,"values":[0.9932,0.0889,0.0745,0,-0.1006,0.3406,0.9348,0,0.0578,-0.936,0.3473,0,0,0.3944,0,1]},
{"frame":98,"values":[0.9932,0.089,0.0746,0,-0.1007,0.3399,0.9351,0,0.0578,-0.9363,0.3465,0,0,0.3944,0,1]},
{"frame":99,"values":[0.9932,0.089,0.0746,0,-0.1007,0.3392,0.9353,0,0.0579,-0.9365,0.3459,0,0,0.3944,0,1]},
{"frame":100,"values":[0.9932,0.089,0.0747,0,-0.1007,0.3387,0.9355,0,0.058,-0.9367,0.3453,0,0,0.3944,0,1]},
{"frame":101,"values":[0.9932,0.089,0.0747,0,-0.1007,0.3382,0.9357,0,0.058,-0.9368,0.3449,0,0,0.3944,0,1]},
{"frame":102,"values":[0.9932,0.089,0.0748,0,-0.1007,0.3379,0.9358,0,0.058,-0.9369,0.3446,0,0,0.3944,0,1]},
{"frame":103,"values":[0.9932,0.089,0.0748,0,-0.1007,0.3378,0.9358,0,0.0581,-0.937,0.3445,0,0,0.3944,0,1]},
{"frame":104,"values":[0.9932,0.089,0.0748,0,-0.1007,0.338,0.9357,0,0.058,-0.9369,0.3447,0,0,0.3944,0,1]},
{"frame":105,"values":[0.9932,0.089,0.0747,0,-0.1007,0.3385,0.9356,0,0.058,-0.9367,0.3452,0,0,0.3944,0,1]},
{"frame":106,"values":[0.9932,0.089,0.0746,0,-0.1007,0.3392,0.9353,0,0.0579,-0.9365,0.3459,0,0,0.3944,0,1]},
{"frame":107,"values":[0.9932,0.089,0.0746,0,-0.1006,0.34,0.935,0,0.0578,-0.9362,0.3466,0,0,0.3944,0,1]},
{"frame":108,"values":[0.9932,0.0889,0.0745,0,-0.1006,0.3408,0.9347,0,0.0577,-0.9359,0.3474,0,0,0.3944,0,1]},
{"frame":109,"values":[0.9933,0.0889,0.0744,0,-0.1006,0.3415,0.9345,0,0.0577,-0.9357,0.3481,0,0,0.3944,0,1]},
{"frame":110,"values":[0.9933,0.0889,0.0744,0,-0.1006,0.3419,0.9343,0,0.0576,-0.9355,0.3486,0,0,0.3944,0,1]},
{"frame":111,"values":[0.9933,0.0889,0.0744,0,-0.1006,0.3421,0.9343,0,0.0576,-0.9354,0.3488,0,0,0.3944,0,1]}]}},
{"name":"LeftFoot","index":4,"matrix":[0.9974,-0.0212,0.0683,0,0.0715,0.295,-0.9528,0,0,0.9553,0.2958,0,0,0.4076,0,1],"rest":[0.9974,-0.0212,0.0683,0,0.0715,0.295,-0.9528,0,0,0.9553,0.2958,0,0,0.4076,0,1],"parentBoneIndex":3,"length":0.1389
,"animation":
{"name":"anim","property":"_matrix","dataType":3,"framePerSecond":24,"loopBehavior":1,"keys":[
{"frame":1,"values":[0.9974,-0.0212,0.0683,0,0.0715,0.295,-0.9528,0,0,0.9553,0.2958,0,0,0.4076,0,1]},
{"frame":31,"values":[0.9974,-0.0212,0.0683,0,0.0715,0.295,-0.9528,0,0,0.9553,0.2958,0,0,0.4076,0,1]},
{"frame":41,"values":[0.9974,-0.0212,0.0683,0,0.0715,0.295,-0.9528,0,0,0.9553,0.2958,0,0,0.4076,0,1]},
{"frame":71,"values":[0.9974,-0.0212,0.0683,0,0.0715,0.295,-0.9528,0,0,0.9553,0.2958,0,0,0.4076,0,1]},
{"frame":81,"values":[0.9974,-0.0212,0.0683,0,0.0715,0.295,-0.9528,0,0,0.9553,0.2958,0,0,0.4076,0,1]},
{"frame":111,"values":[0.9974,-0.0212,0.0683,0,0.0715,0.295,-0.9528,0,0,0.9553,0.2958,0,0,0.4076,0,1]}]}},
{"name":"LeftToeBase","index":5,"matrix":[1,-0.005,0.0072,0,0.0063,0.9816,-0.191,0,-0.0061,0.191,0.9816,0,0,0.1389,0,1],"rest":[1,-0.005,0.0072,0,0.0063,0.9816,-0.191,0,-0.0061,0.191,0.9816,0,0,0.1389,0,1],"parentBoneIndex":4,"length":0.0183
,"animation":
{"name":"anim","property":"_matrix","dataType":3,"framePerSecond":24,"loopBehavior":1,"keys":[
{"frame":1,"values":[1,-0.005,0.0072,0,0.0063,0.9816,-0.191,0,-0.0061,0.191,0.9816,0,0,0.1389,0,1]},
{"frame":31,"values":[1,-0.005,0.0072,0,0.0063,0.9816,-0.191,0,-0.0061,0.191,0.9816,0,0,0.1389,0,1]},
{"frame":41,"values":[1,-0.005,0.0072,0,0.0063,0.9816,-0.191,0,-0.0061,0.191,0.9816,0,0,0.1389,0,1]},
{"frame":71,"values":[1,-0.005,0.0072,0,0.0063,0.9816,-0.191,0,-0.0061,0.191,0.9816,0,0,0.1389,0,1]},
{"frame":81,"values":[1,-0.005,0.0072,0,0.0063,0.9816,-0.191,0,-0.0061,0.191,0.9816,0,0,0.1389,0,1]},
{"frame":111,"values":[1,-0.005,0.0072,0,0.0063,0.9816,-0.191,0,-0.0061,0.191,0.9816,0,0,0.1389,0,1]}]}},
{"name":"LowerBack","index":6,"matrix":[1,0,0,0,0,0.8404,0.542,0,0,-0.542,0.8404,0,0,0.0887,0,1],"rest":[1,0,0,0,0,0.8404,0.542,0,0,-0.542,0.8404,0,0,0.0887,0,1],"parentBoneIndex":0,"length":0.1423
,"animation":
{"name":"anim","property":"_matrix","dataType":3,"framePerSecond":24,"loopBehavior":1,"keys":[
{"frame":1,"values":[1,0,0,0,0,0.8404,0.542,0,0,-0.542,0.8404,0,0,0.0887,0,1]},
{"frame":31,"values":[1,0,0,0,0,0.8404,0.542,0,0,-0.542,0.8404,0,0,0.0887,0,1]},
{"frame":41,"values":[1,0,0,0,0,0.8404,0.542,0,0,-0.542,0.8404,0,0,0.0887,0,1]},
{"frame":71,"values":[1,0,0,0,0,0.8404,0.542,0,0,-0.542,0.8404,0,0,0.0887,0,1]},
{"frame":81,"values":[1,0,0,0,0,0.8404,0.542,0,0,-0.542,0.8404,0,0,0.0887,0,1]},
{"frame":111,"values":[1,0,0,0,0,0.8404,0.542,0,0,-0.542,0.8404,0,0,0.0887,0,1]}]}},
{"name":"Spine","index":7,"matrix":[1,0,0,0,0,0.9816,-0.1912,0,0,0.1912,0.9816,0,0,0.1423,0,1],"rest":[1,0,0,0,0,0.9816,-0.1912,0,0,0.1912,0.9816,0,0,0.1423,0,1],"parentBoneIndex":6,"length":0.1443
,"animation":
{"name":"anim","property":"_matrix","dataType":3,"framePerSecond":24,"loopBehavior":1,"keys":[
{"frame":1,"values":[1,0,0,0,0,0.9816,-0.1912,0,0,0.1912,0.9816,0,0,0.1423,0,1]},
{"frame":31,"values":[1,0,0,0,0,0.9816,-0.1912,0,0,0.1912,0.9816,0,0,0.1423,0,1]},
{"frame":41,"values":[1,0,0,0,0,0.9816,-0.1912,0,0,0.1912,0.9816,0,0,0.1423,0,1]},
{"frame":71,"values":[1,0,0,0,0,0.9816,-0.1912,0,0,0.1912,0.9816,0,0,0.1423,0,1]},
{"frame":81,"values":[1,0,0,0,0,0.9816,-0.1912,0,0,0.1912,0.9816,0,0,0.1423,0,1]},
{"frame":111,"values":[1,0,0,0,0,0.9816,-0.1912,0,0,0.1912,0.9816,0,0,0.1423,0,1]}]}},
{"name":"Spine1","index":8,"matrix":[1,0,0,0,0,0.9787,0.2054,0,0,-0.2054,0.9787,0,0,0.1443,0,1],"rest":[1,0,0,0,0,0.9787,0.2054,0,0,-0.2054,0.9787,0,0,0.1443,0,1],"parentBoneIndex":7,"length":0.1766
,"animation":
{"name":"anim","property":"_matrix","dataType":3,"framePerSecond":24,"loopBehavior":1,"keys":[
{"frame":1,"values":[1,0,0,0,0,0.9787,0.2054,0,0,-0.2054,0.9787,0,0,0.1443,0,1]},
{"frame":31,"values":[1,0,0,0,0,0.9787,0.2054,0,0,-0.2054,0.9787,0,0,0.1443,0,1]},
{"frame":41,"values":[1,0,0,0,0,0.9787,0.2054,0,0,-0.2054,0.9787,0,0,0.1443,0,1]},
{"frame":71,"values":[1,0,0,0,0,0.9787,0.2054,0,0,-0.2054,0.9787,0,0,0.1443,0,1]},
{"frame":81,"values":[1,0,0,0,0,0.9787,0.2054,0,0,-0.2054,0.9787,0,0,0.1443,0,1]},
{"frame":111,"values":[1,0,0,0,0,0.9787,0.2054,0,0,-0.2054,0.9787,0,0,0.1443,0,1]}]}},
{"name":"LeftShoulder","index":9,"matrix":[-0.1509,-0.9694,0.1935,0,0.9882,-0.1528,0.0052,0,0.0246,0.192,0.9811,0,0.0227,0.1083,0.026,1],"rest":[-0.1509,-0.9694,0.1935,0,0.9882,-0.1528,0.0052,0,0.0246,0.192,0.9811,0,0.0227,0.1083,0.026,1],"parentBoneIndex":8,"length":0.1491
,"animation":
{"name":"anim","property":"_matrix","dataType":3,"framePerSecond":24,"loopBehavior":1,"keys":[
{"frame":1,"values":[-0.1509,-0.9694,0.1935,0,0.9882,-0.1528,0.0052,0,0.0246,0.192,0.9811,0,0.0227,0.1083,0.026,1]},
{"frame":31,"values":[-0.1509,-0.9694,0.1935,0,0.9882,-0.1528,0.0052,0,0.0246,0.192,0.9811,0,0.0227,0.1083,0.026,1]},
{"frame":41,"values":[-0.1509,-0.9694,0.1935,0,0.9882,-0.1528,0.0052,0,0.0246,0.192,0.9811,0,0.0227,0.1083,0.026,1]},
{"frame":71,"values":[-0.1509,-0.9694,0.1935,0,0.9882,-0.1528,0.0052,0,0.0246,0.192,0.9811,0,0.0227,0.1083,0.026,1]},
{"frame":81,"values":[-0.1509,-0.9694,0.1935,0,0.9882,-0.1528,0.0052,0,0.0246,0.192,0.9811,0,0.0227,0.1083,0.026,1]},
{"frame":111,"values":[-0.1509,-0.9694,0.1935,0,0.9882,-0.1528,0.0052,0,0.0246,0.192,0.9811,0,0.0227,0.1083,0.026,1]}]}},
{"name":"LeftArm","index":10,"matrix":[0.5085,-0.8457,-0.1615,0,0.8522,0.4676,0.2349,0,-0.1232,-0.2571,0.9585,0,0,0.1491,0,1],"rest":[0.7716,-0.6359,-0.0161,0,0.6356,0.7717,-0.0235,0,0.0274,0.0079,0.9996,0,0,0.1491,0,1],"parentBoneIndex":9,"length":0.2421
,"animation":
{"name":"anim","property":"_matrix","dataType":3,"framePerSecond":24,"loopBehavior":1,"keys":[
{"frame":1,"values":[0.5085,-0.8457,-0.1615,0,0.8522,0.4676,0.2349,0,-0.1232,-0.2571,0.9585,0,0,0.1491,0,1]},
{"frame":2,"values":[0.5148,-0.8425,-0.1586,0,0.8513,0.4805,0.2105,0,-0.1011,-0.2434,0.9646,0,0,0.1491,0,1]},
{"frame":3,"values":[0.5287,-0.8352,-0.1517,0,0.8474,0.5089,0.1515,0,-0.0494,-0.2086,0.9767,0,0,0.1491,0,1]},
{"frame":4,"values":[0.5449,-0.8262,-0.143,0,0.8384,0.5397,0.0764,0,0.014,-0.1615,0.9868,0,0,0.1491,0,1]},
{"frame":5,"values":[0.5661,-0.8127,-0.1382,0,0.8204,0.5718,-0.0022,0,0.0808,-0.1121,0.9904,0,0,0.1491,0,1]},
{"frame":6,"values":[0.5852,-0.7998,-0.1337,0,0.798,0.5973,-0.0804,0,0.1442,-0.0596,0.9878,0,0,0.1491,0,1]},
{"frame":7,"values":[0.6013,-0.7883,-0.1303,0,0.7734,0.6152,-0.153,0,0.2007,-0.0087,0.9796,0,0,0.1491,0,1]},
{"frame":8,"values":[0.6135,-0.7793,-0.1278,0,0.7502,0.6256,-0.2141,0,0.2468,0.0355,0.9684,0,0,0.1491,0,1]},
{"frame":9,"values":[0.621,-0.7736,-0.1262,0,0.7328,0.6301,-0.2567,0,0.2781,0.067,0.9582,0,0,0.1491,0,1]},
{"frame":10,"values":[0.6236,-0.7716,-0.1256,0,0.7261,0.6312,-0.2727,0,0.2896,0.0789,0.9539,0,0,0.1491,0,1]},
{"frame":21,"values":[0.6219,-0.7729,-0.126,0,0.7307,0.6305,-0.2618,0,0.2818,0.0708,0.9569,0,0,0.1491,0,1]},
{"frame":22,"values":[0.6168,-0.7768,-0.1271,0,0.7429,0.6278,-0.2322,0,0.2601,0.0488,0.9643,0,0,0.1491,0,1]},
{"frame":23,"values":[0.6085,-0.783,-0.1288,0,0.7603,0.6218,-0.1882,0,0.2274,0.0166,0.9737,0,0,0.1491,0,1]},
{"frame":24,"values":[0.5974,-0.7912,-0.1312,0,0.7801,0.6112,-0.134,0,0.1862,-0.0223,0.9823,0,0,0.1491,0,1]},
{"frame":25,"values":[0.5835,-0.801,-0.134,0,0.8002,0.5952,-0.0735,0,0.1386,-0.0644,0.9883,0,0,0.1491,0,1]},
{"frame":26,"values":[0.5679,-0.8115,-0.1378,0,0.8185,0.5744,-0.0094,0,0.0868,-0.1074,0.9904,0,0,0.1491,0,1]},
{"frame":27,"values":[0.5508,-0.8225,-0.1417,0,0.834,0.549,0.0552,0,0.0324,-0.1486,0.9884,0,0,0.1491,0,1]},
{"frame":28,"values":[0.5358,-0.8313,-0.1477,0,0.8441,0.523,0.1185,0,-0.0213,-0.1882,0.9819,0,0,0.1491,0,1]},
{"frame":29,"values":[0.5232,-0.838,-0.1546,0,0.8493,0.4979,0.1757,0,-0.0703,-0.2232,0.9722,0,0,0.1491,0,1]},
{"frame":30,"values":[0.5129,-0.8435,-0.1595,0,0.8517,0.4765,0.2181,0,-0.108,-0.2477,0.9628,0,0,0.1491,0,1]},
{"frame":31,"values":[0.5085,-0.8457,-0.1615,0,0.8522,0.4676,0.2349,0,-0.1232,-0.2571,0.9585,0,0,0.1491,0,1]},
{"frame":41,"values":[0.5085,-0.8457,-0.1615,0,0.8522,0.4676,0.2349,0,-0.1232,-0.2571,0.9585,0,0,0.1491,0,1]},
{"frame":71,"values":[0.5085,-0.8457,-0.1615,0,0.8522,0.4676,0.2349,0,-0.1232,-0.2571,0.9585,0,0,0.1491,0,1]},
{"frame":81,"values":[0.5085,-0.8457,-0.1615,0,0.8522,0.4676,0.2349,0,-0.1232,-0.2571,0.9585,0,0,0.1491,0,1]},
{"frame":82,"values":[0.51,-0.845,-0.1608,0,0.852,0.4707,0.2292,0,-0.118,-0.2539,0.96,0,0,0.1491,0,1]},
{"frame":83,"values":[0.5137,-0.8431,-0.1592,0,0.8515,0.4783,0.2149,0,-0.105,-0.2459,0.9636,0,0,0.1491,0,1]},
{"frame":84,"values":[0.5183,-0.8407,-0.157,0,0.8506,0.4878,0.1962,0,-0.0884,-0.2352,0.9679,0,0,0.1491,0,1]},
{"frame":85,"values":[0.523,-0.8382,-0.1547,0,0.8494,0.4973,0.1768,0,-0.0713,-0.2239,0.972,0,0,0.1491,0,1]},
{"frame":86,"values":[0.5268,-0.8361,-0.1527,0,0.8481,0.5052,0.1597,0,-0.0564,-0.2136,0.9753,0,0,0.1491,0,1]},
{"frame":87,"values":[0.5295,-0.8347,-0.1512,0,0.847,0.5106,0.1476,0,-0.046,-0.2062,0.9774,0,0,0.1491,0,1]},
{"frame":88,"values":[0.5305,-0.8342,-0.1507,0,0.8466,0.5126,0.143,0,-0.042,-0.2034,0.9782,0,0,0.1491,0,1]},
{"frame":89,"values":[0.53,-0.8344,-0.1509,0,0.8468,0.5116,0.1453,0,-0.044,-0.2048,0.9778,0,0,0.1491,0,1]},
{"frame":90,"values":[0.5286,-0.8352,-0.1517,0,0.8474,0.5087,0.1519,0,-0.0497,-0.2089,0.9767,0,0,0.1491,0,1]},
{"frame":91,"values":[0.5263,-0.8365,-0.153,0,0.8483,0.504,0.1623,0,-0.0587,-0.2152,0.9748,0,0,0.1491,0,1]},
{"frame":92,"values":[0.5231,-0.8381,-0.1546,0,0.8493,0.4976,0.1761,0,-0.0706,-0.2235,0.9722,0,0,0.1491,0,1]},
{"frame":93,"values":[0.5191,-0.8402,-0.1566,0,0.8504,0.4895,0.1928,0,-0.0854,-0.2333,0.9687,0,0,0.1491,0,1]},
{"frame":94,"values":[0.5144,-0.8427,-0.1588,0,0.8514,0.4797,0.2122,0,-0.1026,-0.2444,0.9642,0,0,0.1491,0,1]},
{"frame":95,"values":[0.5088,-0.8456,-0.1614,0,0.8522,0.4681,0.2339,0,-0.1222,-0.2565,0.9588,0,0,0.1491,0,1]},
{"frame":96,"values":[0.5025,-0.8488,-0.1642,0,0.8525,0.4548,0.2576,0,-0.144,-0.2695,0.9522,0,0,0.1491,0,1]},
{"frame":97,"values":[0.4949,-0.8528,-0.1669,0,0.8526,0.4394,0.2829,0,-0.168,-0.2823,0.9445,0,0,0.1491,0,1]},
{"frame":98,"values":[0.4863,-0.8572,-0.1695,0,0.852,0.4221,0.3097,0,-0.1939,-0.295,0.9356,0,0,0.1491,0,1]},
{"frame":99,"values":[0.4775,-0.8615,-0.1725,0,0.8503,0.4037,0.3377,0,-0.2213,-0.3079,0.9253,0,0,0.1491,0,1]},
{"frame":100,"values":[0.4692,-0.8653,-0.1762,0,0.8471,0.3847,0.3666,0,-0.2494,-0.3212,0.9136,0,0,0.1491,0,1]},
{"frame":101,"values":[0.4611,-0.8689,-0.18,0,0.8429,0.3654,0.395,0,-0.2774,-0.3338,0.9009,0,0,0.1491,0,1]},
{"frame":102,"values":[0.4541,-0.8719,-0.1834,0,0.8382,0.3484,0.4195,0,-0.3018,-0.3442,0.889,0,0,0.1491,0,1]},
{"frame":103,"values":[0.451,-0.8732,-0.185,0,0.8358,0.3404,0.4308,0,-0.3132,-0.3489,0.8833,0,0,0.1491,0,1]},
{"frame":104,"values":[0.4564,-0.8709,-0.1822,0,0.8399,0.3541,0.4113,0,-0.2936,-0.3408,0.8931,0,0,0.1491,0,1]},
{"frame":105,"values":[0.4667,-0.8665,-0.1773,0,0.8459,0.3788,0.3753,0,-0.258,-0.3252,0.9098,0,0,0.1491,0,1]},
{"frame":106,"values":[0.4772,-0.8617,-0.1726,0,0.8502,0.4031,0.3387,0,-0.2223,-0.3084,0.9249,0,0,0.1491,0,1]},
{"frame":107,"values":[0.4876,-0.8565,-0.1691,0,0.8522,0.4248,0.3055,0,-0.1898,-0.293,0.9371,0,0,0.1491,0,1]},
{"frame":108,"values":[0.4967,-0.8518,-0.1663,0,0.8526,0.443,0.2773,0,-0.1626,-0.2796,0.9463,0,0,0.1491,0,1]},
{"frame":109,"values":[0.5032,-0.8485,-0.1639,0,0.8525,0.4563,0.2551,0,-0.1417,-0.2681,0.9529,0,0,0.1491,0,1]},
{"frame":110,"values":[0.5071,-0.8465,-0.1622,0,0.8523,0.4646,0.2403,0,-0.1281,-0.2601,0.9571,0,0,0.1491,0,1]},
{"frame":111,"values":[0.5085,-0.8457,-0.1615,0,0.8522,0.4676,0.2349,0,-0.1232,-0.2571,0.9585,0,0,0.1491,0,1]}]}},
{"name":"LeftForeArm","index":11,"matrix":[0.9904,-0.0853,-0.1085,0,0.1323,0.8098,0.5716,0,0.0391,-0.5805,0.8133,0,0,0.2421,0,1],"rest":[1,0.0058,-0.0003,0,-0.0041,0.7317,0.6816,0,0.0042,-0.6816,0.7317,0,0,0.2421,0,1],"parentBoneIndex":10,"length":0.2375
,"animation":
{"name":"anim","property":"_matrix","dataType":3,"framePerSecond":24,"loopBehavior":1,"keys":[
{"frame":1,"values":[0.9904,-0.0853,-0.1085,0,0.1323,0.8098,0.5716,0,0.0391,-0.5805,0.8133,0,0,0.2421,0,1]},
{"frame":2,"values":[0.9897,-0.0888,-0.1126,0,0.1397,0.7736,0.6181,0,0.0322,-0.6274,0.778,0,0,0.2421,0,1]},
{"frame":3,"values":[0.9881,-0.0931,-0.1221,0,0.1527,0.6773,0.7197,0,0.0157,-0.7298,0.6835,0,0,0.2421,0,1]},
{"frame":4,"values":[0.9868,-0.0925,-0.1328,0,0.1618,0.5404,0.8257,0,-0.0046,-0.8363,0.5482,0,0,0.2421,0,1]},
{"frame":5,"values":[0.985,-0.0944,-0.1441,0,0.1695,0.3832,0.908,0,-0.0305,-0.9188,0.3935,0,0,0.2421,0,1]},
{"frame":6,"values":[0.9839,-0.0918,-0.1533,0,0.1705,0.2259,0.9591,0,-0.0534,-0.9698,0.2379,0,0,0.2421,0,1]},
{"frame":7,"values":[0.9833,-0.087,-0.16,0,0.1674,0.0857,0.9822,0,-0.0717,-0.9925,0.0988,0,0,0.2421,0,1]},
{"frame":8,"values":[0.9831,-0.0817,-0.1639,0,0.1624,-0.0243,0.9864,0,-0.0846,-0.9964,-0.0107,0,0,0.2421,0,1]},
{"frame":9,"values":[0.9831,-0.0775,-0.1657,0,0.1581,-0.0955,0.9828,0,-0.092,-0.9924,-0.0817,0,0,0.2421,0,1]},
{"frame":10,"values":[0.9832,-0.0758,-0.1662,0,0.1564,-0.121,0.9802,0,-0.0945,-0.9897,-0.1071,0,0,0.2421,0,1]},
{"frame":21,"values":[0.9831,-0.077,-0.1659,0,0.1576,-0.1038,0.982,0,-0.0928,-0.9916,-0.0899,0,0,0.2421,0,1]},
{"frame":22,"values":[0.9831,-0.0799,-0.1647,0,0.1606,-0.0551,0.9855,0,-0.0879,-0.9953,-0.0413,0,0,0.2421,0,1]},
{"frame":23,"values":[0.9831,-0.084,-0.1624,0,0.1647,0.0213,0.9861,0,-0.0794,-0.9962,0.0348,0,0,0.2421,0,1]},
{"frame":24,"values":[0.9834,-0.0885,-0.1585,0,0.1686,0.1214,0.9782,0,-0.0673,-0.9886,0.1343,0,0,0.2421,0,1]},
{"frame":25,"values":[0.984,-0.0921,-0.1526,0,0.1706,0.2397,0.9557,0,-0.0514,-0.9665,0.2516,0,0,0.2421,0,1]},
{"frame":26,"values":[0.9849,-0.0943,-0.145,0,0.1699,0.3686,0.9139,0,-0.0328,-0.9248,0.3791,0,0,0.2421,0,1]},
{"frame":27,"values":[0.9863,-0.0935,-0.136,0,0.1647,0.4987,0.851,0,-0.0118,-0.8617,0.5072,0,0,0.2421,0,1]},
{"frame":28,"values":[0.9875,-0.0933,-0.127,0,0.1574,0.6189,0.7695,0,0.0068,-0.7799,0.6259,0,0,0.2421,0,1]},
{"frame":29,"values":[0.9887,-0.0921,-0.1183,0,0.1482,0.7181,0.68,0,0.0224,-0.6898,0.7236,0,0,0.2421,0,1]},
{"frame":30,"values":[0.9899,-0.0878,-0.1113,0,0.1375,0.7852,0.6038,0,0.0344,-0.613,0.7893,0,0,0.2421,0,1]},
{"frame":31,"values":[0.9904,-0.0853,-0.1085,0,0.1323,0.8098,0.5716,0,0.0391,-0.5805,0.8133,0,0,0.2421,0,1]},
{"frame":41,"values":[0.9904,-0.0853,-0.1085,0,0.1323,0.8098,0.5716,0,0.0391,-0.5805,0.8133,0,0,0.2421,0,1]},
{"frame":71,"values":[0.9904,-0.0853,-0.1085,0,0.1323,0.8098,0.5716,0,0.0391,-0.5805,0.8133,0,0,0.2421,0,1]},
{"frame":81,"values":[0.9904,-0.0853,-0.1085,0,0.1323,0.8098,0.5716,0,0.0391,-0.5805,0.8133,0,0,0.2421,0,1]},
{"frame":82,"values":[0.9903,-0.0862,-0.1094,0,0.1341,0.8015,0.5827,0,0.0375,-0.5917,0.8053,0,0,0.2421,0,1]},
{"frame":83,"values":[0.9898,-0.0882,-0.1119,0,0.1385,0.7803,0.6099,0,0.0335,-0.6192,0.7845,0,0,0.2421,0,1]},
{"frame":84,"values":[0.9893,-0.0903,-0.115,0,0.1435,0.7514,0.6441,0,0.0282,-0.6537,0.7562,0,0,0.2421,0,1]},
{"frame":85,"values":[0.9887,-0.092,-0.1182,0,0.148,0.72,0.678,0,0.0227,-0.6879,0.7255,0,0,0.2421,0,1]},
{"frame":86,"values":[0.9883,-0.0928,-0.1208,0,0.1513,0.6914,0.7065,0,0.018,-0.7165,0.6973,0,0,0.2421,0,1]},
{"frame":87,"values":[0.9881,-0.0932,-0.1227,0,0.1533,0.6705,0.7258,0,0.0146,-0.736,0.6768,0,0,0.2421,0,1]},
{"frame":88,"values":[0.988,-0.0932,-0.1234,0,0.1541,0.6625,0.7331,0,0.0134,-0.7433,0.6689,0,0,0.2421,0,1]},
{"frame":89,"values":[0.988,-0.0932,-0.123,0,0.1537,0.6665,0.7294,0,0.014,-0.7396,0.6729,0,0,0.2421,0,1]},
{"frame":90,"values":[0.9882,-0.093,-0.122,0,0.1526,0.678,0.719,0,0.0158,-0.7291,0.6842,0,0,0.2421,0,1]},
{"frame":91,"values":[0.9884,-0.0927,-0.1204,0,0.1508,0.6958,0.7022,0,0.0187,-0.7122,0.7017,0,0,0.2421,0,1]},
{"frame":92,"values":[0.9887,-0.092,-0.1183,0,0.1482,0.7188,0.6792,0,0.0225,-0.6891,0.7243,0,0,0.2421,0,1]},
{"frame":93,"values":[0.9892,-0.0907,-0.1155,0,0.1443,0.746,0.6501,0,0.0272,-0.6598,0.751,0,0,0.2421,0,1]},
{"frame":94,"values":[0.9897,-0.0885,-0.1123,0,0.1392,0.7762,0.6149,0,0.0327,-0.6242,0.7806,0,0,0.2421,0,1]},
{"frame":95,"values":[0.9904,-0.0854,-0.1086,0,0.1326,0.8083,0.5736,0,0.0388,-0.5825,0.8119,0,0,0.2421,0,1]},
{"frame":96,"values":[0.9912,-0.0811,-0.1046,0,0.1244,0.8412,0.5262,0,0.0453,-0.5346,0.8439,0,0,0.2421,0,1]},
{"frame":97,"values":[0.9922,-0.0743,-0.1004,0,0.1133,0.8737,0.4731,0,0.0525,-0.4808,0.8752,0,0,0.2421,0,1]},
{"frame":98,"values":[0.9932,-0.0657,-0.0963,0,0.1,0.9045,0.4146,0,0.0599,-0.4215,0.9049,0,0,0.2421,0,1]},
{"frame":99,"values":[0.9941,-0.0562,-0.0924,0,0.0853,0.9324,0.3512,0,0.0664,-0.357,0.9317,0,0,0.2421,0,1]},
{"frame":100,"values":[0.995,-0.0466,-0.0884,0,0.07,0.9563,0.284,0,0.0713,-0.2888,0.9547,0,0,0.2421,0,1]},
{"frame":101,"values":[0.9957,-0.0361,-0.0851,0,0.0539,0.9748,0.2163,0,0.0752,-0.22,0.9726,0,0,0.2421,0,1]},
{"frame":102,"values":[0.9962,-0.0265,-0.083,0,0.0393,0.9869,0.1568,0,0.0778,-0.1594,0.9841,0,0,0.2421,0,1]},
{"frame":103,"values":[0.9964,-0.0219,-0.0822,0,0.0324,0.9911,0.1289,0,0.0787,-0.1311,0.9882,0,0,0.2421,0,1]},
{"frame":104,"values":[0.9961,-0.0298,-0.0836,0,0.0443,0.9832,0.1768,0,0.077,-0.1798,0.9807,0,0,0.2421,0,1]},
{"frame":105,"values":[0.9952,-0.0434,-0.0873,0,0.0651,0.9625,0.2634,0,0.0726,-0.2678,0.9607,0,0,0.2421,0,1]},
{"frame":106,"values":[0.9942,-0.0559,-0.0923,0,0.0848,0.9333,0.3489,0,0.0666,-0.3547,0.9326,0,0,0.2421,0,1]},
{"frame":107,"values":[0.993,-0.0671,-0.0969,0,0.1021,0.8999,0.4239,0,0.0588,-0.4309,0.9005,0,0,0.2421,0,1]},
{"frame":108,"values":[0.9919,-0.0761,-0.1013,0,0.116,0.8667,0.4852,0,0.0509,-0.493,0.8685,0,0,0.2421,0,1]},
{"frame":109,"values":[0.9911,-0.0816,-0.105,0,0.1253,0.8378,0.5314,0,0.0446,-0.5398,0.8406,0,0,0.2421,0,1]},
{"frame":110,"values":[0.9906,-0.0844,-0.1076,0,0.1305,0.8175,0.561,0,0.0406,-0.5697,0.8208,0,0,0.2421,0,1]},
{"frame":111,"values":[0.9904,-0.0853,-0.1085,0,0.1323,0.8098,0.5716,0,0.0391,-0.5805,0.8133,0,0,0.2421,0,1]}]}},
{"name":"LeftHand","index":12,"matrix":[0.9974,-0.0672,-0.0246,0,0.0707,0.9793,0.1898,0,0.0113,-0.191,0.9815,0,0,0.2375,0,1],"rest":[0.9974,-0.0672,-0.0246,0,0.0707,0.9793,0.1898,0,0.0113,-0.191,0.9815,0,0,0.2375,0,1],"parentBoneIndex":11,"length":0.0295
,"animation":
{"name":"anim","property":"_matrix","dataType":3,"framePerSecond":24,"loopBehavior":1,"keys":[
{"frame":1,"values":[0.9974,-0.0672,-0.0246,0,0.0707,0.9793,0.1898,0,0.0113,-0.191,0.9815,0,0,0.2375,0,1]},
{"frame":31,"values":[0.9974,-0.0672,-0.0246,0,0.0707,0.9793,0.1898,0,0.0113,-0.191,0.9815,0,0,0.2375,0,1]},
{"frame":41,"values":[0.9974,-0.0672,-0.0246,0,0.0707,0.9793,0.1898,0,0.0113,-0.191,0.9815,0,0,0.2375,0,1]},
{"frame":71,"values":[0.9974,-0.0672,-0.0246,0,0.0707,0.9793,0.1898,0,0.0113,-0.191,0.9815,0,0,0.2375,0,1]},
{"frame":81,"values":[0.9974,-0.0672,-0.0246,0,0.0707,0.9793,0.1898,0,0.0113,-0.191,0.9815,0,0,0.2375,0,1]},
{"frame":111,"values":[0.9974,-0.0672,-0.0246,0,0.0707,0.9793,0.1898,0,0.0113,-0.191,0.9815,0,0,0.2375,0,1]}]}},
