{"producer":{"name":"Blender","version":"2.76 (sub 0)","exporter_version":"5.0.5","file":"modelWithSkeleton_awts2a.babylon"},
"autoClear":true,"clearColor":[0.0509,0.0509,0.0509],"ambientColor":[0,0,0],"gravity":[0,-9.81,0],
"materials":[{"name":"modelWithSkeleton_awts2a.Material","id":"modelWithSkeleton_awts2a.Material","ambient":[0.8,0.8,0.8],"diffuse":[0.64,0.64,0.64],"specular":[0,0,0],"emissive":[0,0,0],"specularPower":50,"alpha":1,"backFaceCulling":true,"checkReadyOnlyOnce":false,"maxSimultaneousLights":4, 
"diffuseTexture":{"name":"Material Diffuse Color.001.jpg","level":1,"hasAlpha":1,"coordinatesMode":0,"uOffset":0,"vOffset":0,"uScale":1,"vScale":1,"uAng":0,"vAng":0,"wAng":0,"wrapU":1,"wrapV":1,"coordinatesIndex":0}}],
"multiMaterials":[],
"skeletons":[{"name":"ArmatureCharacter","id":0,"dimensionsAtRest":[4.3258,6.5423,1.0651],"bones":[
{"name":"Leg_main","index":0,"matrix":[1,0,0,0,0,0,1,0,0,1,0,0,0,1.9471,-0.1047,1],"rest":[1,0,0,0,0,0,1,0,0,1,0,0,0,1.9471,-0.1047,1],"parentBoneIndex":-1,"length":0.4458
,"animation":{"dataType":3,"framePerSecond":24,"keys":[
{"frame":1,"values":[1,0,0,0,0,0,1,0,0,1,0,0,0,1.9471,-0.1047,1]},
{"frame":300,"values":[1,0,0,0,0,0,1,0,0,1,0,0,0,1.9471,-0.1047,1]}],"loopBehavior":1,"name":"anim","property":"_matrix"}},
{"name":"Leg_1.L","index":1,"matrix":[0,-1,0,0,0.9098,0,-0.415,0,0.415,0,0.9098,0,0,0,-0.0071,1],"rest":[0,-1,0,0,0.9098,0,-0.415,0,0.415,0,0.9098,0,0,0,-0.0071,1],"parentBoneIndex":0,"length":0.4371
,"animation":{"dataType":3,"framePerSecond":24,"keys":[
{"frame":1,"values":[0,-1,0,0,0.9098,0,-0.415,0,0.415,0,0.9098,0,0,0,-0.0071,1]},
{"frame":300,"values":[0,-1,0,0,0.9098,0,-0.415,0,0.415,0,0.9098,0,0,0,-0.0071,1]}],"loopBehavior":1,"name":"anim","property":"_matrix"}},
{"name":"Leg_2.L","index":2,"matrix":[0.9916,0.0728,-0.1065,0,-0.129,0.5598,-0.8186,0,0,0.8255,0.5645,0,0,0.4371,0,1],"rest":[0.9916,0.0728,-0.1065,0,-0.129,0.5598,-0.8186,0,0,0.8255,0.5645,0,0,0.4371,0,1],"parentBoneIndex":1,"length":0.864
,"animation":{"dataType":3,"framePerSecond":24,"keys":[
{"frame":1,"values":[0.9916,0.0728,-0.1065,0,-0.129,0.5598,-0.8186,0,0,0.8255,0.5645,0,0,0.4371,0,1]},
{"frame":300,"values":[0.9916,0.0728,-0.1065,0,-0.129,0.5598,-0.8186,0,0,0.8255,0.5645,0,0,0.4371,0,1]}],"loopBehavior":1,"name":"anim","property":"_matrix"}},
{"name":"Leg_3.L","index":3,"matrix":[0.9978,-0.066,0.003,0,0.0661,0.9962,-0.0559,0,0.0007,0.056,0.9984,0,0,0.864,0,1],"rest":[0.9978,-0.066,0.003,0,0.0661,0.9962,-0.0559,0,0.0007,0.056,0.9984,0,0,0.864,0,1],"parentBoneIndex":2,"length":0.8469
,"animation":{"dataType":3,"framePerSecond":24,"keys":[
{"frame":1,"values":[0.9978,-0.066,0.003,0,0.0661,0.9962,-0.0559,0,0.0007,0.056,0.9984,0,0,0.864,0,1]},
{"frame":300,"values":[0.9978,-0.066,0.003,0,0.0661,0.9962,-0.0559,0,0.0007,0.056,0.9984,0,0,0.864,0,1]}],"loopBehavior":1,"name":"anim","property":"_matrix"}},
{"name":"Leg_4.L","index":4,"matrix":[0.0137,0.1153,0.9932,0,0.998,-0.0629,-0.0065,0,0.0618,0.9913,-0.116,0,0,0.8469,0,1],"rest":[0.0137,0.1153,0.9932,0,0.998,-0.0629,-0.0065,0,0.0618,0.9913,-0.116,0,0,0.8469,0,1],"parentBoneIndex":3,"length":0.3836
,"animation":{"dataType":3,"framePerSecond":24,"keys":[
{"frame":1,"values":[0.0137,0.1153,0.9932,0,0.998,-0.0629,-0.0065,0,0.0618,0.9913,-0.116,0,0,0.8469,0,1]},
{"frame":300,"values":[0.0137,0.1153,0.9932,0,0.998,-0.0629,-0.0065,0,0.0618,0.9913,-0.116,0,0,0.8469,0,1]}],"loopBehavior":1,"name":"anim","property":"_matrix"}},
{"name":"Leg_5.L","index":5,"matrix":[-1,0,0,0,0,0.9992,0.041,0,0,0.041,-0.9992,0,0,0.3836,0,1],"rest":[-1,0,0,0,0,0.9992,0.041,0,0,0.041,-0.9992,0,0,0.3836,0,1],"parentBoneIndex":4,"length":0.4007
,"animation":{"dataType":3,"framePerSecond":24,"keys":[
{"frame":1,"values":[-1,0,0,0,0,0.9992,0.041,0,0,0.041,-0.9992,0,0,0.3836,0,1]},
{"frame":300,"values":[-1,0,0,0,0,0.9992,0.041,0,0,0.041,-0.9992,0,0,0.3836,0,1]}],"loopBehavior":1,"name":"anim","property":"_matrix"}},
{"name":"Leg_1.R","index":6,"matrix":[0,1,0,0,-0.9098,0,-0.415,0,-0.415,0,0.9098,0,0,0,-0.0071,1],"rest":[0,1,0,0,-0.9098,0,-0.415,0,-0.415,0,0.9098,0,0,0,-0.0071,1],"parentBoneIndex":0,"length":0.4371
,"animation":{"dataType":3,"framePerSecond":24,"keys":[
{"frame":1,"values":[0,1,0,0,-0.9098,0,-0.415,0,-0.415,0,0.9098,0,0,0,-0.0071,1]},
{"frame":300,"values":[0,1,0,0,-0.9098,0,-0.415,0,-0.415,0,0.9098,0,0,0,-0.0071,1]}],"loopBehavior":1,"name":"anim","property":"_matrix"}},
{"name":"Leg_2.R","index":7,"matrix":[0.9916,-0.0728,0.1065,0,0.129,0.5598,-0.8186,0,0,0.8255,0.5645,0,0,0.4371,0,1],"rest":[0.9916,-0.0728,0.1065,0,0.129,0.5598,-0.8186,0,0,0.8255,0.5645,0,0,0.4371,0,1],"parentBoneIndex":6,"length":0.864
,"animation":{"dataType":3,"framePerSecond":24,"keys":[
{"frame":1,"values":[0.9916,-0.0728,0.1065,0,0.129,0.5598,-0.8186,0,0,0.8255,0.5645,0,0,0.4371,0,1]},
{"frame":300,"values":[0.9916,-0.0728,0.1065,0,0.129,0.5598,-0.8186,0,0,0.8255,0.5645,0,0,0.4371,0,1]}],"loopBehavior":1,"name":"anim","property":"_matrix"}},
{"name":"Leg_3.R","index":8,"matrix":[0.9978,0.066,-0.003,0,-0.0661,0.9962,-0.0559,0,-0.0007,0.056,0.9984,0,0,0.864,0,1],"rest":[0.9978,0.066,-0.003,0,-0.0661,0.9962,-0.0559,0,-0.0007,0.056,0.9984,0,0,0.864,0,1],"parentBoneIndex":7,"length":0.8469
,"animation":{"dataType":3,"framePerSecond":24,"keys":[
{"frame":1,"values":[0.9978,0.066,-0.003,0,-0.0661,0.9962,-0.0559,0,-0.0007,0.056,0.9984,0,0,0.864,0,1]},
{"frame":300,"values":[0.9978,0.066,-0.003,0,-0.0661,0.9962,-0.0559,0,-0.0007,0.056,0.9984,0,0,0.864,0,1]}],"loopBehavior":1,"name":"anim","property":"_matrix"}},
{"name":"Leg_4.R","index":9,"matrix":[0.0137,-0.1153,-0.9932,0,-0.998,-0.0629,-0.0065,0,-0.0618,0.9913,-0.116,0,0,0.8469,0,1],"rest":[0.0137,-0.1153,-0.9932,0,-0.998,-0.0629,-0.0065,0,-0.0618,0.9913,-0.116,0,0,0.8469,0,1],"parentBoneIndex":8,"length":0.3836
,"animation":{"dataType":3,"framePerSecond":24,"keys":[
{"frame":1,"values":[0.0137,-0.1153,-0.9932,0,-0.998,-0.0629,-0.0065,0,-0.0618,0.9913,-0.116,0,0,0.8469,0,1]},
{"frame":300,"values":[0.0137,-0.1153,-0.9932,0,-0.998,-0.0629,-0.0065,0,-0.0618,0.9913,-0.116,0,0,0.8469,0,1]}],"loopBehavior":1,"name":"anim","property":"_matrix"}},
{"name":"Leg_5.R","index":10,"matrix":[-1,0,0,0,0,0.9992,0.041,0,0,0.041,-0.9992,0,0,0.3836,0,1],"rest":[-1,0,0,0,0,0.9992,0.041,0,0,0.041,-0.9992,0,0,0.3836,0,1],"parentBoneIndex":9,"length":0.4007
,"animation":{"dataType":3,"framePerSecond":24,"keys":[
{"frame":1,"values":[-1,0,0,0,0,0.9992,0.041,0,0,0.041,-0.9992,0,0,0.3836,0,1]},
{"frame":300,"values":[-1,0,0,0,0,0.9992,0.041,0,0,0.041,-0.9992,0,0,0.3836,0,1]}],"loopBehavior":1,"name":"anim","property":"_matrix"}},
{"name":"TorsoDown","index":11,"matrix":[1,0,0,0,0,-0.1499,0.9887,0,0,-0.9887,-0.1499,0,0,0,-0.0071,1],"rest":[1,0,0,0,0,-0.1499,0.9887,0,0,-0.9887,-0.1499,0,0,0,-0.0071,1],"parentBoneIndex":0,"length":0.8844
,"animation":{"dataType":3,"framePerSecond":24,"keys":[
{"frame":1,"values":[1,0,0,0,0,-0.1499,0.9887,0,0,-0.9887,-0.1499,0,0,0,-0.0071,1]},
{"frame":300,"values":[1,0,0,0,0,-0.1499,0.9887,0,0,-0.9887,-0.1499,0,0,0,-0.0071,1]}],"loopBehavior":1,"name":"anim","property":"_matrix"}},
{"name":"TorsoUp","index":12,"matrix":[1,0,0,0,0,0.9912,-0.1327,0,0,0.1327,0.9912,0,0,0.8844,0,1],"rest":[1,0,0,0,0,0.9912,-0.1327,0,0,0.1327,0.9912,0,0,0.8844,0,1],"parentBoneIndex":11,"length":0.9211
,"animation":{"dataType":3,"framePerSecond":24,"keys":[
{"frame":1,"values":[1,0,0,0,0,0.9912,-0.1327,0,0,0.1327,0.9912,0,0,0.8844,0,1]},
{"frame":300,"values":[1,0,0,0,0,0.9912,-0.1327,0,0,0.1327,0.9912,0,0,0.8844,0,1]}],"loopBehavior":1,"name":"anim","property":"_matrix"}},
{"name":"Bone.001_L","index":13,"matrix":[0.1566,-0.0283,0.9873,0,0.9476,-0.2776,-0.1583,0,0.2785,0.9603,-0.0166,0,0,0.9211,0,1],"rest":[0.1566,-0.0283,0.9873,0,0.9476,-0.2776,-0.1583,0,0.2785,0.9603,-0.0166,0,0,0.9211,0,1],"parentBoneIndex":12,"length":0.8835
,"animation":{"dataType":3,"framePerSecond":24,"keys":[
{"frame":1,"values":[0.1566,-0.0283,0.9873,0,0.9476,-0.2776,-0.1583,0,0.2785,0.9603,-0.0166,0,0,0.9211,0,1]},
{"frame":300,"values":[0.1566,-0.0283,0.9873,0,0.9476,-0.2776,-0.1583,0,0.2785,0.9603,-0.0166,0,0,0.9211,0,1]}],"loopBehavior":1,"name":"anim","property":"_matrix"}},
{"name":"Bone.001_L.001","index":14,"matrix":[0.9908,-0.134,-0.0188,0,0.1027,0.8353,-0.5401,0,0.0881,0.5332,0.8414,0,0,0.8835,0,1],"rest":[0.9908,-0.134,-0.0188,0,0.1027,0.8353,-0.5401,0,0.0881,0.5332,0.8414,0,0,0.8835,0,1],"parentBoneIndex":13,"length":0.6115
,"animation":{"dataType":3,"framePerSecond":24,"keys":[
{"frame":1,"values":[0.9908,-0.134,-0.0188,0,0.1027,0.8353,-0.5401,0,0.0881,0.5332,0.8414,0,0,0.8835,0,1]},
{"frame":300,"values":[0.9908,-0.134,-0.0188,0,0.1027,0.8353,-0.5401,0,0.0881,0.5332,0.8414,0,0,0.8835,0,1]}],"loopBehavior":1,"name":"anim","property":"_matrix"}},
{"name":"Bone.001_L.002","index":15,"matrix":[0.9999,-0.0106,-0.0004,0,0.0106,0.9997,-0.0222,0,0.0006,0.0222,0.9998,0,0,0.6115,0,1],"rest":[0.9999,-0.0106,-0.0004,0,0.0106,0.9997,-0.0222,0,0.0006,0.0222,0.9998,0,0,0.6115,0,1],"parentBoneIndex":14,"length":0.6661
,"animation":{"dataType":3,"framePerSecond":24,"keys":[
{"frame":1,"values":[0.9999,-0.0106,-0.0004,0,0.0106,0.9997,-0.0222,0,0.0006,0.0222,0.9998,0,0,0.6115,0,1]},
{"frame":300,"values":[0.9999,-0.0106,-0.0004,0,0.0106,0.9997,-0.0222,0,0.0006,0.0222,0.9998,0,0,0.6115,0,1]}],"loopBehavior":1,"name":"anim","property":"_matrix"}},
{"name":"Bone.001_L.003","index":16,"matrix":[0.9997,-0.0242,-0.0002,0,0.0238,0.9803,0.1961,0,-0.0046,-0.196,0.9806,0,0,0.6661,0,1],"rest":[0.9997,-0.0242,-0.0002,0,0.0238,0.9803,0.1961,0,-0.0046,-0.196,0.9806,0,0,0.6661,0,1],"parentBoneIndex":15,"length":0.2216
,"animation":{"dataType":3,"framePerSecond":24,"keys":[
{"frame":1,"values":[0.9997,-0.0242,-0.0002,0,0.0238,0.9803,0.1961,0,-0.0046,-0.196,0.9806,0,0,0.6661,0,1]},
{"frame":300,"values":[0.9997,-0.0242,-0.0002,0,0.0238,0.9803,0.1961,0,-0.0046,-0.196,0.9806,0,0,0.6661,0,1]}],"loopBehavior":1,"name":"anim","property":"_matrix"}},
{"name":"Palm.L","index":17,"matrix":[0.9996,-0.027,0.0042,0,0.0274,0.9878,-0.1533,0,0,0.1533,0.9882,0,0,0.2216,0,1],"rest":[0.9996,-0.027,0.0042,0,0.0274,0.9878,-0.1533,0,0,0.1533,0.9882,0,0,0.2216,0,1],"parentBoneIndex":16,"length":0.2562
,"animation":{"dataType":3,"framePerSecond":24,"keys":[
{"frame":1,"values":[0.9996,-0.027,0.0042,0,0.0274,0.9878,-0.1533,0,0,0.1533,0.9882,0,0,0.2216,0,1]},
{"frame":300,"values":[0.9996,-0.027,0.0042,0,0.0274,0.9878,-0.1533,0,0,0.1533,0.9882,0,0,0.2216,0,1]}],"loopBehavior":1,"name":"anim","property":"_matrix"}},
{"name":"Bone.001_L.005","index":18,"matrix":[0.9927,-0.1156,0.0341,0,0.1204,0.9657,-0.2299,0,-0.0064,0.2324,0.9726,0,0,0.2562,0,1],"rest":[0.9927,-0.1156,0.0341,0,0.1204,0.9657,-0.2299,0,-0.0064,0.2324,0.9726,0,0,0.2562,0,1],"parentBoneIndex":17,"length":0.3185
,"animation":{"dataType":3,"framePerSecond":24,"keys":[
{"frame":1,"values":[0.9927,-0.1156,0.0341,0,0.1204,0.9657,-0.2299,0,-0.0064,0.2324,0.9726,0,0,0.2562,0,1]},
{"frame":300,"values":[0.9927,-0.1156,0.0341,0,0.1204,0.9657,-0.2299,0,-0.0064,0.2324,0.9726,0,0,0.2562,0,1]}],"loopBehavior":1,"name":"anim","property":"_matrix"}},
{"name":"Bone.001_L.007","index":19,"matrix":[-0.1698,-0.4998,-0.8493,0,0.9584,0.1169,-0.2604,0,0.2295,-0.8582,0.4592,0,0.2147,0.1175,-0.0565,1],"rest":[-0.1698,-0.4998,-0.8493,0,0.9584,0.1169,-0.2604,0,0.2295,-0.8582,0.4592,0,0.2147,0.1175,-0.0565,1],"parentBoneIndex":16,"length":0.1551
,"animation":{"dataType":3,"framePerSecond":24,"keys":[
{"frame":1,"values":[-0.1698,-0.4998,-0.8493,0,0.9584,0.1169,-0.2604,0,0.2295,-0.8582,0.4592,0,0.2147,0.1175,-0.0565,1]},
{"frame":300,"values":[-0.1698,-0.4998,-0.8493,0,0.9584,0.1169,-0.2604,0,0.2295,-0.8582,0.4592,0,0.2147,0.1175,-0.0565,1]}],"loopBehavior":1,"name":"anim","property":"_matrix"}},
{"name":"Bone.001_L.008","index":20,"matrix":[0.9981,-0.0107,0.0607,0,0.0283,0.9543,-0.2976,0,-0.0547,0.2988,0.9527,0,0,0.1551,0,1],"rest":[0.9981,-0.0107,0.0607,0,0.0283,0.9543,-0.2976,0,-0.0547,0.2988,0.9528,0,0,0.1551,0,1],"parentBoneIndex":19,"length":0.155
,"animation":{"dataType":3,"framePerSecond":24,"keys":[
{"frame":1,"values":[0.9981,-0.0107,0.0607,0,0.0283,0.9543,-0.2976,0,-0.0547,0.2988,0.9527,0,0,0.1551,0,1]},
{"frame":300,"values":[0.9981,-0.0107,0.0607,0,0.0283,0.9543,-0.2976,0,-0.0547,0.2988,0.9527,0,0,0.1551,0,1]}],"loopBehavior":1,"name":"anim","property":"_matrix"}},
{"name":"Bone.001_R","index":21,"matrix":[0.1566,0.0283,-0.9873,0,-0.9476,-0.2776,-0.1583,0,-0.2785,0.9603,-0.0166,0,0,0.9211,0,1],"rest":[0.1566,0.0283,-0.9873,0,-0.9476,-0.2776,-0.1583,0,-0.2785,0.9603,-0.0166,0,0,0.9211,0,1],"parentBoneIndex":12,"length":0.8835
,"animation":{"dataType":3,"framePerSecond":24,"keys":[
{"frame":1,"values":[0.1566,0.0283,-0.9873,0,-0.9476,-0.2776,-0.1583,0,-0.2785,0.9603,-0.0166,0,0,0.9211,0,1]},
{"frame":300,"values":[0.1566,0.0283,-0.9873,0,-0.9476,-0.2776,-0.1583,0,-0.2785,0.9603,-0.0166,0,0,0.9211,0,1]}],"loopBehavior":1,"name":"anim","property":"_matrix"}},
{"name":"Bone.001_R.001","index":22,"matrix":[0.9908,0.134,0.0188,0,-0.1027,0.8353,-0.5401,0,-0.0881,0.5332,0.8414,0,0,0.8835,0,1],"rest":[0.9908,0.134,0.0188,0,-0.1027,0.8353,-0.5401,0,-0.0881,0.5332,0.8414,0,0,0.8835,0,1],"parentBoneIndex":21,"length":0.6115
,"animation":{"dataType":3,"framePerSecond":24,"keys":[
{"frame":1,"values":[0.9908,0.134,0.0188,0,-0.1027,0.8353,-0.5401,0,-0.0881,0.5332,0.8414,0,0,0.8835,0,1]},
{"frame":300,"values":[0.9908,0.134,0.0188,0,-0.1027,0.8353,-0.5401,0,-0.0881,0.5332,0.8414,0,0,0.8835,0,1]}],"loopBehavior":1,"name":"anim","property":"_matrix"}},
{"name":"Bone.001_R.002","index":23,"matrix":[0.9999,0.0106,0.0004,0,-0.0106,0.9997,-0.0222,0,-0.0006,0.0222,0.9998,0,0,0.6115,0,1],"rest":[0.9999,0.0106,0.0004,0,-0.0106,0.9997,-0.0222,0,-0.0006,0.0222,0.9998,0,0,0.6115,0,1],"parentBoneIndex":22,"length":0.6661
,"animation":{"dataType":3,"framePerSecond":24,"keys":[
{"frame":1,"values":[0.9999,0.0106,0.0004,0,-0.0106,0.9997,-0.0222,0,-0.0006,0.0222,0.9998,0,0,0.6115,0,1]},
{"frame":300,"values":[0.9999,0.0106,0.0004,0,-0.0106,0.9997,-0.0222,0,-0.0006,0.0222,0.9998,0,0,0.6115,0,1]}],"loopBehavior":1,"name":"anim","property":"_matrix"}},
{"name":"Bone.001_R.003","index":24,"matrix":[0.9997,0.0242,0.0002,0,-0.0238,0.9803,0.1961,0,0.0046,-0.196,0.9806,0,0,0.6661,0,1],"rest":[0.9997,0.0242,0.0002,0,-0.0238,0.9803,0.1961,0,0.0046,-0.196,0.9806,0,0,0.6661,0,1],"parentBoneIndex":23,"length":0.2216
,"animation":{"dataType":3,"framePerSecond":24,"keys":[
{"frame":1,"values":[0.9997,0.0242,0.0002,0,-0.0238,0.9803,0.1961,0,0.0046,-0.196,0.9806,0,0,0.6661,0,1]},
{"frame":300,"values":[0.9997,0.0242,0.0002,0,-0.0238,0.9803,0.1961,0,0.0046,-0.196,0.9806,0,0,0.6661,0,1]}],"loopBehavior":1,"name":"anim","property":"_matrix"}},
{"name":"Palm.R","index":25,"matrix":[0.9996,0.027,-0.0042,0,-0.0274,0.9878,-0.1533,0,0,0.1533,0.9882,0,0,0.2216,0,1],"rest":[0.9996,0.027,-0.0042,0,-0.0274,0.9878,-0.1533,0,0,0.1533,0.9882,0,0,0.2216,0,1],"parentBoneIndex":24,"length":0.2562
,"animation":{"dataType":3,"framePerSecond":24,"keys":[
{"frame":1,"values":[0.9996,0.027,-0.0042,0,-0.0274,0.9878,-0.1533,0,0,0.1533,0.9882,0,0,0.2216,0,1]},
{"frame":300,"values":[0.9996,0.027,-0.0042,0,-0.0274,0.9878,-0.1533,0,0,0.1533,0.9882,0,0,0.2216,0,1]}],"loopBehavior":1,"name":"anim","property":"_matrix"}},
{"name":"Bone.001_R.005","index":26,"matrix":[0.9927,0.1156,-0.0341,0,-0.1204,0.9657,-0.2299,0,0.0064,0.2324,0.9726,0,0,0.2562,0,1],"rest":[0.9927,0.1156,-0.0341,0,-0.1204,0.9657,-0.2299,0,0.0064,0.2324,0.9726,0,0,0.2562,0,1],"parentBoneIndex":25,"length":0.3185
,"animation":{"dataType":3,"framePerSecond":24,"keys":[
{"frame":1,"values":[0.9927,0.1156,-0.0341,0,-0.1204,0.9657,-0.2299,0,0.0064,0.2324,0.9726,0,0,0.2562,0,1]},
{"frame":300,"values":[0.9927,0.1156,-0.0341,0,-0.1204,0.9657,-0.2299,0,0.0064,0.2324,0.9726,0,0,0.2562,0,1]}],"loopBehavior":1,"name":"anim","property":"_matrix"}},
{"name":"Bone.001_R.007","index":27,"matrix":[-0.1698,0.4998,0.8493,0,-0.9584,0.1169,-0.2604,0,-0.2295,-0.8582,0.4592,0,-0.2147,0.1175,-0.0565,1],"rest":[-0.1698,0.4998,0.8493,0,-0.9584,0.1169,-0.2604,0,-0.2295,-0.8582,0.4592,0,-0.2147,0.1175,-0.0565,1],"parentBoneIndex":24,"length":0.1551
,"animation":{"dataType":3,"framePerSecond":24,"keys":[
{"frame":1,"values":[-0.1698,0.4998,0.8493,0,-0.9584,0.1169,-0.2604,0,-0.2295,-0.8582,0.4592,0,-0.2147,0.1175,-0.0565,1]},
{"frame":300,"values":[-0.1698,0.4998,0.8493,0,-0.9584,0.1169,-0.2604,0,-0.2295,-0.8582,0.4592,0,-0.2147,0.1175,-0.0565,1]}],"loopBehavior":1,"name":"anim","property":"_matrix"}},
{"name":"Bone.001_R.008","index":28,"matrix":[0.9981,0.0107,-0.0607,0,-0.0283,0.9543,-0.2976,0,0.0547,0.2988,0.9527,0,0,0.1551,0,1],"rest":[0.9981,0.0107,-0.0607,0,-0.0283,0.9543,-0.2976,0,0.0547,0.2988,0.9528,0,0,0.1551,0,1],"parentBoneIndex":27,"length":0.155
,"animation":{"dataType":3,"framePerSecond":24,"keys":[
{"frame":1,"values":[0.9981,0.0107,-0.0607,0,-0.0283,0.9543,-0.2976,0,0.0547,0.2988,0.9527,0,0,0.1551,0,1]},
{"frame":300,"values":[0.9981,0.0107,-0.0607,0,-0.0283,0.9543,-0.2976,0,0.0547,0.2988,0.9527,0,0,0.1551,0,1]}],"loopBehavior":1,"name":"anim","property":"_matrix"}},
{"name":"Bone.002","index":29,"matrix":[-1,0,0,0,0,0.9502,0.3117,0,0,0.3117,-0.9502,0,0,0.9211,0,1],"rest":[-1,0,0,0,0,0.9981,-0.0622,0,0,-0.0622,-0.9981,0,0,0.9211,0,1],"parentBoneIndex":12,"length":0.4462
,"animation":{"dataType":3,"framePerSecond":24,"keys":[
{"frame":1,"values":[-1,0,0,0,0,0.9502,0.3117,0,0,0.3117,-0.9502,0,0,0.9211,0,1]},
{"frame":2,"values":[-1,0,0,0,0,0.9504,0.3111,0,0,0.3111,-0.9504,0,0,0.9211,0,1]},
{"frame":3,"values":[-1,0,0,0,0,0.951,0.3093,0,0,0.3093,-0.951,0,0,0.9211,0,1]},
{"frame":4,"values":[-1,0,0,0,0,0.9519,0.3063,0,0,0.3063,-0.9519,0,0,0.9211,0,1]},
{"frame":5,"values":[-1,0,0,0,0,0.9533,0.3021,0,0,0.3021,-0.9533,0,0,0.9211,0,1]},
{"frame":6,"values":[-1,0,0,0,0,0.955,0.2965,0,0,0.2965,-0.955,0,0,0.9211,0,1]},
{"frame":7,"values":[-1,0,0,0,0,0.9571,0.2897,0,0,0.2897,-0.9571,0,0,0.9211,0,1]},
{"frame":8,"values":[-1,0,0,0,0,0.9596,0.2815,0,0,0.2815,-0.9596,0,0,0.9211,0,1]},
{"frame":9,"values":[-1,0,0,0,0,0.9623,0.272,0,0,0.272,-0.9623,0,0,0.9211,0,1]},
{"frame":10,"values":[-1,0,0,0,0,0.9653,0.2612,0,0,0.2612,-0.9653,0,0,0.9211,0,1]},
{"frame":11,"values":[-1,0,0,0,0,0.9685,0.2492,0,0,0.2492,-0.9685,0,0,0.9211,0,1]},
{"frame":12,"values":[-1,0,0,0,0,0.9718,0.2359,0,0,0.2359,-0.9718,0,0,0.9211,0,1]},
{"frame":13,"values":[-1,0,0,0,0,0.9751,0.2216,0,0,0.2216,-0.9751,0,0,0.9211,0,1]},
{"frame":14,"values":[-1,0,0,0,0,0.9785,0.2062,0,0,0.2062,-0.9785,0,0,0.9211,0,1]},
{"frame":15,"values":[-1,0,0,0,0,0.9818,0.19,0,0,0.19,-0.9818,0,0,0.9211,0,1]},
{"frame":16,"values":[-1,0,0,0,0,0.9849,0.173,0,0,0.173,-0.9849,0,0,0.9211,0,1]},
{"frame":17,"values":[-1,0,0,0,0,0.9879,0.1554,0,0,0.1554,-0.9879,0,0,0.9211,0,1]},
{"frame":18,"values":[-1,0,0,0,0,0.9905,0.1374,0,0,0.1374,-0.9905,0,0,0.9211,0,1]},
{"frame":19,"values":[-1,0,0,0,0,0.9929,0.1191,0,0,0.1191,-0.9929,0,0,0.9211,0,1]},
{"frame":20,"values":[-1,0,0,0,0,0.9949,0.1007,0,0,0.1007,-0.9949,0,0,0.9211,0,1]},
{"frame":21,"values":[-1,0,0,0,0,0.9966,0.0824,0,0,0.0824,-0.9966,0,0,0.9211,0,1]},
{"frame":22,"values":[-1,0,0,0,0,0.9979,0.0642,0,0,0.0642,-0.9979,0,0,0.9211,0,1]},
{"frame":23,"values":[-1,0,0,0,0,0.9989,0.0464,0,0,0.0464,-0.9989,0,0,0.9211,0,1]},
{"frame":24,"values":[-1,0,0,0,0,0.9996,0.029,0,0,0.029,-0.9996,0,0,0.9211,0,1]},
{"frame":25,"values":[-1,0,0,0,0,0.9999,0.0121,0,0,0.0121,-0.9999,0,0,0.9211,0,1]},
{"frame":26,"values":[-1,0,0,0,0,1,-0.0041,0,0,-0.0041,-1,0,0,0.9211,0,1]},
{"frame":27,"values":[-1,0,0,0,0,0.9998,-0.0197,0,0,-0.0197,-0.9998,0,0,0.9211,0,1]},
{"frame":28,"values":[-1,0,0,0,0,0.9994,-0.0346,0,0,-0.0346,-0.9994,0,0,0.9211,0,1]},
{"frame":29,"values":[-1,0,0,0,0,0.9988,-0.0488,0,0,-0.0488,-0.9988,0,0,0.9211,0,1]},
{"frame":30,"values":[-1,0,0,0,0,0.9981,-0.0622,0,0,-0.0622,-0.9981,0,0,0.9211,0,1]},
{"frame":31,"values":[-1,0,0,0,0,0.9971,-0.0756,0,0,-0.0756,-0.9971,0,0,0.9211,0,1]},
{"frame":32,"values":[-1,0,0,0,0,0.996,-0.0897,0,0,-0.0897,-0.996,0,0,0.9211,0,1]},
{"frame":33,"values":[-1,0,0,0,0,0.9945,-0.1045,0,0,-0.1045,-0.9945,0,0,0.9211,0,1]},
{"frame":34,"values":[-1,0,0,0,0,0.9928,-0.1199,0,0,-0.1199,-0.9928,0,0,0.9211,0,1]},
{"frame":35,"values":[-1,0,0,0,0,0.9907,-0.136,0,0,-0.136,-0.9907,0,0,0.9211,0,1]},
{"frame":36,"values":[-1,0,0,0,0,0.9883,-0.1527,0,0,-0.1527,-0.9883,0,0,0.9211,0,1]},
{"frame":37,"values":[-1,0,0,0,0,0.9855,-0.1698,0,0,-0.1698,-0.9855,0,0,0.9211,0,1]},
{"frame":38,"values":[-1,0,0,0,0,0.9823,-0.1874,0,0,-0.1874,-0.9823,0,0,0.9211,0,1]},
{"frame":39,"values":[-1,0,0,0,0,0.9787,-0.2052,0,0,-0.2052,-0.9787,0,0,0.9211,0,1]},
{"frame":40,"values":[-1,0,0,0,0,0.9748,-0.2233,0,0,-0.2233,-0.9748,0,0,0.9211,0,1]},
{"frame":41,"values":[-1,0,0,0,0,0.9704,-0.2414,0,0,-0.2414,-0.9704,0,0,0.9211,0,1]},
{"frame":42,"values":[-1,0,0,0,0,0.9658,-0.2594,0,0,-0.2594,-0.9658,0,0,0.9211,0,1]},
{"frame":43,"values":[-1,0,0,0,0,0.9608,-0.2772,0,0,-0.2772,-0.9608,0,0,0.9211,0,1]},
{"frame":44,"values":[-1,0,0,0,0,0.9556,-0.2946,0,0,-0.2946,-0.9556,0,0,0.9211,0,1]},
{"frame":45,"values":[-1,0,0,0,0,0.9502,-0.3115,0,0,-0.3115,-0.9502,0,0,0.9211,0,1]},
{"frame":46,"values":[-1,0,0,0,0,0.9448,-0.3277,0,0,-0.3277,-0.9448,0,0,0.9211,0,1]},
{"frame":47,"values":[-1,0,0,0,0,0.9393,-0.3431,0,0,-0.3431,-0.9393,0,0,0.9211,0,1]},
{"frame":48,"values":[-1,0,0,0,0,0.9339,-0.3576,0,0,-0.3576,-0.9339,0,0,0.9211,0,1]},
{"frame":49,"values":[-1,0,0,0,0,0.9286,-0.3711,0,0,-0.3711,-0.9286,0,0,0.9211,0,1]},
{"frame":50,"values":[-1,0,0,0,0,0.9235,-0.3835,0,0,-0.3835,-0.9235,0,0,0.9211,0,1]},
{"frame":51,"values":[-1,0,0,0,0,0.9188,-0.3947,0,0,-0.3947,-0.9188,0,0,0.9211,0,1]},
{"frame":52,"values":[-1,0,0,0,0,0.9144,-0.4047,0,0,-0.4047,-0.9144,0,0,0.9211,0,1]},
{"frame":53,"values":[-1,0,0,0,0,0.9105,-0.4135,0,0,-0.4135,-0.9105,0,0,0.9211,0,1]},
{"frame":54,"values":[-1,0,0,0,0,0.907,-0.4211,0,0,-0.4211,-0.907,0,0,0.9211,0,1]},
{"frame":55,"values":[-1,0,0,0,0,0.904,-0.4274,0,0,-0.4274,-0.904,0,0,0.9211,0,1]},
{"frame":56,"values":[-1,0,0,0,0,0.9016,-0.4326,0,0,-0.4326,-0.9016,0,0,0.9211,0,1]},
{"frame":57,"values":[-1,0,0,0,0,0.8997,-0.4365,0,0,-0.4365,-0.8997,0,0,0.9211,0,1]},
{"frame":58,"values":[-1,0,0,0,0,0.8984,-0.4393,0,0,-0.4393,-0.8984,0,0,0.9211,0,1]},
{"frame":59,"values":[-1,0,0,0,0,0.8976,-0.4409,0,0,-0.4409,-0.8976,0,0,0.9211,0,1]},
{"frame":60,"values":[-1,0,0,0,0,0.8973,-0.4414,0,0,-0.4414,-0.8973,0,0,0.9211,0,1]},
{"frame":61,"values":[-1,0,0,0,0,0.8976,-0.4409,0,0,-0.4409,-0.8976,0,0,0.9211,0,1]},
{"frame":62,"values":[-1,0,0,0,0,0.8984,-0.4392,0,0,-0.4392,-0.8984,0,0,0.9211,0,1]},
{"frame":63,"values":[-1,0,0,0,0,0.8997,-0.4364,0,0,-0.4364,-0.8997,0,0,0.9211,0,1]},
{"frame":64,"values":[-1,0,0,0,0,0.9016,-0.4325,0,0,-0.4325,-0.9016,0,0,0.9211,0,1]},
{"frame":65,"values":[-1,0,0,0,0,0.9041,-0.4273,0,0,-0.4273,-0.9041,0,0,0.9211,0,1]},
{"frame":66,"values":[-1,0,0,0,0,0.9071,-0.4209,0,0,-0.4209,-0.9071,0,0,0.9211,0,1]},
{"frame":67,"values":[-1,0,0,0,0,0.9106,-0.4133,0,0,-0.4133,-0.9106,0,0,0.9211,0,1]},
{"frame":68,"values":[-1,0,0,0,0,0.9146,-0.4044,0,0,-0.4044,-0.9146,0,0,0.9211,0,1]},
{"frame":69,"values":[-1,0,0,0,0,0.919,-0.3943,0,0,-0.3943,-0.919,0,0,0.9211,0,1]},
{"frame":70,"values":[-1,0,0,0,0,0.9237,-0.383,0,0,-0.383,-0.9237,0,0,0.9211,0,1]},
{"frame":71,"values":[-1,0,0,0,0,0.9288,-0.3705,0,0,-0.3705,-0.9288,0,0,0.9211,0,1]},
{"frame":72,"values":[-1,0,0,0,0,0.9341,-0.357,0,0,-0.357,-0.9341,0,0,0.9211,0,1]},
{"frame":73,"values":[-1,0,0,0,0,0.9396,-0.3424,0,0,-0.3424,-0.9396,0,0,0.9211,0,1]},
{"frame":74,"values":[-1,0,0,0,0,0.9451,-0.3269,0,0,-0.3269,-0.9451,0,0,0.9211,0,1]},
{"frame":75,"values":[-1,0,0,0,0,0.9505,-0.3106,0,0,-0.3106,-0.9505,0,0,0.9211,0,1]},
{"frame":76,"values":[-1,0,0,0,0,0.9559,-0.2937,0,0,-0.2937,-0.9559,0,0,0.9211,0,1]},
{"frame":77,"values":[-1,0,0,0,0,0.9611,-0.2762,0,0,-0.2762,-0.9611,0,0,0.9211,0,1]},
{"frame":78,"values":[-1,0,0,0,0,0.966,-0.2584,0,0,-0.2584,-0.966,0,0,0.9211,0,1]},
{"frame":79,"values":[-1,0,0,0,0,0.9707,-0.2403,0,0,-0.2403,-0.9707,0,0,0.9211,0,1]},
{"frame":80,"values":[-1,0,0,0,0,0.975,-0.2222,0,0,-0.2222,-0.975,0,0,0.9211,0,1]},
{"frame":81,"values":[-1,0,0,0,0,0.9789,-0.2042,0,0,-0.2042,-0.9789,0,0,0.9211,0,1]},
{"frame":82,"values":[-1,0,0,0,0,0.9825,-0.1863,0,0,-0.1863,-0.9825,0,0,0.9211,0,1]},
{"frame":83,"values":[-1,0,0,0,0,0.9856,-0.1688,0,0,-0.1688,-0.9856,0,0,0.9211,0,1]},
{"frame":84,"values":[-1,0,0,0,0,0.9884,-0.1518,0,0,-0.1518,-0.9884,0,0,0.9211,0,1]},
{"frame":85,"values":[-1,0,0,0,0,0.9908,-0.1352,0,0,-0.1352,-0.9908,0,0,0.9211,0,1]},
{"frame":86,"values":[-1,0,0,0,0,0.9929,-0.1192,0,0,-0.1192,-0.9929,0,0,0.9211,0,1]},
{"frame":87,"values":[-1,0,0,0,0,0.9946,-0.1039,0,0,-0.1039,-0.9946,0,0,0.9211,0,1]},
{"frame":88,"values":[-1,0,0,0,0,0.996,-0.0893,0,0,-0.0893,-0.996,0,0,0.9211,0,1]},
{"frame":89,"values":[-1,0,0,0,0,0.9972,-0.0753,0,0,-0.0753,-0.9972,0,0,0.9211,0,1]},
{"frame":90,"values":[-1,0,0,0,0,0.9981,-0.0622,0,0,-0.0622,-0.9981,0,0,0.9211,0,1]},
{"frame":91,"values":[-1,0,0,0,0,0.9988,-0.049,0,0,-0.049,-0.9988,0,0,0.9211,0,1]},
{"frame":92,"values":[-1,0,0,0,0,0.9994,-0.0352,0,0,-0.0352,-0.9994,0,0,0.9211,0,1]},
{"frame":93,"values":[-1,0,0,0,0,0.9998,-0.0207,0,0,-0.0207,-0.9998,0,0,0.9211,0,1]},
{"frame":94,"values":[-1,0,0,0,0,1,-0.0055,0,0,-0.0055,-1,0,0,0.9211,0,1]},
{"frame":95,"values":[-1,0,0,0,0,0.9999,0.0102,0,0,0.0102,-0.9999,0,0,0.9211,0,1]},
{"frame":96,"values":[-1,0,0,0,0,0.9996,0.0265,0,0,0.0265,-0.9996,0,0,0.9211,0,1]},
{"frame":97,"values":[-1,0,0,0,0,0.9991,0.0433,0,0,0.0433,-0.9991,0,0,0.9211,0,1]},
{"frame":98,"values":[-1,0,0,0,0,0.9982,0.0605,0,0,0.0605,-0.9982,0,0,0.9211,0,1]},
{"frame":99,"values":[-1,0,0,0,0,0.997,0.078,0,0,0.078,-0.997,0,0,0.9211,0,1]},
{"frame":100,"values":[-1,0,0,0,0,0.9954,0.0957,0,0,0.0957,-0.9954,0,0,0.9211,0,1]},
{"frame":101,"values":[-1,0,0,0,0,0.9935,0.1135,0,0,0.1135,-0.9935,0,0,0.9211,0,1]},
{"frame":102,"values":[-1,0,0,0,0,0.9914,0.1312,0,0,0.1312,-0.9914,0,0,0.9211,0,1]},
{"frame":103,"values":[-1,0,0,0,0,0.9889,0.1487,0,0,0.1487,-0.9889,0,0,0.9211,0,1]},
{"frame":104,"values":[-1,0,0,0,0,0.9862,0.1658,0,0,0.1658,-0.9862,0,0,0.9211,0,1]},
{"frame":105,"values":[-1,0,0,0,0,0.9832,0.1825,0,0,0.1825,-0.9832,0,0,0.9211,0,1]},
{"frame":106,"values":[-1,0,0,0,0,0.9801,0.1985,0,0,0.1985,-0.9801,0,0,0.9211,0,1]},
{"frame":107,"values":[-1,0,0,0,0,0.9769,0.2138,0,0,0.2138,-0.9769,0,0,0.9211,0,1]},
{"frame":108,"values":[-1,0,0,0,0,0.9736,0.2282,0,0,0.2282,-0.9736,0,0,0.9211,0,1]},
{"frame":109,"values":[-1,0,0,0,0,0.9704,0.2415,0,0,0.2415,-0.9704,0,0,0.9211,0,1]},
{"frame":110,"values":[-1,0,0,0,0,0.9672,0.2538,0,0,0.2538,-0.9672,0,0,0.9211,0,1]},
{"frame":111,"values":[-1,0,0,0,0,0.9642,0.265,0,0,0.265,-0.9642,0,0,0.9211,0,1]},
{"frame":112,"values":[-1,0,0,0,0,0.9614,0.275,0,0,0.275,-0.9614,0,0,0.9211,0,1]},
{"frame":113,"values":[-1,0,0,0,0,0.9589,0.2838,0,0,0.2838,-0.9589,0,0,0.9211,0,1]},
{"frame":114,"values":[-1,0,0,0,0,0.9566,0.2914,0,0,0.2914,-0.9566,0,0,0.9211,0,1]},
{"frame":115,"values":[-1,0,0,0,0,0.9547,0.2977,0,0,0.2977,-0.9547,0,0,0.9211,0,1]},
{"frame":116,"values":[-1,0,0,0,0,0.953,0.3028,0,0,0.3028,-0.953,0,0,0.9211,0,1]},
{"frame":117,"values":[-1,0,0,0,0,0.9518,0.3068,0,0,0.3068,-0.9518,0,0,0.9211,0,1]},
{"frame":118,"values":[-1,0,0,0,0,0.9509,0.3095,0,0,0.3095,-0.9509,0,0,0.9211,0,1]},
{"frame":119,"values":[-1,0,0,0,0,0.9504,0.3112,0,0,0.3112,-0.9504,0,0,0.9211,0,1]},
{"frame":120,"values":[-1,0,0,0,0,0.9502,0.3117,0,0,0.3117,-0.9502,0,0,0.9211,0,1]},
{"frame":121,"values":[-1,0,0,0,0,0.9505,0.3108,0,0,0.3108,-0.9505,0,0,0.9211,0,1]},
{"frame":122,"values":[-1,0,0,0,0,0.9513,0.3082,0,0,0.3082,-0.9513,0,0,0.9211,0,1]},
{"frame":123,"values":[-1,0,0,0,0,0.9528,0.3037,0,0,0.3037,-0.9528,0,0,0.9211,0,1]},
{"frame":124,"values":[-1,0,0,0,0,0.9547,0.2975,0,0,0.2975,-0.9547,0,0,0.9211,0,1]},
{"frame":125,"values":[-1,0,0,0,0,0.9572,0.2895,0,0,0.2895,-0.9572,0,0,0.9211,0,1]},
{"frame":126,"values":[-1,0,0,0,0,0.9601,0.2796,0,0,0.2796,-0.9601,0,0,0.9211,0,1]},
{"frame":127,"values":[-1,0,0,0,0,0.9634,0.2681,0,0,0.2681,-0.9634,0,0,0.9211,0,1]},
{"frame":128,"values":[-1,0,0,0,0,0.967,0.2548,0,0,0.2548,-0.967,0,0,0.9211,0,1]},
{"frame":129,"values":[-1,0,0,0,0,0.9708,0.24,0,0,0.24,-0.9708,0,0,0.9211,0,1]},
{"frame":130,"values":[-1,0,0,0,0,0.9747,0.2237,0,0,0.2237,-0.9747,0,0,0.9211,0,1]},
{"frame":131,"values":[-1,0,0,0,0,0.9785,0.2061,0,0,0.2061,-0.9785,0,0,0.9211,0,1]},
{"frame":132,"values":[-1,0,0,0,0,0.9823,0.1874,0,0,0.1874,-0.9823,0,0,0.9211,0,1]},
{"frame":133,"values":[-1,0,0,0,0,0.9858,0.1678,0,0,0.1678,-0.9858,0,0,0.9211,0,1]},
{"frame":134,"values":[-1,0,0,0,0,0.989,0.1476,0,0,0.1476,-0.989,0,0,0.9211,0,1]},
{"frame":135,"values":[-1,0,0,0,0,0.9919,0.127,0,0,0.127,-0.9919,0,0,0.9211,0,1]},
{"frame":136,"values":[-1,0,0,0,0,0.9943,0.1064,0,0,0.1064,-0.9943,0,0,0.9211,0,1]},
{"frame":137,"values":[-1,0,0,0,0,0.9963,0.0861,0,0,0.0861,-0.9963,0,0,0.9211,0,1]},
{"frame":138,"values":[-1,0,0,0,0,0.9978,0.0662,0,0,0.0662,-0.9978,0,0,0.9211,0,1]},
{"frame":139,"values":[-1,0,0,0,0,0.9989,0.0472,0,0,0.0472,-0.9989,0,0,0.9211,0,1]},
{"frame":140,"values":[-1,0,0,0,0,0.9996,0.0292,0,0,0.0292,-0.9996,0,0,0.9211,0,1]},
{"frame":141,"values":[-1,0,0,0,0,0.9999,0.0124,0,0,0.0124,-0.9999,0,0,0.9211,0,1]},
{"frame":142,"values":[-1,0,0,0,0,1,-0.0029,0,0,-0.0029,-1,0,0,0.9211,0,1]},
{"frame":143,"values":[-1,0,0,0,0,0.9999,-0.0166,0,0,-0.0166,-0.9999,0,0,0.9211,0,1]},
{"frame":144,"values":[-1,0,0,0,0,0.9996,-0.0287,0,0,-0.0287,-0.9996,0,0,0.9211,0,1]},
{"frame":145,"values":[-1,0,0,0,0,0.9992,-0.0389,0,0,-0.0389,-0.9992,0,0,0.9211,0,1]},
{"frame":146,"values":[-1,0,0,0,0,0.9989,-0.0473,0,0,-0.0473,-0.9989,0,0,0.9211,0,1]},
{"frame":147,"values":[-1,0,0,0,0,0.9985,-0.0538,0,0,-0.0538,-0.9986,0,0,0.9211,0,1]},
{"frame":148,"values":[-1,0,0,0,0,0.9983,-0.0585,0,0,-0.0585,-0.9983,0,0,0.9211,0,1]},
{"frame":149,"values":[-1,0,0,0,0,0.9981,-0.0613,0,0,-0.0613,-0.9981,0,0,0.9211,0,1]},
{"frame":150,"values":[-1,0,0,0,0,0.9981,-0.0622,0,0,-0.0622,-0.9981,0,0,0.9211,0,1]},
{"frame":151,"values":[-1,-0.0005,0,0,-0.0005,0.9981,-0.0622,0,0,-0.0622,-0.9981,0,0,0.9211,0,1]},
{"frame":152,"values":[-1,-0.0019,0,0,-0.0019,0.9981,-0.0622,0,0.0001,-0.0622,-0.9981,0,0,0.9211,0,1]},
{"frame":153,"values":[-1,-0.0043,0.0001,0,-0.0043,0.9981,-0.0622,0,0.0002,-0.0622,-0.9981,0,0,0.9211,0,1]},
{"frame":154,"values":[-1,-0.0076,0.0001,0,-0.0076,0.998,-0.0622,0,0.0003,-0.0622,-0.9981,0,0,0.9211,0,1]},
{"frame":155,"values":[-0.9999,-0.0119,0.0002,0,-0.0119,0.998,-0.0622,0,0.0005,-0.0622,-0.9981,0,0,0.9211,0,1]},
{"frame":156,"values":[-0.9999,-0.0172,0.0003,0,-0.0172,0.9979,-0.0622,0,0.0008,-0.0622,-0.9981,0,0,0.9211,0,1]},
{"frame":157,"values":[-0.9997,-0.0233,0.0004,0,-0.0233,0.9978,-0.0622,0,0.001,-0.0622,-0.9981,0,0,0.9211,0,1]},
{"frame":158,"values":[-0.9995,-0.0303,0.0005,0,-0.0303,0.9976,-0.0622,0,0.0014,-0.0622,-0.9981,0,0,0.9211,0,1]},
{"frame":159,"values":[-0.9993,-0.0381,0.0007,0,-0.0381,0.9973,-0.0622,0,0.0017,-0.0621,-0.9981,0,0,0.9211,0,1]},
{"frame":160,"values":[-0.9989,-0.0467,0.0008,0,-0.0466,0.997,-0.0622,0,0.0021,-0.0621,-0.9981,0,0,0.9211,0,1]},
{"frame":161,"values":[-0.9984,-0.0558,0.001,0,-0.0558,0.9965,-0.0621,0,0.0025,-0.0621,-0.9981,0,0,0.9211,0,1]},
{"frame":162,"values":[-0.9979,-0.0655,0.0011,0,-0.0655,0.9959,-0.0621,0,0.0029,-0.0621,-0.9981,0,0,0.9211,0,1]},
{"frame":163,"values":[-0.9971,-0.0756,0.0013,0,-0.0756,0.9952,-0.0621,0,0.0034,-0.062,-0.9981,0,0,0.9211,0,1]},
{"frame":164,"values":[-0.9963,-0.086,0.0015,0,-0.0859,0.9944,-0.0621,0,0.0039,-0.062,-0.9981,0,0,0.9211,0,1]},
{"frame":165,"values":[-0.9953,-0.0965,0.0017,0,-0.0964,0.9934,-0.0621,0,0.0043,-0.062,-0.9981,0,0,0.9211,0,1]},
{"frame":166,"values":[-0.9943,-0.107,0.0019,0,-0.1069,0.9923,-0.0621,0,0.0048,-0.0619,-0.9981,0,0,0.9211,0,1]},
{"frame":167,"values":[-0.9931,-0.1174,0.002,0,-0.1173,0.9912,-0.0621,0,0.0053,-0.0619,-0.9981,0,0,0.9211,0,1]},
{"frame":168,"values":[-0.9918,-0.1274,0.0022,0,-0.1273,0.9899,-0.062,0,0.0057,-0.0618,-0.9981,0,0,0.9211,0,1]},
{"frame":169,"values":[-0.9906,-0.1371,0.0024,0,-0.1369,0.9886,-0.062,0,0.0062,-0.0618,-0.9981,0,0,0.9211,0,1]},
{"frame":170,"values":[-0.9893,-0.1461,0.0025,0,-0.146,0.9873,-0.062,0,0.0066,-0.0617,-0.9981,0,0,0.9211,0,1]},
{"frame":171,"values":[-0.988,-0.1546,0.0027,0,-0.1545,0.9861,-0.062,0,0.0069,-0.0616,-0.9981,0,0,0.9211,0,1]},
{"frame":172,"values":[-0.9867,-0.1623,0.0028,0,-0.1622,0.9848,-0.0619,0,0.0073,-0.0616,-0.9981,0,0,0.9211,0,1]},
{"frame":173,"values":[-0.9856,-0.1692,0.0029,0,-0.1691,0.9837,-0.0619,0,0.0076,-0.0615,-0.9981,0,0,0.9211,0,1]},
{"frame":174,"values":[-0.9845,-0.1753,0.003,0,-0.1751,0.9826,-0.0619,0,0.0079,-0.0615,-0.9981,0,0,0.9211,0,1]},
{"frame":175,"values":[-0.9836,-0.1804,0.0031,0,-0.1803,0.9817,-0.0619,0,0.0081,-0.0614,-0.9981,0,0,0.9211,0,1]},
{"frame":176,"values":[-0.9828,-0.1847,0.0032,0,-0.1845,0.9809,-0.0619,0,0.0083,-0.0614,-0.9981,0,0,0.9211,0,1]},
{"frame":177,"values":[-0.9822,-0.1879,0.0033,0,-0.1878,0.9803,-0.0619,0,0.0084,-0.0614,-0.9981,0,0,0.9211,0,1]},
{"frame":178,"values":[-0.9817,-0.1903,0.0033,0,-0.1901,0.9798,-0.0619,0,0.0085,-0.0614,-0.9981,0,0,0.9211,0,1]},
{"frame":179,"values":[-0.9815,-0.1917,0.0033,0,-0.1915,0.9795,-0.0619,0,0.0086,-0.0613,-0.9981,0,0,0.9211,0,1]},
{"frame":180,"values":[-0.9814,-0.1921,0.0033,0,-0.192,0.9794,-0.0619,0,0.0086,-0.0613,-0.9981,0,0,0.9211,0,1]},
{"frame":181,"values":[-0.9814,-0.192,0.0033,0,-0.1918,0.9795,-0.0619,0,0.0086,-0.0613,-0.9981,0,0,0.9211,0,1]},
{"frame":182,"values":[-0.9815,-0.1914,0.0033,0,-0.1912,0.9796,-0.0619,0,0.0086,-0.0613,-0.9981,0,0,0.9211,0,1]},
{"frame":183,"values":[-0.9817,-0.1904,0.0033,0,-0.1902,0.9798,-0.0619,0,0.0085,-0.0614,-0.9981,0,0,0.9211,0,1]},
{"frame":184,"values":[-0.982,-0.189,0.0033,0,-0.1888,0.9801,-0.0619,0,0.0085,-0.0614,-0.9981,0,0,0.9211,0,1]},
{"frame":185,"values":[-0.9823,-0.1871,0.0032,0,-0.1869,0.9804,-0.0619,0,0.0084,-0.0614,-0.9981,0,0,0.9211,0,1]},
{"frame":186,"values":[-0.9828,-0.1847,0.0032,0,-0.1846,0.9809,-0.0619,0,0.0083,-0.0614,-0.9981,0,0,0.9211,0,1]},
{"frame":187,"values":[-0.9833,-0.1818,0.0031,0,-0.1817,0.9814,-0.0619,0,0.0082,-0.0614,-0.9981,0,0,0.9211,0,1]},
{"frame":188,"values":[-0.9839,-0.1785,0.0031,0,-0.1783,0.982,-0.0619,0,0.008,-0.0615,-0.9981,0,0,0.9211,0,1]},
{"frame":189,"values":[-0.9846,-0.1746,0.003,0,-0.1744,0.9827,-0.0619,0,0.0078,-0.0615,-0.9981,0,0,0.9211,0,1]},
{"frame":190,"values":[-0.9854,-0.1701,0.0029,0,-0.17,0.9835,-0.0619,0,0.0076,-0.0615,-0.9981,0,0,0.9211,0,1]},
{"frame":191,"values":[-0.9863,-0.1651,0.0029,0,-0.165,0.9844,-0.0619,0,0.0074,-0.0616,-0.9981,0,0,0.9211,0,1]},
{"frame":192,"values":[-0.9872,-0.1596,0.0028,0,-0.1595,0.9853,-0.062,0,0.0072,-0.0616,-0.9981,0,0,0.9211,0,1]},
{"frame":193,"values":[-0.9881,-0.1535,0.0027,0,-0.1534,0.9862,-0.062,0,0.0069,-0.0616,-0.9981,0,0,0.9211,0,1]},
{"frame":194,"values":[-0.9891,-0.1469,0.0025,0,-0.1468,0.9872,-0.062,0,0.0066,-0.0617,-0.9981,0,0,0.9211,0,1]},
{"frame":195,"values":[-0.9902,-0.1399,0.0024,0,-0.1397,0.9882,-0.062,0,0.0063,-0.0617,-0.9981,0,0,0.9211,0,1]},
{"frame":196,"values":[-0.9912,-0.1323,0.0023,0,-0.1322,0.9893,-0.062,0,0.0059,-0.0618,-0.9981,0,0,0.9211,0,1]},
{"frame":197,"values":[-0.9922,-0.1244,0.0022,0,-0.1242,0.9903,-0.062,0,0.0056,-0.0618,-0.9981,0,0,0.9211,0,1]},
{"frame":198,"values":[-0.9932,-0.116,0.002,0,-0.1159,0.9913,-0.0621,0,0.0052,-0.0619,-0.9981,0,0,0.9211,0,1]},
{"frame":199,"values":[-0.9942,-0.1073,0.0019,0,-0.1072,0.9923,-0.0621,0,0.0048,-0.0619,-0.9981,0,0,0.9211,0,1]},
{"frame":200,"values":[-0.9952,-0.0982,0.0017,0,-0.0982,0.9932,-0.0621,0,0.0044,-0.062,-0.9981,0,0,0.9211,0,1]},
{"frame":201,"values":[-0.996,-0.089,0.0015,0,-0.0889,0.9941,-0.0621,0,0.004,-0.062,-0.9981,0,0,0.9211,0,1]},
{"frame":202,"values":[-0.9968,-0.0794,0.0014,0,-0.0794,0.9949,-0.0621,0,0.0036,-0.062,-0.9981,0,0,0.9211,0,1]},
{"frame":203,"values":[-0.9976,-0.0698,0.0012,0,-0.0697,0.9956,-0.0621,0,0.0031,-0.0621,-0.9981,0,0,0.9211,0,1]},
{"frame":204,"values":[-0.9982,-0.0599,0.001,0,-0.0599,0.9963,-0.0621,0,0.0027,-0.0621,-0.9981,0,0,0.9211,0,1]},
{"frame":205,"values":[-0.9987,-0.05,0.0009,0,-0.05,0.9968,-0.0622,0,0.0022,-0.0621,-0.9981,0,0,0.9211,0,1]},
{"frame":206,"values":[-0.9992,-0.04,0.0007,0,-0.04,0.9973,-0.0622,0,0.0018,-0.0621,-0.9981,0,0,0.9211,0,1]},
{"frame":207,"values":[-0.9995,-0.03,0.0005,0,-0.03,0.9976,-0.0622,0,0.0013,-0.0622,-0.9981,0,0,0.9211,0,1]},
{"frame":208,"values":[-0.9998,-0.02,0.0003,0,-0.02,0.9979,-0.0622,0,0.0009,-0.0622,-0.9981,0,0,0.9211,0,1]},
{"frame":209,"values":[-1,-0.01,0.0002,0,-0.01,0.998,-0.0622,0,0.0004,-0.0622,-0.9981,0,0,0.9211,0,1]},
{"frame":210,"values":[-1,0,0,0,0,0.9981,-0.0622,0,0,-0.0622,-0.9981,0,0,0.9211,0,1]},
{"frame":211,"values":[-0.9999,0.0105,-0.0002,0,0.0105,0.998,-0.0622,0,-0.0005,-0.0622,-0.9981,0,0,0.9211,0,1]},
{"frame":212,"values":[-0.9998,0.0221,-0.0004,0,0.022,0.9978,-0.0622,0,-0.001,-0.0622,-0.9981,0,0,0.9211,0,1]},
{"frame":213,"values":[-0.9994,0.0347,-0.0006,0,0.0347,0.9975,-0.0622,0,-0.0016,-0.0621,-0.9981,0,0,0.9211,0,1]},
{"frame":214,"values":[-0.9988,0.0484,-0.0008,0,0.0483,0.9969,-0.0622,0,-0.0022,-0.0621,-0.9981,0,0,0.9211,0,1]},
{"frame":215,"values":[-0.998,0.0631,-0.0011,0,0.063,0.9961,-0.0621,0,-0.0028,-0.0621,-0.9981,0,0,0.9211,0,1]},
{"frame":216,"values":[-0.9969,0.0787,-0.0014,0,0.0787,0.995,-0.0621,0,-0.0035,-0.062,-0.9981,0,0,0.9211,0,1]},
{"frame":217,"values":[-0.9954,0.0953,-0.0017,0,0.0952,0.9935,-0.0621,0,-0.0043,-0.062,-0.9981,0,0,0.9211,0,1]},
{"frame":218,"values":[-0.9936,0.1126,-0.002,0,0.1125,0.9917,-0.0621,0,-0.0051,-0.0619,-0.9981,0,0,0.9211,0,1]},
{"frame":219,"values":[-0.9914,0.1307,-0.0023,0,0.1306,0.9895,-0.062,0,-0.0059,-0.0618,-0.9981,0,0,0.9211,0,1]},
{"frame":220,"values":[-0.9888,0.1492,-0.0026,0,0.1491,0.9869,-0.062,0,-0.0067,-0.0617,-0.9981,0,0,0.9211,0,1]},
{"frame":221,"values":[-0.9857,0.1682,-0.0029,0,0.1681,0.9838,-0.0619,0,-0.0075,-0.0615,-0.9981,0,0,0.9211,0,1]},
{"frame":222,"values":[-0.9823,0.1874,-0.0032,0,0.1873,0.9804,-0.0619,0,-0.0084,-0.0614,-0.9981,0,0,0.9211,0,1]},
{"frame":223,"values":[-0.9784,0.2067,-0.0036,0,0.2065,0.9765,-0.0618,0,-0.0093,-0.0612,-0.9981,0,0,0.9211,0,1]},
{"frame":224,"values":[-0.9742,0.2258,-0.0039,0,0.2256,0.9723,-0.0617,0,-0.0101,-0.061,-0.9981,0,0,0.9211,0,1]},
{"frame":225,"values":[-0.9696,0.2445,-0.0042,0,0.2443,0.9677,-0.0616,0,-0.011,-0.0608,-0.9981,0,0,0.9211,0,1]},
{"frame":226,"values":[-0.9649,0.2627,-0.0046,0,0.2625,0.963,-0.0616,0,-0.0118,-0.0606,-0.9981,0,0,0.9211,0,1]},
{"frame":227,"values":[-0.9599,0.2802,-0.0049,0,0.28,0.958,-0.0615,0,-0.0126,-0.0604,-0.9981,0,0,0.9211,0,1]},
{"frame":228,"values":[-0.9549,0.2968,-0.0051,0,0.2966,0.953,-0.0614,0,-0.0133,-0.0602,-0.9981,0,0,0.9211,0,1]},
{"frame":229,"values":[-0.9499,0.3124,-0.0054,0,0.3121,0.9481,-0.0613,0,-0.014,-0.0599,-0.9981,0,0,0.9211,0,1]},
{"frame":230,"values":[-0.9451,0.3268,-0.0057,0,0.3265,0.9432,-0.0612,0,-0.0147,-0.0597,-0.9981,0,0,0.9211,0,1]},
{"frame":231,"values":[-0.9404,0.34,-0.0059,0,0.3397,0.9385,-0.0611,0,-0.0153,-0.0595,-0.9981,0,0,0.9211,0,1]},
{"frame":232,"values":[-0.9361,0.3518,-0.0061,0,0.3515,0.9342,-0.0611,0,-0.0158,-0.0593,-0.9981,0,0,0.9211,0,1]},
{"frame":233,"values":[-0.9321,0.3622,-0.0063,0,0.3619,0.9302,-0.061,0,-0.0163,-0.0591,-0.9981,0,0,0.9211,0,1]},
{"frame":234,"values":[-0.9285,0.3713,-0.0064,0,0.3709,0.9267,-0.0609,0,-0.0167,-0.059,-0.9981,0,0,0.9211,0,1]},
{"frame":235,"values":[-0.9254,0.3788,-0.0066,0,0.3785,0.9236,-0.0609,0,-0.017,-0.0588,-0.9981,0,0,0.9211,0,1]},
