{"producer":{"name":"Blender","version":"2.82 (sub 7)","exporter_version":"6.3.1","file":"book01.babylon"},
"autoClear":true,"clearColor":[0.0509,0.0509,0.0509],"gravity":[0,-9.81,0],
"materials":[{"name":"book_base_baked","id":"book_base_baked","customType":"BABYLON.StandardMaterial","backFaceCulling":true,"checkReadyOnlyOnce":false,"maxSimultaneousLights":4,"specular":[0.05,0.05,0.05],"specularPower":64,"alpha":1,"indexOfRefraction":0.6897, 
"diffuseTexture":{"name":"book_new1_anim1c_text1x1024_old15.png","level":1,"hasAlpha":true,"coordinatesMode":0,"uOffset":0,"vOffset":0,"uScale":1,"vScale":1,"uAng":0,"vAng":0,"wAng":0,"wrapU":1,"wrapV":1,"coordinatesIndex":0}},
{"name":"cover","id":"cover","customType":"BABYLON.StandardMaterial","backFaceCulling":true,"checkReadyOnlyOnce":false,"maxSimultaneousLights":4,"specular":[0.1955,0.1955,0.1955],"specularPower":64,"alpha":1,"indexOfRefraction":0.6897, 
"diffuseTexture":{"name":"book_new1_anim1c_text1x1024_old15.png","level":1,"hasAlpha":true,"coordinatesMode":0,"uOffset":0,"vOffset":0,"uScale":1,"vScale":1,"uAng":0,"vAng":0,"wAng":0,"wrapU":1,"wrapV":1,"coordinatesIndex":0}},
{"name":"bench","id":"bench","customType":"BABYLON.StandardMaterial","backFaceCulling":true,"checkReadyOnlyOnce":false,"maxSimultaneousLights":4,"specular":[0,0,0],"specularPower":64,"alpha":1,"indexOfRefraction":0.6897, 
"diffuseTexture":{"name":"benchwood01.jpg","level":1,"hasAlpha":false,"coordinatesMode":0,"uOffset":0,"vOffset":0,"uScale":1,"vScale":1,"uAng":0,"vAng":0,"wAng":0,"wrapU":1,"wrapV":1,"coordinatesIndex":0}},
{"name":"bell_baked","id":"bell_baked","customType":"BABYLON.StandardMaterial","backFaceCulling":true,"checkReadyOnlyOnce":false,"maxSimultaneousLights":4,"specular":[0.5061,0.5061,0.5061],"specularPower":128,"alpha":1,"indexOfRefraction":0.6897, 
"diffuseTexture":{"name":"brass_shadow02.png","level":1,"hasAlpha":true,"coordinatesMode":0,"uOffset":0,"vOffset":0,"uScale":1,"vScale":1,"uAng":0,"vAng":0,"wAng":0,"wrapU":1,"wrapV":1,"coordinatesIndex":0}},
{"name":"handle","id":"handle","customType":"BABYLON.StandardMaterial","backFaceCulling":true,"checkReadyOnlyOnce":false,"maxSimultaneousLights":4,"diffuse":[0.087,0.0201,0.001],"specular":[0.1364,0.1364,0.1364],"specularPower":64,"alpha":1,"indexOfRefraction":0.6897},
{"name":"Material.001","id":"Material.001","customType":"BABYLON.StandardMaterial","backFaceCulling":true,"checkReadyOnlyOnce":false,"maxSimultaneousLights":4,"specular":[0.2227,0.2227,0.2227],"specularPower":30.8364,"alpha":1,"indexOfRefraction":0.6897, 
"diffuseTexture":{"name":"paper01.png","level":1,"hasAlpha":true,"coordinatesMode":0,"uOffset":0,"vOffset":0,"uScale":1,"vScale":1,"uAng":0,"vAng":0,"wAng":0,"wrapU":1,"wrapV":1,"coordinatesIndex":0}},
{"name":"feather","id":"feather","customType":"BABYLON.StandardMaterial","backFaceCulling":false,"checkReadyOnlyOnce":false,"maxSimultaneousLights":4,"specular":[0.5,0.5,0.5],"specularPower":64,"alpha":1,"indexOfRefraction":0.6897, 
"diffuseTexture":{"name":"feather-1x512.png","level":1,"hasAlpha":true,"coordinatesMode":0,"uOffset":0,"vOffset":0,"uScale":1,"vScale":1,"uAng":0,"vAng":0,"wAng":0,"wrapU":1,"wrapV":1,"coordinatesIndex":0}},
{"name":"cork","id":"cork","customType":"BABYLON.StandardMaterial","backFaceCulling":true,"checkReadyOnlyOnce":false,"maxSimultaneousLights":4,"diffuse":[0.3117,0.2207,0.1635],"specular":[0.5,0.5,0.5],"specularPower":64,"alpha":1,"indexOfRefraction":0.6897},
{"name":"candle","id":"candle","customType":"BABYLON.StandardMaterial","backFaceCulling":true,"checkReadyOnlyOnce":false,"maxSimultaneousLights":4,"diffuse":[0.6466,0.5554,0.2972],"specular":[0.2364,0.2364,0.2364],"specularPower":64,"alpha":1,"indexOfRefraction":0.6897},
{"name":"flame","id":"flame","customType":"BABYLON.StandardMaterial","backFaceCulling":true,"checkReadyOnlyOnce":false,"maxSimultaneousLights":4,"specular":[0.5,0.5,0.5],"specularPower":128,"alpha":1,"indexOfRefraction":0.6897, 
"diffuseTexture":{"name":"fire02.png","level":1,"hasAlpha":true,"coordinatesMode":0,"uOffset":0,"vOffset":0,"uScale":1,"vScale":1,"uAng":0,"vAng":0,"wAng":0,"wrapU":1,"wrapV":1,"coordinatesIndex":0}},
{"name":"paper","id":"paper","customType":"BABYLON.StandardMaterial","backFaceCulling":false,"checkReadyOnlyOnce":false,"maxSimultaneousLights":4,"specular":[0.1,0.1,0.1],"specularPower":0,"alpha":1,"indexOfRefraction":0.6897, 
"diffuseTexture":{"name":"paper01.png","level":1,"hasAlpha":true,"coordinatesMode":0,"uOffset":0,"vOffset":0,"uScale":1,"vScale":1,"uAng":0,"vAng":0,"wAng":0,"wrapU":1,"wrapV":1,"coordinatesIndex":0}},
{"name":"skull","id":"skull","customType":"BABYLON.StandardMaterial","backFaceCulling":true,"checkReadyOnlyOnce":false,"maxSimultaneousLights":4,"specular":[0,0,0],"specularPower":0,"alpha":1,"indexOfRefraction":0.6897, 
"diffuseTexture":{"name":"paper01.png","level":1,"hasAlpha":true,"coordinatesMode":0,"uOffset":0,"vOffset":0,"uScale":1,"vScale":1,"uAng":0,"vAng":0,"wAng":0,"wrapU":1,"wrapV":1,"coordinatesIndex":0}},
{"name":"ground","id":"ground","customType":"BABYLON.StandardMaterial","backFaceCulling":true,"checkReadyOnlyOnce":false,"maxSimultaneousLights":4,"diffuse":[0.0775,0.2031,0.0027],"specular":[0.5,0.5,0.5],"specularPower":64,"alpha":1,"indexOfRefraction":0.6897}],
"multiMaterials":[{"name":"book01.Multimaterial#0","id":"book01.Multimaterial#0","materials":["book_base_baked","cover"]},{"name":"book01.Multimaterial#1","id":"book01.Multimaterial#1","materials":["bell_baked","handle"]}],
"skeletons":[{"name":"the_book","id":0,"dimensionsAtRest":[0.4149,0.0004,0.0004],"bones":[
{"name":"book base","index":0,"matrix":[-0.003,0.7076,-0.7066,0,-1,-0.0021,0.0021,0,0,-0.7066,-0.7077,0,0.2079,1.1207,-0.0007,1],"rest":[-0.003,0.7076,-0.7066,0,-1,-0.0021,0.0021,0,0,-0.7066,-0.7077,0,0.2079,1.1207,-0.0007,1],"parentBoneIndex":-1,"length":0.2012
,"animation":{"dataType":3,"framePerSecond":30,"keys":[
{"frame":1,"values":[-0.003,0.7076,-0.7066,0,-1,-0.0021,0.0021,0,0,-0.7066,-0.7077,0,0.2079,1.1207,-0.0007,1]},
{"frame":40,"values":[-0.003,0.7076,-0.7066,0,-1,-0.0021,0.0021,0,0,-0.7066,-0.7077,0,0.2079,1.1207,-0.0007,1]}],"loopBehavior":1,"name":"anim","property":"_matrix"}},
{"name":"book spine","index":1,"matrix":[0.0008,0,-1,0,1,-0.003,0.0008,0,-0.003,-1,0,0,0,0.2012,0,1],"rest":[0.0008,0,-1,0,0.003,1,0,0,1,-0.003,0.0008,0,0,0.2012,0,1],"parentBoneIndex":0,"length":0.0128
,"animation":{"dataType":3,"framePerSecond":30,"keys":[
{"frame":1,"values":[0.0008,0,-1,0,1,-0.003,0.0008,0,-0.003,-1,0,0,0,0.2012,0,1]},
{"frame":6,"values":[0.0008,0,-1,0,1,0.0042,0.0008,0,0.0042,-1,0,0,0,0.2012,0,1]},
{"frame":7,"values":[0.0008,0,-1,0,0.9997,0.0238,0.0008,0,0.0238,-0.9997,0,0,0,0.2012,0,1]},
{"frame":8,"values":[0.0008,0,-1,0,0.9985,0.0539,0.0008,0,0.0539,-0.9985,0,0,0,0.2012,0,1]},
{"frame":9,"values":[0.0008,0,-1,0,0.9957,0.0926,0.0008,0,0.0926,-0.9957,0.0001,0,0,0.2012,0,1]},
{"frame":10,"values":[0.0008,0,-1,0,0.9903,0.1388,0.0008,0,0.1388,-0.9903,0.0001,0,0,0.2012,0,1]},
{"frame":11,"values":[0.0008,0,-1,0,0.9816,0.1911,0.0008,0,0.1911,-0.9816,0.0001,0,0,0.2012,0,1]},
{"frame":12,"values":[0.0008,0,-1,0,0.9686,0.2485,0.0007,0,0.2485,-0.9686,0.0002,0,0,0.2012,0,1]},
{"frame":13,"values":[0.0008,0,-1,0,0.9508,0.3098,0.0007,0,0.3098,-0.9508,0.0002,0,0,0.2012,0,1]},
{"frame":14,"values":[0.0008,0,-1,0,0.9275,0.3738,0.0007,0,0.3738,-0.9275,0.0003,0,0,0.2012,0,1]},
{"frame":15,"values":[0.0008,0,-1,0,0.8984,0.4392,0.0007,0,0.4392,-0.8984,0.0003,0,0,0.2012,0,1]},
{"frame":16,"values":[0.0008,0,-1,0,0.8632,0.5048,0.0007,0,0.5048,-0.8632,0.0004,0,0,0.2012,0,1]},
{"frame":17,"values":[0.0008,0,-1,0,0.8222,0.5692,0.0006,0,0.5692,-0.8222,0.0004,0,0,0.2012,0,1]},
{"frame":18,"values":[0.0008,0,-1,0,0.7755,0.6313,0.0006,0,0.6313,-0.7755,0.0005,0,0,0.2012,0,1]},
{"frame":19,"values":[0.0008,0,-1,0,0.7238,0.69,0.0006,0,0.69,-0.7238,0.0005,0,0,0.2012,0,1]},
{"frame":20,"values":[0.0008,0,-1,0,0.6679,0.7442,0.0005,0,0.7442,-0.6679,0.0006,0,0,0.2012,0,1]},
{"frame":21,"values":[0.0008,0,-1,0,0.6087,0.7934,0.0005,0,0.7934,-0.6087,0.0006,0,0,0.2012,0,1]},
{"frame":22,"values":[0.0008,0,-1,0,0.5474,0.8369,0.0004,0,0.8369,-0.5474,0.0006,0,0,0.2012,0,1]},
{"frame":23,"values":[0.0008,0,-1,0,0.4849,0.8746,0.0004,0,0.8746,-0.4849,0.0007,0,0,0.2012,0,1]},
{"frame":24,"values":[0.0008,0,-1,0,0.4226,0.9063,0.0003,0,0.9063,-0.4226,0.0007,0,0,0.2012,0,1]},
{"frame":25,"values":[0.0008,0,-1,0,0.3615,0.9324,0.0003,0,0.9324,-0.3615,0.0007,0,0,0.2012,0,1]},
{"frame":26,"values":[0.0008,0,-1,0,0.3027,0.9531,0.0002,0,0.9531,-0.3027,0.0007,0,0,0.2012,0,1]},
{"frame":27,"values":[0.0008,0,-1,0,0.247,0.969,0.0002,0,0.969,-0.247,0.0007,0,0,0.2012,0,1]},
{"frame":28,"values":[0.0008,0,-1,0,0.1954,0.9807,0.0002,0,0.9807,-0.1954,0.0008,0,0,0.2012,0,1]},
{"frame":29,"values":[0.0008,0,-1,0,0.1485,0.9889,0.0001,0,0.9889,-0.1485,0.0008,0,0,0.2012,0,1]},
{"frame":30,"values":[0.0008,0,-1,0,0.1071,0.9942,0.0001,0,0.9942,-0.1071,0.0008,0,0,0.2012,0,1]},
{"frame":31,"values":[0.0008,0,-1,0,0.0717,0.9974,0.0001,0,0.9974,-0.0717,0.0008,0,0,0.2012,0,1]},
{"frame":32,"values":[0.0008,0,-1,0,0.0429,0.9991,0,0,0.9991,-0.0429,0.0008,0,0,0.2012,0,1]},
{"frame":33,"values":[0.0008,0,-1,0,0.0214,0.9998,0,0,0.9998,-0.0214,0.0008,0,0,0.2012,0,1]},
{"frame":34,"values":[0.0008,0,-1,0,0.0078,1,0,0,1,-0.0078,0.0008,0,0,0.2012,0,1]},
{"frame":35,"values":[0.0008,0,-1,0,0.003,1,0,0,1,-0.003,0.0008,0,0,0.2012,0,1]},
{"frame":40,"values":[0.0008,0,-1,0,0.003,1,0,0,1,-0.003,0.0008,0,0,0.2012,0,1]}],"loopBehavior":1,"name":"anim","property":"_matrix"}},
{"name":"book page","index":2,"matrix":[1,0,0,0,0,0,1,0,0,-1,0,0,0,0.0128,0,1],"rest":[1,0,0,0,0,1,0,0,0,0,1,0,0,0.0128,0,1],"parentBoneIndex":1,"length":0.2009
,"animation":{"dataType":3,"framePerSecond":30,"keys":[
{"frame":1,"values":[1,0,0,0,0,0,1,0,0,-1,0,0,0,0.0128,0,1]},
{"frame":6,"values":[1,0,0,0,0,0.0072,1,0,0,-1,0.0072,0,0,0.0128,0,1]},
{"frame":7,"values":[1,0,0,0,0,0.0269,0.9996,0,0,-0.9996,0.0269,0,0,0.0128,0,1]},
{"frame":8,"values":[1,0,0,0,0,0.0569,0.9984,0,0,-0.9984,0.0569,0,0,0.0128,0,1]},
{"frame":9,"values":[1,0,0,0,0,0.0956,0.9954,0,0,-0.9954,0.0956,0,0,0.0128,0,1]},
{"frame":10,"values":[1,0,0,0,0,0.1418,0.9899,0,0,-0.9899,0.1418,0,0,0.0128,0,1]},
{"frame":11,"values":[1,0,0,0,0,0.1941,0.981,0,0,-0.981,0.1941,0,0,0.0128,0,1]},
{"frame":12,"values":[1,0,0,0,0,0.2515,0.9679,0,0,-0.9679,0.2515,0,0,0.0128,0,1]},
{"frame":13,"values":[1,0,0,0,0,0.3127,0.9499,0,0,-0.9499,0.3127,0,0,0.0128,0,1]},
{"frame":14,"values":[1,0,0,0,0,0.3766,0.9264,0,0,-0.9264,0.3766,0,0,0.0128,0,1]},
{"frame":15,"values":[1,0,0,0,0,0.4419,0.897,0,0,-0.897,0.4419,0,0,0.0128,0,1]},
{"frame":16,"values":[1,0,0,0,0,0.5074,0.8617,0,0,-0.8617,0.5074,0,0,0.0128,0,1]},
{"frame":17,"values":[1,0,0,0,0,0.5717,0.8205,0,0,-0.8205,0.5717,0,0,0.0128,0,1]},
{"frame":18,"values":[1,0,0,0,0,0.6337,0.7736,0,0,-0.7736,0.6337,0,0,0.0128,0,1]},
{"frame":19,"values":[1,0,0,0,0,0.6921,0.7218,0,0,-0.7218,0.6921,0,0,0.0128,0,1]},
{"frame":20,"values":[1,0,0,0,0,0.7462,0.6657,0,0,-0.6657,0.7462,0,0,0.0128,0,1]},
{"frame":21,"values":[1,0,0,0,0,0.7952,0.6063,0,0,-0.6063,0.7952,0,0,0.0128,0,1]},
{"frame":22,"values":[1,0,0,0,0,0.8386,0.5448,0,0,-0.5448,0.8386,0,0,0.0128,0,1]},
{"frame":23,"values":[1,0,0,0,0,0.876,0.4823,0,0,-0.4823,0.876,0,0,0.0128,0,1]},
{"frame":24,"values":[1,0,0,0,0,0.9076,0.4199,0,0,-0.4199,0.9076,0,0,0.0128,0,1]},
{"frame":25,"values":[1,0,0,0,0,0.9335,0.3587,0,0,-0.3587,0.9335,0,0,0.0128,0,1]},
{"frame":26,"values":[1,0,0,0,0,0.954,0.2998,0,0,-0.2998,0.954,0,0,0.0128,0,1]},
{"frame":27,"values":[1,0,0,0,0,0.9698,0.2441,0,0,-0.2441,0.9698,0,0,0.0128,0,1]},
{"frame":28,"values":[1,0,0,0,0,0.9813,0.1924,0,0,-0.1924,0.9813,0,0,0.0128,0,1]},
{"frame":29,"values":[1,0,0,0,0,0.9894,0.1456,0,0,-0.1456,0.9894,0,0,0.0128,0,1]},
{"frame":30,"values":[1,0,0,0,0,0.9946,0.1041,0,0,-0.1041,0.9946,0,0,0.0128,0,1]},
{"frame":31,"values":[1,0,0,0,0,0.9976,0.0687,0,0,-0.0687,0.9976,0,0,0.0128,0,1]},
{"frame":32,"values":[1,0,0,0,0,0.9992,0.0399,0,0,-0.0399,0.9992,0,0,0.0128,0,1]},
{"frame":33,"values":[1,0,0,0,0,0.9998,0.0183,0,0,-0.0183,0.9998,0,0,0.0128,0,1]},
{"frame":34,"values":[1,0,0,0,0,1,0.0048,0,0,-0.0048,1,0,0,0.0128,0,1]},
{"frame":35,"values":[1,0,0,0,0,1,0,0,0,0,1,0,0,0.0128,0,1]},
{"frame":40,"values":[1,0,0,0,0,1,0,0,0,0,1,0,0,0.0128,0,1]}],"loopBehavior":1,"name":"anim","property":"_matrix"}}]
,"ranges":[{"name":"the_bookAction","from":0,"to":40}]}],
"meshes":[{"name":"book_base","id":"book_base","materialId":"book01.Multimaterial#0","billboardMode":0,"position":[0,0,0],"rotation":[0,0,0],"scaling":[1,1,1],"isVisible":true,"freezeWorldMatrix":false,"isEnabled":true,"checkCollisions":false,"receiveShadows":false,"pickable":true,"tags":"","skeletonId":0,"numBoneInfluencers":1
,"positions":[0.0092,1.0125,-0.1135,0.0132,1.2365,0.1005,0.0092,1.2335,0.1075,0.0132,1.2305,0.1064,0.0085,1.0161,-0.117,0.0085,1.237,0.1039,0.198,1.0125,-0.1135,0.198,1.2335,0.1075,0.1972,1.0161,-0.117,0.0132,1.0191,-0.117,0.0123,1.235,0.1019,0.0123,1.0176,-0.1155,0.0106,1.2335,0.1034,0.0123,1.0146,-0.1125,0.0106,1.0161,-0.114,0.0123,1.232,0.1049,0.0132,1.0131,-0.111
,0.1973,1.237,0.1039,0.0056,1.0128,-0.1233,0.0092,1.0147,-0.1252,0.0051,1.0128,-0.1233,0.0092,1.2452,0.1053,0.0056,1.2433,0.1072,0.0051,1.2433,0.1072,0.0085,1.0047,-0.1152,0.0051,1.0068,-0.1173,0.0085,1.0043,-0.1148,0.0051,1.2373,0.1132,0.0085,1.2352,0.1153,0.0085,1.2348,0.1157,0.2118,1.2313,0.1116,0.2118,1.2354,0.1151,0.2118,1.2316,0.1113,0.2118,1.0084,-0.1113
,0.2118,1.0087,-0.1116,0.2118,1.0046,-0.1151,0.2125,1.0142,-0.1247,0.2125,1.0183,-0.1212,0.2125,1.0145,-0.125,0.2125,1.2409,0.1021,0.2125,1.0179,-0.1209,0.2125,1.2447,0.1058,0.2125,1.2412,0.1017,0.0092,1.0147,-0.1252,0.0051,1.0166,-0.1195,0.0051,1.0128,-0.1233,0.0092,1.0185,-0.1215,0.0051,1.2395,0.1034,0.0092,1.2452,0.1053,0.0092,1.2415,0.1015,0.0092,1.2449,0.1056
,0.0056,1.2395,0.1034,0.0056,1.2433,0.1072,0.0092,1.0182,-0.1211,0.0056,1.0128,-0.1233,0.0056,1.0166,-0.1195,0.0051,1.0068,-0.1173,0.0085,1.0081,-0.111,0.0085,1.0043,-0.1148,0.0051,1.0106,-0.1135,0.0085,1.231,0.1119,0.0051,1.2335,0.1094,0.0085,1.2348,0.1157,0.0056,1.2335,0.1094,0.0085,1.2352,0.1153,0.0056,1.2373,0.1132,0.0056,1.0068,-0.1173,0.0085,1.0085,-0.1114
,0.0056,1.0106,-0.1135,0.0092,1.0144,-0.1249,0.2078,1.0146,-0.1251,0.2078,1.0143,-0.1248,0.2125,1.0145,-0.125,0.2078,1.2451,0.1054,0.0092,1.2449,0.1056,0.2125,1.245,0.1055,0.2078,1.2448,0.1057,0.2125,1.0183,-0.1212,0.2078,1.0146,-0.1251,0.2125,1.0145,-0.125,0.2078,1.0184,-0.1213,0.0092,1.0147,-0.1252,0.2078,1.0146,-0.1251,0.2078,1.2413,0.1016,0.2125,1.0183,-0.1212
,0.2125,1.2412,0.1017,0.2078,1.2451,0.1054,0.2125,1.2412,0.1017,0.2125,1.245,0.1055,0.0092,1.2452,0.1053,0.2078,1.2451,0.1054,0.2125,1.2409,0.1021,0.2078,1.2448,0.1057,0.2125,1.2447,0.1058,0.0092,1.2411,0.1018,0.2078,1.2448,0.1057,0.2078,1.241,0.1019,0.2078,1.0181,-0.121,0.2125,1.2409,0.1021,0.2125,1.0179,-0.1209,0.2125,1.0142,-0.1247,0.2078,1.0181,-0.121
,0.2125,1.0179,-0.1209,0.2078,1.0143,-0.1248,0.2078,1.0181,-0.121,0.2071,1.0048,-0.1153,0.2118,1.0046,-0.1151,0.2118,1.0049,-0.1154,0.2071,1.0045,-0.115,0.2118,1.2351,0.1154,0.2071,1.2353,0.1152,0.2118,1.2354,0.1151,0.2071,1.235,0.1155,0.2118,1.2351,0.1154,0.2071,1.2312,0.1118,0.2071,1.235,0.1155,0.2071,1.235,0.1155,0.2071,1.0082,-0.1112,0.2118,1.2313,0.1116
,0.2118,1.0084,-0.1113,0.2071,1.0045,-0.115,0.2118,1.0084,-0.1113,0.2118,1.0046,-0.1151,0.0085,1.0043,-0.1148,0.2071,1.0045,-0.115,0.2071,1.2315,0.1114,0.0085,1.2352,0.1153,0.0085,1.2314,0.1115,0.2071,1.2315,0.1114,0.2118,1.2354,0.1151,0.2071,1.2353,0.1152,0.2071,1.0086,-0.1115,0.2118,1.2316,0.1113,0.2071,1.2315,0.1114,0.2071,1.0048,-0.1153,0.0085,1.0047,-0.1152
,0.2118,1.0049,-0.1154,0.2071,1.0086,-0.1115,0.2071,1.0048,-0.1153,0.2071,1.2315,0.1114,0.1972,1.0161,-0.117,0.2071,1.0086,-0.1115,0.0085,1.0085,-0.1114,0.1972,1.0161,-0.117,0.0085,1.0161,-0.117,0.0085,1.2314,0.1115,0.1973,1.237,0.1039,0.2071,1.2315,0.1114,0.2078,1.241,0.1019,0.198,1.0125,-0.1135,0.198,1.2335,0.1075,0.0092,1.0182,-0.1211,0.198,1.0125,-0.1135
,0.2078,1.0181,-0.121,0.0092,1.2411,0.1018,0.198,1.2335,0.1075,0.0092,1.2335,0.1075,0.0056,1.0106,-0.1135,0.0085,1.0161,-0.117,0.0132,1.0131,-0.111,0.0085,1.2314,0.1115,0.0132,1.2305,0.1064,0.0085,1.237,0.1039,0.0092,1.0182,-0.1211,0.0132,1.0191,-0.117,0.0092,1.0125,-0.1135,0.0056,1.2395,0.1034,0.0092,1.2335,0.1075,0.0132,1.2365,0.1005,0.0052,1.0098,-0.1203
,0.0049,1.0113,-0.1218,0.0047,1.0098,-0.1203,0.0054,1.0113,-0.1218,0.0049,1.2418,0.1087,0.0052,1.2403,0.1102,0.0047,1.2403,0.1102,0.0054,1.2418,0.1087,0.0054,1.0083,-0.1188,0.0056,1.0068,-0.1173,0.0049,1.0083,-0.1188,0.0054,1.2388,0.1117,0.0056,1.2373,0.1132,0.0049,1.2388,0.1117,0.0049,1.0113,-0.1218,0.0051,1.0128,-0.1233,0.0047,1.0136,-0.1165,0.0049,1.0113,-0.1218
,0.0049,1.0151,-0.118,0.0049,1.238,0.1049,0.0051,1.2433,0.1072,0.0047,1.2403,0.1102,0.0049,1.2418,0.1087,0.0054,1.2418,0.1087,0.0056,1.2433,0.1072,0.0054,1.238,0.1049,0.0052,1.2403,0.1102,0.0054,1.2418,0.1087,0.0054,1.0113,-0.1218,0.0056,1.0128,-0.1233,0.0052,1.0098,-0.1203,0.0054,1.0151,-0.118,0.0054,1.0113,-0.1218,0.0049,1.0083,-0.1188,0.0047,1.0098,-0.1203
,0.0049,1.0121,-0.115,0.0051,1.0068,-0.1173,0.0049,1.0083,-0.1188,0.0047,1.2365,0.1064,0.0049,1.235,0.1079,0.0047,1.2403,0.1102,0.0049,1.2388,0.1117,0.0052,1.2365,0.1064,0.0054,1.2388,0.1117,0.0052,1.2403,0.1102,0.0054,1.2388,0.1117,0.0054,1.235,0.1079,0.0052,1.0098,-0.1203,0.0054,1.0121,-0.115,0.0052,1.0136,-0.1165,0.0054,1.0083,-0.1188,0.0054,1.0121,-0.115
,0.0106,1.0161,-0.114,0.0052,1.0136,-0.1165,0.0056,1.0106,-0.1135,0.0123,1.0146,-0.1125,0.0054,1.0121,-0.115,0.0056,1.2335,0.1094,0.0123,1.232,0.1049,0.0132,1.2305,0.1064,0.0054,1.235,0.1079,0.0106,1.2335,0.1034,0.0123,1.232,0.1049,0.0056,1.0166,-0.1195,0.0123,1.0176,-0.1155,0.0132,1.0191,-0.117,0.0054,1.0151,-0.118,0.0106,1.0161,-0.114,0.0123,1.0176,-0.1155
,0.0054,1.238,0.1049,0.0106,1.2335,0.1034,0.0052,1.2365,0.1064,0.0056,1.2395,0.1034,0.0123,1.235,0.1019,0.0054,1.238,0.1049,0.0092,1.2449,0.1056,0.0056,1.0068,-0.1173,0.0056,1.2373,0.1132,0.2118,1.2351,0.1154,0.2118,1.0049,-0.1154,0.2125,1.245,0.1055,0.0092,1.0147,-0.1252,0.0092,1.2452,0.1053,0.0051,1.2433,0.1072,0.0092,1.0144,-0.1249,0.0056,1.0128,-0.1233
,0.0051,1.0068,-0.1173,0.0051,1.2373,0.1132,0.0085,1.2348,0.1157,0.0085,1.2352,0.1153,0.0085,1.0047,-0.1152,0.2125,1.0142,-0.1247,0.2125,1.0145,-0.125,0.0092,1.2449,0.1056,0.2125,1.2447,0.1058,0.2125,1.0183,-0.1212,0.2078,1.0146,-0.1251,0.0092,1.0147,-0.1252,0.2125,1.0183,-0.1212,0.2078,1.2451,0.1054,0.2125,1.2412,0.1017,0.0092,1.2452,0.1053,0.2125,1.2409,0.1021
,0.2078,1.241,0.1019,0.2078,1.2448,0.1057,0.2078,1.2448,0.1057,0.2078,1.241,0.1019,0.2125,1.2409,0.1021,0.2125,1.0142,-0.1247,0.2078,1.0143,-0.1248,0.2078,1.0181,-0.121,0.2078,1.0143,-0.1248,0.0092,1.0144,-0.1249,0.2118,1.0046,-0.1151,0.2118,1.2351,0.1154,0.2118,1.2313,0.1116,0.0085,1.2348,0.1157,0.2071,1.235,0.1155,0.2118,1.2313,0.1116,0.2071,1.0045,-0.115
,0.2118,1.0084,-0.1113,0.0085,1.0043,-0.1148,0.2071,1.2353,0.1152,0.0085,1.2352,0.1153,0.2071,1.2315,0.1114,0.2118,1.2316,0.1113,0.2118,1.2354,0.1151,0.2118,1.0087,-0.1116,0.2118,1.2316,0.1113,0.2071,1.0048,-0.1153,0.2071,1.0086,-0.1115,0.2118,1.0049,-0.1154,0.2118,1.0087,-0.1116,0.2071,1.0086,-0.1115,0.2071,1.2315,0.1114,0.1973,1.237,0.1039,0.1972,1.0161,-0.117
,0.0085,1.0085,-0.1114,0.2071,1.0086,-0.1115,0.1972,1.0161,-0.117,0.0085,1.2314,0.1115,0.0085,1.237,0.1039,0.1973,1.237,0.1039,0.2078,1.241,0.1019,0.2078,1.0181,-0.121,0.198,1.0125,-0.1135,0.0092,1.0182,-0.1211,0.0092,1.0125,-0.1135,0.198,1.0125,-0.1135,0.0092,1.2411,0.1018,0.2078,1.241,0.1019,0.198,1.2335,0.1075,0.0056,1.0106,-0.1135,0.0085,1.0085,-0.1114
,0.0085,1.0161,-0.117,0.0085,1.2314,0.1115,0.0056,1.2335,0.1094,0.0132,1.2305,0.1064,0.0092,1.0182,-0.1211,0.0056,1.0166,-0.1195,0.0132,1.0191,-0.117,0.0056,1.2395,0.1034,0.0092,1.2411,0.1018,0.0092,1.2335,0.1075,0.0049,1.0113,-0.1218,0.0047,1.0098,-0.1203,0.0049,1.0113,-0.1218,0.0051,1.2433,0.1072,0.0049,1.2418,0.1087,0.0047,1.2403,0.1102,0.0054,1.2418,0.1087
,0.0052,1.2403,0.1102,0.0054,1.0113,-0.1218,0.0052,1.0098,-0.1203,0.0049,1.0083,-0.1188,0.0051,1.0068,-0.1173,0.0047,1.2403,0.1102,0.0049,1.2388,0.1117,0.0049,1.2388,0.1117,0.0051,1.2373,0.1132,0.0054,1.2388,0.1117,0.0054,1.2388,0.1117,0.0052,1.0098,-0.1203,0.0054,1.0083,-0.1188,0.0054,1.0121,-0.115,0.0123,1.0146,-0.1125,0.0106,1.0161,-0.114,0.0056,1.0106,-0.1135
,0.0132,1.0131,-0.111,0.0123,1.0146,-0.1125,0.0056,1.2335,0.1094,0.0054,1.235,0.1079,0.0123,1.232,0.1049,0.0054,1.235,0.1079,0.0052,1.2365,0.1064,0.0106,1.2335,0.1034,0.0056,1.0166,-0.1195,0.0054,1.0151,-0.118,0.0123,1.0176,-0.1155,0.0054,1.0151,-0.118,0.0052,1.0136,-0.1165,0.0106,1.0161,-0.114,0.0054,1.238,0.1049,0.0123,1.235,0.1019,0.0106,1.2335,0.1034
,0.0056,1.2395,0.1034,0.0132,1.2365,0.1005,0.0123,1.235,0.1019]
,"normals":[-0.718,-0.696,0.01,-0.417,0.691,0.59,-0.676,-0.087,0.732,-0.205,0.273,0.94,-0.72,0.053,-0.692,-0.739,0.674,-0.014,0.279,-0.951,0.136,0.279,-0.136,0.951,0.279,0.136,-0.951,-0.697,-0.541,-0.47,0.769,0.015,0.638,0.755,-0.654,-0.043,0.807,0.417,0.417,0.755,-0.043,-0.654,0.771,-0.45,-0.45,0.769,0.638,0.015,0.255,-0.967,0.002
,0.279,0.951,-0.136,0.486,-0.792,-0.369,-0.223,0.059,-0.973,-0.673,-0.158,-0.723,-0.223,0.973,-0.058,0.486,0.369,0.792,-0.673,0.723,0.158,0.23,-0.185,-0.955,-0.698,-0.681,-0.224,-0.302,-0.951,0.062,-0.698,0.224,0.681,0.23,0.955,0.185,-0.302,-0.061,0.951,0.72,-0.491,0.491,0.568,0.823,-0.009,0.694,0.509,-0.509,0.72,-0.491,0.491
,0.694,0.509,-0.509,0.587,-0.81,-0.009,0.568,-0.823,0.009,0.72,0.491,-0.491,0.587,-0.009,-0.81,0.694,-0.509,0.509,0.694,-0.509,0.509,0.568,-0.009,0.823,0.72,0.491,-0.491,-0.223,0.059,-0.973,-0.86,0.361,-0.361,-0.673,-0.158,-0.723,-0.292,0.676,-0.676,-0.86,0.361,-0.361,-0.223,0.973,-0.058,-0.292,0.676,-0.676,0.175,0.119,0.977
,0.71,0.034,0.703,0.486,0.369,0.792,0.181,-0.941,0.284,0.486,-0.792,-0.369,0.769,-0.639,-0.005,-0.698,-0.681,-0.224,-0.388,-0.652,0.652,-0.302,-0.951,0.062,-0.907,-0.297,0.297,-0.388,-0.652,0.652,-0.907,-0.297,0.297,-0.302,-0.061,0.951,0.818,0.573,0.058,0.23,0.955,0.185,0.557,0.74,0.377,0.557,-0.377,-0.74,0.311,0.122,-0.943
,0.75,-0.122,-0.651,0.175,-0.977,-0.119,0.013,0.005,-1,-0.013,-1,-0.006,0.587,-0.009,-0.81,0.013,1,-0.005,0.175,0.119,0.977,0.587,0.81,0.009,-0.013,0.006,1,0.72,0.491,-0.491,0.013,0.005,-1,0.587,-0.009,-0.81,0.018,0.707,-0.707,-0.223,0.059,-0.973,0.013,0.005,-1,0.018,0.707,-0.707,0.72,0.491,-0.491
,0.72,0.491,-0.491,0.013,1,-0.005,0.72,0.491,-0.491,0.587,0.81,0.009,-0.223,0.973,-0.058,0.013,1,-0.005,0.694,-0.509,0.509,-0.013,0.006,1,0.568,-0.009,0.823,0.218,-0.12,0.968,-0.013,0.006,1,0.148,-0.606,0.782,0.148,-0.782,0.606,0.694,-0.509,0.509,0.694,-0.509,0.509,0.568,-0.823,0.009,0.148,-0.782,0.606
,0.694,-0.509,0.509,-0.013,-1,-0.006,0.148,-0.782,0.606,-0.013,-0.006,-1,0.587,-0.81,-0.009,0.568,0.009,-0.823,0.013,-1,0.006,0.587,0.009,0.81,-0.013,1,0.006,0.568,0.823,-0.009,0.013,-0.005,1,0.587,0.009,0.81,0.018,-0.707,0.707,0.013,-0.005,1,0.013,-0.005,1,0.018,-0.707,0.707,0.72,-0.491,0.491
,0.72,-0.491,0.491,0.013,-1,0.006,0.72,-0.491,0.491,0.587,-0.81,-0.009,-0.302,-0.951,0.062,0.013,-1,0.006,0.148,0.782,-0.606,0.23,0.955,0.185,0.29,0.929,-0.228,0.148,0.782,-0.606,0.568,0.823,-0.009,-0.013,1,0.006,0.148,0.606,-0.782,0.694,0.509,-0.509,0.148,0.782,-0.606,-0.013,-0.006,-1,0.23,-0.185,-0.955
,0.568,0.009,-0.823,0.148,0.606,-0.782,-0.013,-0.006,-1,0.148,0.782,-0.606,0.279,0.136,-0.951,0.148,0.606,-0.782,0.311,0.122,-0.943,0.279,0.136,-0.951,-0.72,0.053,-0.692,0.29,0.929,-0.228,0.279,0.951,-0.136,0.148,0.782,-0.606,0.148,-0.606,0.782,0.279,-0.951,0.136,0.279,-0.136,0.951,0.181,-0.941,0.284,0.279,-0.951,0.136
,0.148,-0.782,0.606,0.218,-0.12,0.968,0.279,-0.136,0.951,-0.676,-0.087,0.732,0.75,-0.122,-0.651,-0.72,0.053,-0.692,0.255,-0.967,0.002,0.29,0.929,-0.228,-0.205,0.273,0.94,-0.739,0.674,-0.014,0.181,-0.941,0.284,-0.697,-0.541,-0.47,-0.718,-0.696,0.01,0.71,0.034,0.703,-0.676,-0.087,0.732,-0.417,0.691,0.59,0.684,-0.516,-0.516
,-0.704,-0.452,-0.547,-0.727,-0.485,-0.485,0.704,-0.548,-0.453,-0.704,0.548,0.453,0.684,0.516,0.516,-0.727,0.485,0.485,0.704,0.452,0.547,0.704,-0.453,-0.547,0.557,-0.377,-0.74,-0.704,-0.547,-0.452,0.704,0.547,0.452,0.557,0.74,0.377,-0.704,0.453,0.548,-0.704,-0.452,-0.547,-0.673,-0.158,-0.723,-1,0,0,-0.704,-0.452,-0.547
,-0.995,0.067,-0.067,-0.995,0.067,-0.067,-0.673,0.723,0.158,-0.727,0.485,0.485,-0.704,0.548,0.453,0.704,0.452,0.547,0.486,0.369,0.792,0.878,0.257,0.404,0.684,0.516,0.516,0.704,0.452,0.547,0.704,-0.548,-0.453,0.486,-0.792,-0.369,0.684,-0.516,-0.516,0.859,-0.426,-0.283,0.704,-0.548,-0.453,-0.704,-0.547,-0.452,-0.727,-0.485,-0.485
,-0.995,-0.067,0.067,-0.698,-0.681,-0.224,-0.704,-0.547,-0.452,-1,0,0,-0.995,-0.067,0.067,-0.727,0.485,0.485,-0.704,0.453,0.548,0.902,0.305,0.305,0.704,0.547,0.452,0.684,0.516,0.516,0.704,0.547,0.452,0.878,0.404,0.257,0.684,-0.516,-0.516,0.859,-0.283,-0.426,0.885,-0.33,-0.33,0.704,-0.453,-0.547,0.859,-0.283,-0.426
,0.771,-0.45,-0.45,0.885,-0.33,-0.33,0.75,-0.122,-0.651,0.755,-0.043,-0.654,0.859,-0.283,-0.426,0.818,0.573,0.058,0.769,0.638,0.015,-0.205,0.273,0.94,0.878,0.404,0.257,0.807,0.417,0.417,0.769,0.638,0.015,0.769,-0.639,-0.005,0.755,-0.654,-0.043,-0.697,-0.541,-0.47,0.859,-0.426,-0.283,0.771,-0.45,-0.45,0.755,-0.654,-0.043
,0.878,0.257,0.404,0.807,0.417,0.417,0.902,0.305,0.305,0.71,0.034,0.703,0.769,0.015,0.638,0.878,0.257,0.404,0.175,0.119,0.977,0.557,-0.377,-0.74,0.557,0.74,0.377,0.587,0.009,0.81,0.568,0.009,-0.823,0.587,0.81,0.009,-0.223,0.059,-0.973,-0.223,0.973,-0.058,-0.673,0.723,0.158,0.175,-0.977,-0.119,0.486,-0.792,-0.369
,-0.698,-0.681,-0.224,-0.698,0.224,0.681,-0.302,-0.061,0.951,0.23,0.955,0.185,0.23,-0.185,-0.955,0.568,-0.823,0.009,0.587,-0.009,-0.81,0.175,0.119,0.977,0.568,-0.009,0.823,0.72,0.491,-0.491,0.013,0.005,-1,-0.223,0.059,-0.973,0.72,0.491,-0.491,0.013,1,-0.005,0.72,0.491,-0.491,-0.223,0.973,-0.058,0.694,-0.509,0.509
,0.148,-0.606,0.782,-0.013,0.006,1,-0.013,0.006,1,0.148,-0.606,0.782,0.694,-0.509,0.509,0.568,-0.823,0.009,-0.013,-1,-0.006,0.148,-0.782,0.606,-0.013,-1,-0.006,0.175,-0.977,-0.119,0.587,-0.81,-0.009,0.587,0.009,0.81,0.72,-0.491,0.491,-0.302,-0.061,0.951,0.013,-0.005,1,0.72,-0.491,0.491,0.013,-1,0.006
,0.72,-0.491,0.491,-0.302,-0.951,0.062,-0.013,1,0.006,0.23,0.955,0.185,0.148,0.782,-0.606,0.694,0.509,-0.509,0.568,0.823,-0.009,0.694,0.509,-0.509,0.694,0.509,-0.509,-0.013,-0.006,-1,0.148,0.606,-0.782,0.568,0.009,-0.823,0.694,0.509,-0.509,0.148,0.606,-0.782,0.148,0.782,-0.606,0.279,0.951,-0.136,0.279,0.136,-0.951
,0.311,0.122,-0.943,0.148,0.606,-0.782,0.279,0.136,-0.951,0.29,0.929,-0.228,-0.739,0.674,-0.014,0.279,0.951,-0.136,0.148,-0.606,0.782,0.148,-0.782,0.606,0.279,-0.951,0.136,0.181,-0.941,0.284,-0.718,-0.696,0.01,0.279,-0.951,0.136,0.218,-0.12,0.968,0.148,-0.606,0.782,0.279,-0.136,0.951,0.75,-0.122,-0.651,0.311,0.122,-0.943
,-0.72,0.053,-0.692,0.29,0.929,-0.228,0.818,0.573,0.058,-0.205,0.273,0.94,0.181,-0.941,0.284,0.769,-0.639,-0.005,-0.697,-0.541,-0.47,0.71,0.034,0.703,0.218,-0.12,0.968,-0.676,-0.087,0.732,-0.704,-0.452,-0.547,-0.727,-0.485,-0.485,-0.704,-0.452,-0.547,-0.673,0.723,0.158,-0.704,0.548,0.453,-0.727,0.485,0.485,0.704,0.452,0.547
,0.684,0.516,0.516,0.704,-0.548,-0.453,0.684,-0.516,-0.516,-0.704,-0.547,-0.452,-0.698,-0.681,-0.224,-0.727,0.485,0.485,-0.704,0.453,0.548,-0.704,0.453,0.548,-0.698,0.224,0.681,0.704,0.547,0.452,0.704,0.547,0.452,0.684,-0.516,-0.516,0.704,-0.453,-0.547,0.859,-0.283,-0.426,0.755,-0.043,-0.654,0.771,-0.45,-0.45,0.75,-0.122,-0.651
,0.255,-0.967,0.002,0.755,-0.043,-0.654,0.818,0.573,0.058,0.878,0.404,0.257,0.769,0.638,0.015,0.878,0.404,0.257,0.902,0.305,0.305,0.807,0.417,0.417,0.769,-0.639,-0.005,0.859,-0.426,-0.283,0.755,-0.654,-0.043,0.859,-0.426,-0.283,0.885,-0.33,-0.33,0.771,-0.45,-0.45,0.878,0.257,0.404,0.769,0.015,0.638,0.807,0.417,0.417
,0.71,0.034,0.703,-0.417,0.691,0.59,0.769,0.015,0.638]
,"uvs":[0.239,0.5,0.245,0.995,0.239,1,0.255,0.995,0.261,0.5,0.261,1,0,0.5,0,1,0.5,0.5,0.245,0.503,0.247,0.995,0.247,0.503,0.25,0.995,0.253,0.503,0.25,0.503,0.253,0.995,0.255,0.503,0.5,1,0.735,0.495,0.72,0.496,0.735,0.494,0.76,0.151,0.755,0.151,0.755,0.149,0.78,0.497
,0.765,0.494,0.78,0.496,0.745,0.149,0.74,0.152,0.74,0.151,0.996,0.158,0.997,0.149,0.997,0.158,0.996,0.489,0.997,0.489,0.996,0.497,0.503,0.497,0.502,0.489,0.502,0.497,0.503,0.158,0.503,0.489,0.503,0.149,0.502,0.158,0.72,0.498,0.735,0.49,0.735,0.498,0.72,0.49,0.735,0.157,0.72,0.148,0.72,0.157
,0.72,0.148,0.735,0.157,0.735,0.148,0.72,0.488,0.735,0.498,0.735,0.49,0.765,0.498,0.78,0.49,0.78,0.498,0.765,0.49,0.78,0.157,0.765,0.157,0.78,0.148,0.765,0.157,0.78,0.148,0.765,0.148,0.765,0.498,0.78,0.49,0.765,0.49,0.72,0.497,0.506,0.496,0.506,0.497,0.5,0.496,0.992,0.151,0.76,0.152
,0.997,0.152,0.992,0.152,0.502,0.49,0.507,0.498,0.502,0.498,0.507,0.49,0.72,0.498,0.507,0.498,0.507,0.157,0.502,0.49,0.502,0.157,0.507,0.148,0.502,0.157,0.502,0.148,0.72,0.148,0.507,0.148,0.502,0.157,0.507,0.148,0.502,0.148,0.72,0.157,0.506,0.148,0.506,0.157,0.507,0.492,0.502,0.157,0.502,0.492
,0.502,0.498,0.508,0.49,0.502,0.49,0.508,0.498,0.508,0.49,0.994,0.497,1,0.496,1,0.497,0.994,0.496,0.502,0.152,0.508,0.152,0.502,0.153,0.508,0.151,0.997,0.148,0.992,0.157,0.992,0.148,0.992,0.148,0.992,0.49,0.997,0.157,0.997,0.49,0.992,0.498,0.997,0.49,0.997,0.498,0.78,0.498,0.992,0.498
,0.994,0.157,0.78,0.148,0.78,0.157,0.991,0.158,0.996,0.15,0.991,0.15,0.993,0.497,0.996,0.158,0.991,0.158,0.994,0.498,0.78,0.498,0.999,0.498,0.994,0.49,0.994,0.498,1,0.011,0.502,0.047,0.5,0.011,0.76,0.014,0.988,0.046,0.76,0.046,0.74,0.033,0.512,0.053,0.5,0.033,1,0.011,0.502,0.047
,0.998,0.047,0.74,0.014,0.512,0.046,0.5,0.014,0.76,0.033,0.988,0.053,0.76,0.053,0.755,0.011,0.76,0.046,0.755,0.038,0.74,0.033,0.745,0.048,0.74,0.053,0.74,0.014,0.745,0.038,0.74,0.046,0.755,0.031,0.76,0.053,0.755,0.048,0.75,0.494,0.742,0.494,0.75,0.493,0.742,0.495,0.752,0.149,0.75,0.15
,0.75,0.149,0.752,0.15,0.758,0.495,0.765,0.495,0.758,0.494,0.748,0.15,0.745,0.151,0.748,0.149,0.743,0.498,0.735,0.498,0.75,0.49,0.743,0.498,0.743,0.49,0.743,0.157,0.735,0.148,0.75,0.148,0.743,0.148,0.743,0.148,0.735,0.148,0.743,0.157,0.75,0.148,0.743,0.148,0.743,0.498,0.735,0.498,0.75,0.498
,0.743,0.49,0.743,0.498,0.757,0.498,0.75,0.498,0.757,0.49,0.765,0.498,0.757,0.498,0.75,0.157,0.757,0.157,0.75,0.148,0.757,0.148,0.75,0.157,0.757,0.148,0.75,0.148,0.757,0.148,0.757,0.157,0.75,0.498,0.757,0.49,0.75,0.49,0.757,0.498,0.753,0.01,0.75,0.029,0.75,0.01,0.755,0.011,0.753,0.034
,0.753,0.01,0.745,0.031,0.747,0.046,0.745,0.048,0.747,0.031,0.75,0.042,0.747,0.046,0.745,0.011,0.747,0.034,0.745,0.038,0.747,0.01,0.75,0.029,0.747,0.034,0.753,0.031,0.75,0.042,0.75,0.03,0.755,0.031,0.753,0.046,0.753,0.031,0.76,0.152,0.765,0.495,0.745,0.151,0.996,0.149,0.997,0.497,0.502,0.149
,0.72,0.498,0.72,0.148,0.735,0.148,0.72,0.498,0.735,0.498,0.765,0.498,0.765,0.148,0.78,0.148,0.78,0.148,0.78,0.498,0.5,0.497,0.5,0.496,0.76,0.152,0.997,0.153,0.502,0.49,0.507,0.498,0.72,0.498,0.502,0.49,0.507,0.148,0.502,0.157,0.72,0.148,0.502,0.157,0.507,0.157,0.507,0.148,0.506,0.148
,0.507,0.157,0.502,0.157,0.502,0.498,0.508,0.498,0.508,0.49,0.508,0.498,0.72,0.498,1,0.496,0.997,0.148,0.997,0.157,0.78,0.148,0.992,0.148,0.997,0.157,0.992,0.498,0.997,0.49,0.78,0.498,0.994,0.148,0.78,0.148,0.991,0.158,0.996,0.158,0.996,0.15,0.998,0.497,0.996,0.158,0.994,0.498,0.994,0.49
,0.999,0.498,0.999,0.49,0.994,0.49,1,0.011,0.998,0.047,0.502,0.047,0.76,0.014,1,0.014,0.988,0.046,0.74,0.033,0.74,0.053,0.512,0.053,1,0.011,0.5,0.011,0.502,0.047,0.74,0.014,0.74,0.046,0.512,0.046,0.76,0.033,1,0.033,0.988,0.053,0.755,0.011,0.76,0.014,0.76,0.046,0.74,0.033
,0.745,0.031,0.745,0.048,0.74,0.014,0.745,0.011,0.745,0.038,0.755,0.031,0.76,0.033,0.76,0.053,0.743,0.498,0.75,0.498,0.743,0.498,0.735,0.148,0.743,0.148,0.75,0.148,0.743,0.148,0.75,0.148,0.743,0.498,0.75,0.498,0.757,0.498,0.765,0.498,0.75,0.148,0.757,0.148,0.757,0.148,0.765,0.148,0.757,0.148
,0.757,0.148,0.75,0.498,0.757,0.498,0.753,0.01,0.753,0.034,0.75,0.029,0.755,0.011,0.755,0.038,0.753,0.034,0.745,0.031,0.747,0.031,0.747,0.046,0.747,0.031,0.75,0.03,0.75,0.042,0.745,0.011,0.747,0.01,0.747,0.034,0.747,0.01,0.75,0.01,0.75,0.029,0.753,0.031,0.753,0.046,0.75,0.042,0.755,0.031
,0.755,0.048,0.753,0.046]
,"matricesWeights":[1,0,0,0,1,0,0,0,1,0,0,0,1,0,0,0,1,0,0,0,1,0,0,0,1,0,0,0,1,0,0,0,1,0,0,0,1,0,0,0,1,0,0,0,1,0,0,0,1,0
,0,0,1,0,0,0,1,0,0,0,1,0,0,0,1,0,0,0,1,0,0,0,1,0,0,0,1,0,0,0,1,0,0,0,1,0,0,0,1,0,0,0,1,0,0,0,1,0,0,0
,1,0,0,0,1,0,0,0,1,0,0,0,1,0,0,0,1,0,0,0,1,0,0,0,1,0,0,0,1,0,0,0,1,0,0,0,1,0,0,0,1,0,0,0,1,0,0,0,1,0
,0,0,1,0,0,0,1,0,0,0,1,0,0,0,1,0,0,0,1,0,0,0,1,0,0,0,1,0,0,0,1,0,0,0,1,0,0,0,1,0,0,0,1,0,0,0,1,0,0,0
,1,0,0,0,1,0,0,0,1,0,0,0,1,0,0,0,1,0,0,0,1,0,0,0,1,0,0,0,1,0,0,0,1,0,0,0,1,0,0,0,1,0,0,0,1,0,0,0,1,0
,0,0,1,0,0,0,1,0,0,0,1,0,0,0,1,0,0,0,1,0,0,0,1,0,0,0,1,0,0,0,1,0,0,0,1,0,0,0,1,0,0,0,1,0,0,0,1,0,0,0
,1,0,0,0,1,0,0,0,1,0,0,0,1,0,0,0,1,0,0,0,1,0,0,0,1,0,0,0,1,0,0,0,1,0,0,0,1,0,0,0,1,0,0,0,1,0,0,0,1,0
,0,0,1,0,0,0,1,0,0,0,1,0,0,0,1,0,0,0,1,0,0,0,1,0,0,0,1,0,0,0,1,0,0,0,1,0,0,0,1,0,0,0,1,0,0,0,1,0,0,0
,1,0,0,0,1,0,0,0,1,0,0,0,1,0,0,0,1,0,0,0,1,0,0,0,1,0,0,0,1,0,0,0,1,0,0,0,1,0,0,0,1,0,0,0,1,0,0,0,1,0
,0,0,1,0,0,0,1,0,0,0,1,0,0,0,1,0,0,0,1,0,0,0,1,0,0,0,1,0,0,0,1,0,0,0,1,0,0,0,1,0,0,0,1,0,0,0,1,0,0,0
,1,0,0,0,1,0,0,0,1,0,0,0,1,0,0,0,1,0,0,0,1,0,0,0,1,0,0,0,1,0,0,0,1,0,0,0,1,0,0,0,1,0,0,0,1,0,0,0,1,0
,0,0,1,0,0,0,1,0,0,0,1,0,0,0,1,0,0,0,1,0,0,0,1,0,0,0,1,0,0,0,1,0,0,0,1,0,0,0,1,0,0,0,1,0,0,0,1,0,0,0
,1,0,0,0,1,0,0,0,1,0,0,0,1,0,0,0,1,0,0,0,1,0,0,0,1,0,0,0,1,0,0,0,1,0,0,0,1,0,0,0,1,0,0,0,1,0,0,0,1,0
,0,0,1,0,0,0,1,0,0,0,1,0,0,0,1,0,0,0,1,0,0,0,1,0,0,0,1,0,0,0,1,0,0,0,1,0,0,0,1,0,0,0,1,0,0,0,1,0,0,0
,1,0,0,0,1,0,0,0,1,0,0,0,1,0,0,0,1,0,0,0,1,0,0,0,1,0,0,0,1,0,0,0,1,0,0,0,1,0,0,0,1,0,0,0,1,0,0,0,1,0
,0,0,1,0,0,0,1,0,0,0,1,0,0,0,1,0,0,0,1,0,0,0,1,0,0,0,1,0,0,0,1,0,0,0,1,0,0,0,1,0,0,0,1,0,0,0,1,0,0,0
,1,0,0,0,1,0,0,0,1,0,0,0,1,0,0,0,1,0,0,0,1,0,0,0,1,0,0,0,1,0,0,0,1,0,0,0,1,0,0,0,1,0,0,0,1,0,0,0,1,0
,0,0,1,0,0,0,1,0,0,0,1,0,0,0,1,0,0,0,1,0,0,0,1,0,0,0,1,0,0,0,1,0,0,0,1,0,0,0,1,0,0,0,1,0,0,0,1,0,0,0
,1,0,0,0,1,0,0,0,1,0,0,0,1,0,0,0,1,0,0,0,1,0,0,0,1,0,0,0,1,0,0,0,1,0,0,0,1,0,0,0,1,0,0,0,1,0,0,0,1,0
,0,0,1,0,0,0,1,0,0,0,1,0,0,0,1,0,0,0,1,0,0,0,1,0,0,0,1,0,0,0,1,0,0,0,1,0,0,0,1,0,0,0,1,0,0,0,1,0,0,0
,1,0,0,0,1,0,0,0,1,0,0,0,1,0,0,0,1,0,0,0,1,0,0,0,1,0,0,0,1,0,0,0,1,0,0,0,1,0,0,0,1,0,0,0,1,0,0,0,1,0
,0,0,1,0,0,0,1,0,0,0,1,0,0,0,1,0,0,0,1,0,0,0,1,0,0,0,1,0,0,0,1,0,0,0,1,0,0,0,1,0,0,0,1,0,0,0,1,0,0,0
,1,0,0,0,1,0,0,0,1,0,0,0,1,0,0,0,1,0,0,0,1,0,0,0,1,0,0,0,1,0,0,0,1,0,0,0,1,0,0,0,1,0,0,0,1,0,0,0,1,0
,0,0,1,0,0,0,1,0,0,0,1,0,0,0,1,0,0,0,1,0,0,0,1,0,0,0,1,0,0,0,1,0,0,0,1,0,0,0,1,0,0,0,1,0,0,0,1,0,0,0
,1,0,0,0,1,0,0,0,1,0,0,0,1,0,0,0,1,0,0,0,1,0,0,0,1,0,0,0,1,0,0,0,1,0,0,0,1,0,0,0,1,0,0,0,1,0,0,0,1,0
,0,0,1,0,0,0,1,0,0,0,1,0,0,0,1,0,0,0,1,0,0,0,1,0,0,0,1,0,0,0,1,0,0,0,1,0,0,0,1,0,0,0,1,0,0,0,1,0,0,0
,1,0,0,0,1,0,0,0,1,0,0,0,1,0,0,0,1,0,0,0,1,0,0,0,1,0,0,0,1,0,0,0,1,0,0,0,1,0,0,0,1,0,0,0,1,0,0,0,1,0
,0,0,1,0,0,0,1,0,0,0,1,0,0,0,1,0,0,0,1,0,0,0,1,0,0,0,1,0,0,0,1,0,0,0,1,0,0,0,1,0,0,0,1,0,0,0,1,0,0,0
,1,0,0,0,1,0,0,0,1,0,0,0,1,0,0,0,1,0,0,0,1,0,0,0,1,0,0,0,1,0,0,0,1,0,0,0,1,0,0,0,1,0,0,0,1,0,0,0,1,0
,0,0,1,0,0,0,1,0,0,0,1,0,0,0,1,0,0,0,1,0,0,0,1,0,0,0,1,0,0,0,1,0,0,0,1,0,0,0,1,0,0,0,1,0,0,0,1,0,0,0
,1,0,0,0,1,0,0,0]
,"matricesIndices":[2,1,2,1,0,0,2,2,0,1,1,1,1,1,1,1,1,0,1,2,1,2,1,1,0,1,0,1,0,0,0,0,0,0,0,0,2,2,2,2,2,2,2,2,1,1,2,1,2,2
,2,1,1,2,1,1,1,0,0,1,0,1,0,1,0,1,1,0,1,2,2,2,2,2,2,2,2,2,2,2,2,2,2,2,2,2,2,2,2,2,2,2,2,2,2,2,2,2,2,2
,2,2,2,2,2,0,0,0,0,0,0,0,0,0,0,0,0,0,0,0,0,0,0,0,0,0,0,0,0,0,0,0,0,0,0,0,0,0,0,0,0,0,0,0,0,0,0,0,2,2
,2,2,2,2,2,2,2,1,0,1,0,1,0,2,1,2,1,2,1,1,1,1,1,1,1,1,1,1,1,1,1,1,1,1,1,1,1,1,1,1,1,1,1,1,1,1,1,1,1,1
,1,1,1,1,1,1,1,1,1,1,1,1,1,1,1,1,1,1,1,1,1,1,1,1,1,1,1,1,1,1,1,1,1,1,1,1,1,1,1,1,1,1,1,1,2,1,1,0,0,2
,2,2,1,2,1,1,1,0,0,0,2,2,2,2,2,2,2,2,2,2,2,2,2,2,2,2,2,2,2,2,2,2,0,0,0,0,0,0,0,0,0,0,0,0,0,0,0,0,0,0
,0,0,0,0,0,0,0,0,0,0,0,0,2,2,2,2,2,2,2,2,2,1,0,0,0,1,1,2,1,1,1,2,2,1,1,1,1,1,1,1,1,1,1,1,1,1,1,1,1,1
,1,1,1,1,1,1,1,1,1,1,1,1,1,1,1,1,1,1,1,1,1,1,1,1,1,1,1]
,"indices":[0,1,2,3,4,5,6,2,7,8,5,4,9,10,1,11,12,10,13,12,14,13,3,15,0,9,1,3,16,4,6,0,2,8,17,5,9,11,10,11,14,12,13,15,12,13,16,3,18,19,20
,21,22,23,24,25,26,27,28,29,30,31,32,32,33,30,34,35,33,36,37,38,39,37,40,41,42,39,43,44,45,46,47,44,48,47,49,50,51,52,53,54,55,56,57,58,59,60,57,61,62,60
,63,64,65,66,67,68,69,70,19,71,72,70,73,74,21,75,76,73,77,78,79,80,81,82,83,84,85,49,80,83,86,87,88,89,83,90,91,92,93,94,95,96,97,98,99,100,101,102,103,53,104
,105,106,107,24,108,105,109,110,111,112,28,110,113,114,115,60,116,114,117,118,119,57,114,117,120,121,122,123,117,124,125,126,127,128,129,130,131,132,133,134,67,135,136,137,138,139,140,141,142,143,144
,145,146,147,148,149,150,151,152,153,154,155,156,157,158,159,160,161,162,163,164,165,166,167,168,169,170,171,172,20,170,173,174,175,23,176,173,177,25,178,169,179,177,27,180,181,182,174,180,44,183,184
,185,186,187,47,187,44,188,185,187,189,188,47,190,188,191,51,192,193,194,195,196,197,55,198,199,200,201,185,202,203,204,205,206,207,204,185,208,59,204,209,208,207,210,61,208,211,212,213,63,214,215
,216,217,218,66,217,219,220,221,222,223,224,225,226,227,228,229,230,231,232,233,234,235,236,237,238,239,240,241,242,243,18,69,19,21,244,22,24,245,25,27,246,28,30,247,31,32,34,33,34,248,35
,36,40,37,39,42,37,41,249,42,250,46,44,46,49,47,251,252,47,50,94,51,53,253,254,255,59,57,59,61,60,61,256,257,63,127,258,66,259,67,69,71,70,71,260,261,73,76,262,75,263,76
,264,80,265,80,46,266,83,80,267,49,46,80,268,83,269,270,49,83,271,272,273,94,50,274,97,275,276,277,278,279,280,281,53,105,108,282,24,26,108,109,112,110,112,29,28,283,284,114,60,285,286
,117,114,287,57,60,114,288,117,289,290,57,117,125,291,292,293,294,295,131,296,297,298,299,67,300,301,302,303,304,305,306,307,308,309,310,311,312,313,314,315,316,317,318,319,320,321,322,323,324,325,326
,327,328,329,330,331,332,169,172,170,172,18,20,173,176,174,23,22,176,177,179,25,169,171,179,27,182,180,182,175,174,44,187,333,185,334,335,47,188,187,188,207,185,336,337,188,338,207,188,51,194,339
,194,211,340,341,200,55,342,218,200,185,204,343,204,59,344,207,208,204,208,61,59,345,346,208,347,348,61,211,215,349,63,65,350,351,352,217,66,68,217,353,354,355,356,357,358,359,360,361,362,363,364
,365,366,367,368,369,370,371,372,373,374,375,376]
,"subMeshes":[{"materialIndex":0,"verticesStart":0,"verticesCount":18,"indexStart":0,"indexCount":48},{"materialIndex":1,"verticesStart":18,"verticesCount":359,"indexStart":48,"indexCount":576}]
,"instances":[]}
,{"name":"bench","id":"bench","materialId":"bench","billboardMode":0,"position":[0,1,0],"rotation":[0,0,0],"scaling":[1,1,1],"isVisible":true,"freezeWorldMatrix":false,"isEnabled":true,"checkCollisions":true,"receiveShadows":false,"pickable":false,"tags":""
,"positions":[-0.75,-0.001,-0.5,-0.75,-0.021,0.5,-0.75,-0.021,-0.5,-0.75,-0.001,0.5,0.75,-0.021,0.5,-0.75,-0.021,0.5,0.75,-0.001,0.5,0.75,-0.021,-0.5,0.75,-0.021,0.5,0.75,-0.001,-0.5,-0.75,-0.021,-0.5,0.75,-0.021,-0.5,0.75,-0.021,0.5,-0.75,-0.021,-0.5,-0.75,-0.021,0.5,-0.75,-0.001,0.5,0.75,-0.001,-0.5
,0.75,-0.001,0.5,-0.75,-0.001,0.5,0.75,-0.001,0.5,0.75,-0.001,-0.5,-0.75,-0.001,-0.5,-0.75,-0.021,-0.5,0.75,-0.021,0.5,0.75,-0.021,-0.5,-0.75,-0.021,-0.5,-0.75,-0.001,0.5,-0.75,-0.001,-0.5,0.75,-0.001,-0.5]
,"normals":[-1,0,0,-1,0,0,-1,0,0,0,0,1,0,0,1,0,0,1,1,0,0,1,0,0,1,0,0,0,0,-1,0,0,-1,0,0,-1,0,-1,0,0,-1,0,0,-1,0,0,1,0,0,1,0
,0,1,0,-1,0,0,0,0,1,1,0,0,0,0,-1,0,0,-1,0,-1,0,0,-1,0,0,-1,0,0,1,0,0,1,0,0,1,0]
,"uvs":[0,-0.5,-0.05,1.5,-0.05,-0.5,0,1.5,1,1.6,0,1.6,1,1.5,1.05,-0.5,1.05,1.5,1,-0.5,0,-0.6,1,-0.6,1,1.6,0,-0.6,0,1.6,0,1.5,1,-0.5,1,1.5,0,1.5,1,1.5,1,-0.5,0,-0.5,0,-0.6,1,1.6,1,-0.6
,0,-0.6,0,1.5,0,-0.5,1,-0.5]
