{"producer":{"name":"Blender","version":"2.82 (sub 7)","exporter_version":"6.3.1","file":"monk04a.babylon"},
"autoClear":true,"clearColor":[0.0509,0.0509,0.0509],"gravity":[0,-9.81,0],
"materials":[{"name":"skin_Uni1228_baked","id":"skin_Uni1228_baked","customType":"BABYLON.StandardMaterial","backFaceCulling":true,"checkReadyOnlyOnce":false,"maxSimultaneousLights":4,"specular":[0,0,0],"specularPower":0,"alpha":1,"indexOfRefraction":0.6897, 
"diffuseTexture":{"name":"unn1221_newface.png","level":1,"hasAlpha":true,"coordinatesMode":0,"uOffset":0,"vOffset":0,"uScale":1,"vScale":1,"uAng":0,"vAng":0,"wAng":0,"wrapU":1,"wrapV":1,"coordinatesIndex":0}},
{"name":"Material","id":"Material","customType":"BABYLON.StandardMaterial","backFaceCulling":true,"checkReadyOnlyOnce":false,"maxSimultaneousLights":4,"diffuse":[0,0,0],"specular":[0.0545,0.0545,0.0545],"specularPower":0,"alpha":1,"indexOfRefraction":0.6897},
{"name":"Monk01:Low-poly:Eye_brown","id":"Monk01:Low-poly:Eye_brown","customType":"BABYLON.StandardMaterial","backFaceCulling":true,"checkReadyOnlyOnce":false,"maxSimultaneousLights":4,"specular":[0.5,0.5,0.5],"specularPower":64,"alpha":1,"indexOfRefraction":0.6897, 
"diffuseTexture":{"name":"brown_eye.png","level":1,"hasAlpha":true,"coordinatesMode":0,"uOffset":0,"vOffset":0,"uScale":1,"vScale":1,"uAng":0,"vAng":0,"wAng":0,"wrapU":1,"wrapV":1,"coordinatesIndex":0}},
{"name":"theRobe","id":"theRobe","customType":"BABYLON.StandardMaterial","backFaceCulling":true,"checkReadyOnlyOnce":false,"maxSimultaneousLights":4,"diffuse":[0.148,0.0371,0.0086],"specular":[0,0,0],"specularPower":0,"alpha":1,"indexOfRefraction":0.6897}],
"multiMaterials":[{"name":"monk04a.Multimaterial#0","id":"monk04a.Multimaterial#0","materials":["skin_Uni1228_baked","Material"]}],
"skeletons":[{"name":"Monk01","id":0,"dimensionsAtRest":[0.9621,1.6405,0.3125],"bones":[
{"name":"Hips","index":0,"matrix":[1,0,0,0,0,0.8996,0.4368,0,0,0.4368,-0.8996,0,-4,0.588,-0.0132,1],"rest":[1,0,0,0,0,0.8996,0.4368,0,0,0.4368,-0.8996,0,-4,0.8743,-0.0132,1],"parentBoneIndex":-1,"length":0.0887},
{"name":"LHipJoint","index":1,"matrix":[-0.1014,0.1425,-0.9846,0,0.9936,-0.0359,-0.1076,0,-0.0506,-0.9891,-0.1379,0,0,0,0,1],"rest":[-0.1014,0.1425,-0.9846,0,0.9936,-0.0359,-0.1076,0,-0.0506,-0.9891,-0.1379,0,0,0,0,1],"parentBoneIndex":0,"length":0.102},
{"name":"LeftUpLeg","index":2,"matrix":[-0.0276,0.9747,-0.2219,0,-0.8397,0.0978,0.5342,0,0.5423,0.201,0.8157,0,0,0.102,0,1],"rest":[-0.1458,0.9784,-0.1465,0,0.2107,0.1754,0.9617,0,0.9666,0.1094,-0.2317,0,0,0.102,0,1],"parentBoneIndex":1,"length":0.3944},
{"name":"LeftLeg","index":3,"matrix":[0.9928,0.0903,0.0785,0,-0.1022,0.2977,0.9492,0,0.0623,-0.9504,0.3048,0,0,0.3944,0,1],"rest":[0.9999,0.0112,0.0132,0,-0.0127,0.9929,0.118,0,-0.0117,-0.1181,0.9929,0,0,0.3944,0,1],"parentBoneIndex":2,"length":0.4076},
{"name":"LeftFoot","index":4,"matrix":[0.9974,-0.0212,0.0683,0,0.0715,0.295,-0.9528,0,0,0.9553,0.2958,0,0,0.4076,0,1],"rest":[0.9974,-0.0212,0.0683,0,0.0715,0.295,-0.9528,0,0,0.9553,0.2958,0,0,0.4076,0,1],"parentBoneIndex":3,"length":0.1389},
{"name":"LeftToeBase","index":5,"matrix":[1,-0.005,0.0072,0,0.0063,0.9816,-0.191,0,-0.0061,0.191,0.9816,0,0,0.1389,0,1],"rest":[1,-0.005,0.0072,0,0.0063,0.9816,-0.191,0,-0.0061,0.191,0.9816,0,0,0.1389,0,1],"parentBoneIndex":4,"length":0.0183},
{"name":"LowerBack","index":6,"matrix":[1,0,0,0,0,0.8404,0.542,0,0,-0.542,0.8404,0,0,0.0887,0,1],"rest":[1,0,0,0,0,0.8404,0.542,0,0,-0.542,0.8404,0,0,0.0887,0,1],"parentBoneIndex":0,"length":0.1423},
{"name":"Spine","index":7,"matrix":[1,0,0,0,0,0.9816,-0.1912,0,0,0.1912,0.9816,0,0,0.1423,0,1],"rest":[1,0,0,0,0,0.9816,-0.1912,0,0,0.1912,0.9816,0,0,0.1423,0,1],"parentBoneIndex":6,"length":0.1443},
{"name":"Spine1","index":8,"matrix":[1,0,0,0,0,0.9787,0.2054,0,0,-0.2054,0.9787,0,0,0.1443,0,1],"rest":[1,0,0,0,0,0.9787,0.2054,0,0,-0.2054,0.9787,0,0,0.1443,0,1],"parentBoneIndex":7,"length":0.1766},
{"name":"LeftShoulder","index":9,"matrix":[-0.1509,-0.9694,0.1935,0,0.9882,-0.1528,0.0052,0,0.0246,0.192,0.9811,0,0.0227,0.1083,0.026,1],"rest":[-0.1509,-0.9694,0.1935,0,0.9882,-0.1528,0.0052,0,0.0246,0.192,0.9811,0,0.0227,0.1083,0.026,1],"parentBoneIndex":8,"length":0.1491},
{"name":"LeftArm","index":10,"matrix":[0.836,-0.5478,0.0312,0,0.5421,0.8158,-0.2017,0,0.085,0.1856,0.9789,0,0,0.1491,0,1],"rest":[0.7716,-0.6359,-0.0161,0,0.6356,0.7717,-0.0235,0,0.0274,0.0079,0.9996,0,0,0.1491,0,1],"parentBoneIndex":9,"length":0.2421},
{"name":"LeftForeArm","index":11,"matrix":[0.9954,0.0613,0.0742,0,-0.089,0.293,0.952,0,0.0367,-0.9542,0.2971,0,0,0.2421,0,1],"rest":[1,0.0058,-0.0003,0,-0.0041,0.7317,0.6816,0,0.0042,-0.6816,0.7317,0,0,0.2421,0,1],"parentBoneIndex":10,"length":0.2375},
{"name":"LeftHand","index":12,"matrix":[0.9974,-0.0672,-0.0246,0,0.0707,0.9793,0.1898,0,0.0113,-0.191,0.9815,0,0,0.2375,0,1],"rest":[0.9974,-0.0672,-0.0246,0,0.0707,0.9793,0.1898,0,0.0113,-0.191,0.9815,0,0,0.2375,0,1],"parentBoneIndex":11,"length":0.0295},
{"name":"LThumb","index":13,"matrix":[-0.5477,0.833,0.0779,0,0.7036,0.4082,0.5817,0,0.4528,0.3734,-0.8097,0,0.0015,0.0361,0.0187,1],"rest":[-0.5477,0.833,0.0779,0,0.7036,0.4082,0.5817,0,0.4528,0.3734,-0.8097,0,0.0015,0.0361,0.0187,1],"parentBoneIndex":12,"length":0.0286},
{"name":"LeftFingerBase","index":14,"matrix":[-0.2387,0.2087,-0.9484,0,0.0281,0.9777,0.2081,0,0.9707,0.023,-0.2393,0,0,0.0295,0,1],"rest":[-0.2387,0.2087,-0.9484,0,0.0281,0.9777,0.2081,0,0.9707,0.023,-0.2393,0,0,0.0295,0,1],"parentBoneIndex":12,"length":0.0678},
{"name":"LeftHandFinger1","index":15,"matrix":[0.9947,-0.1028,-0.0044,0,0.1002,0.9581,0.2682,0,-0.0233,-0.2672,0.9634,0,0,0.0678,0,1],"rest":[0.9947,-0.1028,-0.0044,0,0.1002,0.9581,0.2682,0,-0.0233,-0.2672,0.9634,0,0,0.0678,0,1],"parentBoneIndex":14,"length":0.0235},
{"name":"Neck","index":16,"matrix":[1,0,0,0,0,0.9725,0.233,0,0,-0.233,0.9725,0,0,0.1766,0,1],"rest":[1,0,0,0,0,0.9725,0.233,0,0,-0.233,0.9725,0,0,0.1766,0,1],"parentBoneIndex":8,"length":0.0541},
{"name":"Neck1","index":17,"matrix":[1,0,0,0,0,1,0,0,0,0,1,0,0,0.0541,0,1],"rest":[1,0,0,0,0,1,0,0,0,0,1,0,0,0.0541,0,1],"parentBoneIndex":16,"length":0.0541},
{"name":"Head","index":18,"matrix":[1,0,0,0,0,0.9142,-0.4053,0,0,0.4053,0.9142,0,0,0.0541,0,1],"rest":[1,0,0,0,0,0.9142,-0.4053,0,0,0.4053,0.9142,0,0,0.0541,0,1],"parentBoneIndex":17,"length":0.1481},
{"name":"RightShoulder","index":19,"matrix":[-0.1509,0.9696,-0.1926,0,-0.9882,-0.1528,0.0052,0,-0.0244,0.1912,0.9813,0,-0.0227,0.1083,0.026,1],"rest":[-0.1509,0.9696,-0.1926,0,-0.9882,-0.1528,0.0052,0,-0.0244,0.1912,0.9813,0,-0.0227,0.1083,0.026,1],"parentBoneIndex":8,"length":0.1491},
{"name":"RightArm","index":20,"matrix":[0.8376,0.5452,-0.033,0,-0.5397,0.8168,-0.2037,0,-0.0841,0.1884,0.9785,0,0,0.1491,0,1],"rest":[0.7716,0.636,0.016,0,-0.6356,0.7717,-0.0229,0,-0.0269,0.0075,0.9996,0,0,0.1491,0,1],"parentBoneIndex":19,"length":0.2421},
{"name":"RightForeArm","index":21,"matrix":[0.995,-0.063,-0.0769,0,0.0917,0.2835,0.9546,0,-0.0384,-0.9569,0.2878,0,0,0.2421,0,1],"rest":[1,-0.0058,0.0003,0,0.0041,0.7318,0.6815,0,-0.0042,-0.6815,0.7318,0,0,0.2421,0,1],"parentBoneIndex":20,"length":0.2373},
{"name":"RightHand","index":22,"matrix":[0.9979,0.0602,0.0233,0,-0.0636,0.9797,0.1902,0,-0.0114,-0.1913,0.9815,0,0,0.2373,0,1],"rest":[0.9979,0.0602,0.0233,0,-0.0636,0.9797,0.1902,0,-0.0114,-0.1913,0.9815,0,0,0.2373,0,1],"parentBoneIndex":21,"length":0.0291},
{"name":"RThumb","index":23,"matrix":[-0.539,-0.8383,-0.0815,0,-0.7093,0.3995,0.5808,0,-0.4544,0.3709,-0.8099,0,-0.0015,0.0356,0.0184,1],"rest":[-0.539,-0.8384,-0.0815,0,-0.7093,0.3995,0.5808,0,-0.4544,0.3709,-0.8099,0,-0.0015,0.0356,0.0184,1],"parentBoneIndex":22,"length":0.0283},
{"name":"RightFingerBase","index":24,"matrix":[-0.2361,-0.2102,0.9487,0,-0.0359,0.9775,0.2077,0,-0.9711,0.015,-0.2383,0,0,0.0291,0,1],"rest":[-0.2361,-0.2102,0.9487,0,-0.0359,0.9775,0.2077,0,-0.9711,0.015,-0.2383,0,0,0.0291,0,1],"parentBoneIndex":22,"length":0.0668},
{"name":"RightHandFinger1","index":25,"matrix":[0.9946,0.1035,0.0045,0,-0.101,0.9582,0.2676,0,0.0234,-0.2666,0.9635,0,0,0.0668,0,1],"rest":[0.9946,0.1035,0.0045,0,-0.101,0.9582,0.2676,0,0.0234,-0.2666,0.9635,0,0,0.0668,0,1],"parentBoneIndex":24,"length":0.0231},
{"name":"RHipJoint","index":26,"matrix":[-0.1014,-0.1425,0.9846,0,-0.9936,-0.0359,-0.1076,0,0.0506,-0.9891,-0.1379,0,0,0,0,1],"rest":[-0.1014,-0.1425,0.9846,0,-0.9936,-0.0359,-0.1076,0,0.0506,-0.9891,-0.1379,0,0,0,0,1],"parentBoneIndex":0,"length":0.102},
{"name":"RightUpLeg","index":27,"matrix":[-0.027,-0.9764,0.2141,0,0.8369,0.0951,0.539,0,-0.5467,0.1938,0.8146,0,0,0.102,0,1],"rest":[-0.1458,-0.9784,0.1465,0,-0.2107,0.1754,0.9617,0,-0.9666,0.1094,-0.2317,0,0,0.102,0,1],"parentBoneIndex":26,"length":0.3944},
{"name":"RightLeg","index":28,"matrix":[0.9936,-0.0878,-0.0716,0,0.0994,0.3714,0.9231,0,-0.0545,-0.9243,0.3777,0,0,0.3944,0,1],"rest":[0.9999,-0.0112,-0.0132,0,0.0127,0.9929,0.118,0,0.0117,-0.1181,0.9929,0,0,0.3944,0,1],"parentBoneIndex":27,"length":0.4076},
{"name":"RightFoot","index":29,"matrix":[0.9974,0.0212,-0.0683,0,-0.0715,0.295,-0.9528,0,0,0.9553,0.2958,0,0,0.4076,0,1],"rest":[0.9974,0.0212,-0.0683,0,-0.0715,0.295,-0.9528,0,0,0.9552,0.2958,0,0,0.4076,0,1],"parentBoneIndex":28,"length":0.1389},
{"name":"RightToeBase","index":30,"matrix":[1,0.005,-0.0072,0,-0.0062,0.9816,-0.191,0,0.0061,0.191,0.9816,0,0,0.1389,0,1],"rest":[1,0.005,-0.0072,0,-0.0062,0.9816,-0.191,0,0.0061,0.191,0.9816,0,0,0.1389,0,1],"parentBoneIndex":29,"length":0.0183}]}],
"meshes":[{"name":"skin_Uni1228","id":"skin_Uni1228","materialId":"monk04a.Multimaterial#0","billboardMode":0,"position":[0,0,0],"rotation":[0,0,0],"scaling":[1,1,1],"isVisible":true,"freezeWorldMatrix":false,"isEnabled":true,"checkCollisions":false,"receiveShadows":false,"pickable":true,"tags":"","skeletonId":0,"numBoneInfluencers":6
,"positions":[-4,1.2355,-0.0779,-4.018,1.1812,-0.0613,-4.0078,1.1718,-0.0683,-4.0145,1.2081,-0.1312,-4.0089,1.2376,-0.0782,-4.0065,1.2081,-0.134,-4.0213,1.2046,-0.1287,-4.0244,1.1914,-0.0631,-4.0301,1.2084,-0.062,-4.0165,1.2341,-0.0733,-4.0234,1.229,-0.0674,-4.0199,1.2056,-0.1301,-4.0328,1.278,-0.1389,-4.0227,1.2684,-0.1322,-4.0195,1.2755,-0.1393,-4.0427,1.2769,-0.1338,-4.0324,1.27,-0.1326
,-4.0204,1.2568,-0.1336,-4.018,1.2642,-0.1315,-4.026,1.2623,-0.1338,-4.0117,1.2634,-0.135,-4.0424,1.256,-0.1274,-4.0443,1.2669,-0.128,-4.0511,1.2679,-0.1222,-4.0389,1.2687,-0.1317,-4.0301,1.2544,-0.132,-4.0404,1.2619,-0.1303,-4,1.0759,0.0436,-4.0329,1.1032,0.0391,-4,1.1,0.0369,-4.0224,1.2032,-0.1339,-4.0256,1.2056,-0.1359,-4.0272,1.2032,-0.1338,-4.0239,1.1995,-0.1357
,-4.0209,1.2015,-0.1376,-4.0154,1.2065,-0.1427,-4.0068,1.2042,-0.1447,-4.0071,1.2067,-0.1476,-4.0222,1.2042,-0.1355,-4.0167,1.1945,-0.139,-4.0097,1.1934,-0.1428,-4.0166,1.1998,-0.1406,-4.0065,1.2042,-0.1383,-4.0145,1.2044,-0.1409,-4.0136,1.2032,-0.1361,-4.0201,1.2035,-0.1346,-4.0209,1.2034,-0.1338,-4.0066,1.2051,-0.1357,-4.0133,1.2049,-0.1328,-4.0266,1.1953,-0.1324,-4.0352,1.2019,-0.128
,-4.0169,1.1875,-0.1368,-4.0076,1.2709,-0.1406,-4.0335,1.2872,-0.1395,-4.0142,1.2842,-0.1442,-4.0471,1.285,-0.1303,-4.0115,1.2266,-0.1531,-4.0057,1.2242,-0.1537,-4.0075,1.228,-0.1569,-4.0112,1.2245,-0.1467,-4.0152,1.2251,-0.1466,-4.0121,1.2211,-0.1461,-4.0174,1.2222,-0.1431,-4.0061,1.2233,-0.1502,-4.0091,1.2253,-0.1508,-4.0065,1.2185,-0.1503,-4.0142,1.232,-0.1508,-4.0072,1.2421,-0.1523
,-4.0131,1.2388,-0.1466,-4.008,1.2333,-0.1569,-4.0174,1.2297,-0.1452,-4.0285,1.1706,-0.1199,-4.0196,1.1613,-0.1148,-4.0203,1.166,-0.1265,-4.0096,1.1583,-0.1157,-4.012,1.1644,-0.1324,-4.0372,1.1772,-0.1123,-4.0317,1.1686,-0.1099,-4.0212,1.1754,-0.1308,-4.011,1.1737,-0.1379,-4.0337,1.2107,-0.1327,-4.0241,1.2145,-0.1406,-4.0295,1.222,-0.1364,-4.0438,1.2184,-0.1262,-4.0369,1.2389,-0.1331
,-4.0622,1.2227,-0.0825,-4.0553,1.1943,-0.076,-4.0556,1.2081,-0.0995,-4.0471,1.1831,-0.0951,-4.0464,1.2008,-0.1143,-4.055,1.2244,-0.1142,-4.0298,1.1774,-0.1223,-4.0504,1.2444,-0.1256,-4.0628,1.2355,-0.0946,-4.0601,1.2517,-0.1095,-4.0194,1.2313,-0.1391,-4.0148,1.2128,-0.1462,-4.0076,1.2111,-0.1498,-4.0672,1.2687,-0.0725,-4.0699,1.2497,-0.0607,-4.066,1.2535,-0.0822,-4.0627,1.267,-0.1003
,-4.0119,1.2519,-0.141,-4.007,1.2549,-0.1445,-4.0182,1.2467,-0.1369,-4.0638,1.2806,-0.0873,-4.0177,1.311,-0.1383,-4.0362,1.3105,-0.1301,-4.0491,1.3054,-0.1182,-4.0558,1.2763,-0.1169,-4.0524,1.1881,-0.0258,-4.05,1.1871,-0.0602,-4.0555,1.2053,-0.0424,-4.0588,1.2243,-0.0194,-4.0555,1.2053,-0.0424,-4.0684,1.2328,-0.0371,-4.0229,1.1606,-0.0905,-4.0317,1.1686,-0.1099,-4.0374,1.1709,-0.0872
,-4.0101,1.156,-0.0937,-4.0196,1.1613,-0.1148,-4.0374,1.1709,-0.0872,-4.0374,1.1709,-0.0872,-4.05,1.1871,-0.0602,-4.0388,1.1614,-0.0638,-4.0611,1.2073,-0.0633,-4.05,1.1871,-0.0602,-4.0592,1.3457,-0.0359,-4.0691,1.3214,-0.0481,-4.0587,1.3441,-0.0665,-4.0405,1.3345,-0.1137,-4.0233,1.3659,-0.0832,-4.0422,1.3573,-0.0804,-4.042,1.3606,-0.0365,-4.0545,1.3258,-0.0994,-4.0671,1.2496,-0.0142
,-4.0717,1.2575,-0.0318,-4.048,1.3487,-0.0009,-4.0331,1.3569,0.0055,-4.0237,1.3705,-0.0364,-4.0731,1.2675,-0.0546,-4.079,1.2693,-0.0467,-4.0764,1.2622,-0.053,-4.0732,1.2717,-0.0445,-4.0794,1.2593,-0.0338,-4.0684,1.2328,-0.0371,-4.0743,1.2208,-0.0524,-4.0785,1.2307,-0.0358,-4.0647,1.3105,-0.077,-4.0732,1.2717,-0.0445,-4.0692,1.2915,-0.0641,-4.0723,1.2968,-0.0439,-4.0697,1.2741,-0.0112
,-4.0283,1.3233,0.037,-4.0541,1.3121,0.0184,-4.0667,1.328,-0.0204,-4,1.3734,-0.0373,-4.0226,1.2413,0.0292,-4.0532,1.2789,0.0238,-4.0292,1.2829,0.042,-4.0379,1.2106,0.0003,-4.0489,1.244,0.0156,-4.0701,1.3012,-0.0139,-4,1.2409,0.0356,-4.0192,1.204,0.0112,-4,1.2852,0.0487,-4.0128,1.1442,-0.0805,-4.0524,1.1881,-0.0258,-4.0374,1.1795,-0.0014,-4.019,1.1739,0.0124
,-4.0209,1.1519,0.0198,-4.0542,1.1261,0.0243,-4.042,1.154,0.0069,-4.0686,1.1276,0.0048,-4.0546,1.1507,-0.0086,-4.0552,1.1442,-0.0282,-4.0546,1.1507,-0.0086,-4.0503,1.1328,-0.0444,-4.0722,1.1185,-0.0217,-4.0665,1.0992,-0.0434,-4.0438,1.0956,-0.0585,-4.0349,1.121,-0.0623,-4,1.0675,-0.0793,-4.0477,1.0382,-0.0942,-4,1.0253,-0.1052,-4.037,1.0771,0.0505,-4.0665,1.1109,0.0359
,-4.1003,1.077,-0.0538,-4.0833,1.0393,-0.0876,-4.0618,1.0748,-0.0663,-4.494,0.8122,-0.2294,-4.4894,0.8114,-0.2068,-4.497,0.7997,-0.2214,-4.4862,0.8223,-0.2401,-4.4674,0.8387,-0.2313,-4.4746,0.836,-0.2188,-4.4575,0.8369,-0.2567,-4.4441,0.8451,-0.232,-4.4246,0.8178,-0.2429,-4.4145,0.826,-0.2506,-4.4208,0.8172,-0.251,-4.4532,0.8091,-0.2148,-4.4346,0.8251,-0.1896,-4.434,0.8151,-0.2215
,-4.4235,0.831,-0.2593,-4.4082,0.8198,-0.2667,-4.4237,0.8354,-0.2258,-4.4272,0.8347,-0.2514,-4.4169,0.8291,-0.2418,-4.4312,0.8232,-0.2577,-4.4389,0.8243,-0.2549,-4.405,0.8092,-0.287,-4.4148,0.8144,-0.2872,-4.407,0.8088,-0.2817,-4.5153,0.764,-0.2743,-4.5128,0.7587,-0.2736,-4.5102,0.7621,-0.2724,-4.4037,0.8139,-0.2812,-4.4129,0.814,-0.2651,-4.4024,0.8112,-0.2867,-4.405,0.8092,-0.287
,-4.4106,0.8137,-0.291,-4.4109,0.8198,-0.2874,-4.4148,0.8144,-0.2872,-4.4087,0.8164,-0.2919,-4.4237,0.8193,-0.2704,-4.462,0.8025,-0.3351,-4.4693,0.7982,-0.3355,-4.4637,0.7989,-0.3374,-4.4618,0.813,-0.3185,-4.4712,0.7994,-0.3316,-4.4237,0.8193,-0.2704,-4.4312,0.8232,-0.2577,-4.4944,0.7756,-0.3316,-4.4995,0.775,-0.3304,-4.4975,0.773,-0.3289,-4.4389,0.8243,-0.2549,-4.4859,0.7864,-0.3122
,-4.4958,0.7802,-0.3315,-4.4923,0.7763,-0.3306,-4.4615,0.8268,-0.2854,-4.4736,0.8171,-0.2955,-4.4636,0.8233,-0.2985,-4.4787,0.818,-0.2729,-4.4657,0.8114,-0.2791,-4.4722,0.8205,-0.2811,-4.48,0.7966,-0.2015,-4.4591,0.8086,-0.178,-4.4685,0.7961,-0.2053,-4.4685,0.7958,-0.3346,-4.461,0.7986,-0.3339,-4.4632,0.7977,-0.3363,-4.4699,0.7965,-0.33,-4.4589,0.8059,-0.3162,-4.4726,0.808,-0.3151
,-4.4599,0.8117,-0.2969,-4.4589,0.8059,-0.3162,-4.4973,0.7882,-0.2604,-4.5092,0.7888,-0.2708,-4.503,0.7962,-0.2581,-4.4704,0.8028,-0.3138,-4.4599,0.8117,-0.2969,-4.4697,0.8094,-0.2938,-4.4581,0.8146,-0.2834,-4.4599,0.8117,-0.2969,-4.5062,0.7772,-0.2473,-4.5083,0.7853,-0.2431,-4.5036,0.7807,-0.243,-4.5157,0.7599,-0.275,-4.5147,0.7571,-0.2713,-4.4986,0.787,-0.3093,-4.5005,0.7758,-0.3278
,-4.496,0.7769,-0.3325,-4.4559,0.8175,-0.2779,-4.4389,0.8243,-0.2549,-4.461,0.7986,-0.3339,-4.4632,0.7977,-0.3363,-4.4878,0.8041,-0.2971,-4.4964,0.7988,-0.2909,-4.4762,0.8018,-0.2801,-4.4893,0.7913,-0.2884,-4.4874,0.7972,-0.2747,-4.5093,0.7713,-0.2867,-4.5032,0.7833,-0.2696,-4.4969,0.7729,-0.3245,-4.482,0.8116,-0.2818,-4.4911,0.8039,-0.2744,-4.5157,0.7614,-0.3029,-4.5155,0.774,-0.2915
,-4.4923,0.7763,-0.3306,-4.4975,0.773,-0.3289,-4.4969,0.7729,-0.3245,-4.4859,0.7864,-0.3122,-4.4969,0.7729,-0.3245,-4.4929,0.7811,-0.3072,-4.4685,0.7958,-0.3346,-4.4815,0.7957,-0.294,-4.519,0.765,-0.3046,-4.5141,0.7646,-0.3109,-4.5126,0.7675,-0.3101,-4.5028,0.7754,-0.2929,-4.5157,0.7614,-0.3029,-4.5093,0.7713,-0.2867,-4.5023,0.7953,-0.279,-4.508,0.7784,-0.298,-4.5183,0.7612,-0.2702
,-4.5128,0.7738,-0.2662,-4.4981,0.7853,-0.2497,-4.5062,0.7772,-0.2473,-4.5036,0.7807,-0.243,-4.5089,0.7869,-0.2551,-4.506,0.7713,-0.2639,-4.5014,0.7813,-0.2547,-4.5028,0.7754,-0.2929,-4.4965,0.7883,-0.2767,-4.4981,0.7853,-0.2497,-4.5016,0.7989,-0.2476,-4.5062,0.7913,-0.2505,-4.4581,0.8146,-0.2834,-4.4973,0.8027,-0.2674,-4.4916,0.7905,-0.2656,-4.4868,0.7945,-0.2634,-4.4929,0.7811,-0.3072
,-4.4697,0.8094,-0.2938,-4.5132,0.763,-0.3094,-4.5157,0.7614,-0.3029,-4.5109,0.7645,-0.3081,-4.4965,0.7883,-0.2767,-4.5093,0.7713,-0.2867,-4.5032,0.7833,-0.2696,-4.4922,0.7883,-0.2482,-4.4893,0.7913,-0.2884,-4.4906,0.7925,-0.3145,-4.4815,0.7957,-0.294,-4.4697,0.8094,-0.2938,-4.4699,0.8055,-0.2728,-4.4762,0.8018,-0.2801,-4.4704,0.8028,-0.3138,-4.5117,0.7809,-0.2486,-4.5128,0.7587,-0.2736
,-4.5147,0.7587,-0.2679,-4.5102,0.7621,-0.2724,-4.506,0.7713,-0.2639,-4.5098,0.7681,-0.2571,-4.4447,0.8144,-0.1838,-4.4331,0.8414,-0.1941,-4.4148,0.8144,-0.2872,-4.4173,0.8257,-0.2725,-4.4237,0.8193,-0.2704,-4.5147,0.7587,-0.2679,-4.5155,0.7691,-0.2594,-4.5098,0.7681,-0.2571,-4.5098,0.7681,-0.2571,-4.4581,0.8146,-0.2834,-4.4632,0.7977,-0.3363,-4.4685,0.7958,-0.3346,-4.4883,0.7896,-0.2177
,-4.5049,0.7916,-0.2367,-4.4874,0.7972,-0.2747,-4.4815,0.7957,-0.294,-4.4762,0.8018,-0.2801,-4.4589,0.8059,-0.3162,-4.461,0.7986,-0.3339,-4.5132,0.763,-0.3094,-4.5185,0.7621,-0.3073,-4.5168,0.761,-0.3063,-4.4981,0.7853,-0.2497,-4.4611,0.8287,-0.2787,-4.4933,0.8071,-0.2631,-4.4846,0.824,-0.211,-4.48,0.7966,-0.2015,-4.5109,0.7645,-0.3081,-4.5132,0.763,-0.3094,-4.4868,0.7945,-0.2634
,-4.4973,0.7882,-0.2604,-4.4922,0.7883,-0.2482,-4.4699,0.8055,-0.2728,-4.4868,0.7945,-0.2634,-4.4559,0.8175,-0.2779,-4.4657,0.8114,-0.2791,-4.4699,0.8055,-0.2728,-4.4312,0.8232,-0.2577,-4.4389,0.8243,-0.2549,-4.5147,0.7587,-0.2679,-4.5179,0.7584,-0.2721,-4.4706,0.8032,-0.237,-4.4922,0.7883,-0.2482,-4.4787,0.7919,-0.2256,-4.4699,0.8055,-0.2728,-4.4572,0.8114,-0.2486,-4.4559,0.8175,-0.2779
,-4.5014,0.7826,-0.2399,-4.4883,0.7896,-0.2177,-4.5036,0.7807,-0.243,-4.4767,0.8307,-0.2499,-4.4916,0.7905,-0.2656,-4.5032,0.7833,-0.2696,-4.4973,0.7882,-0.2604,-4.4883,0.7896,-0.2177,-4.0189,1.2645,-0.13,-4.0229,1.2684,-0.1311,-4.0416,1.2671,-0.1273,-4.0325,1.2699,-0.1315,-4.0325,1.2632,-0.1302,-4.033,1.2621,-0.1335,-4.0263,1.2633,-0.1311,-4.5109,0.7645,-0.3081,-4.5028,0.7754,-0.2929
,-4.4346,0.8251,-0.1896,-4.351,0.839,-0.0688,-4.3516,0.8586,-0.0715,-4.4331,0.8414,-0.1941,-4.3576,0.8812,-0.0658,-4.4331,0.8414,-0.1941,-4.375,0.8968,-0.0557,-4.4552,0.8484,-0.1932,-4.4016,0.8865,-0.0361,-4.473,0.8285,-0.1801,-4.4673,0.8402,-0.1861,-4.4447,0.8144,-0.1838,-4.3617,0.8248,-0.0569,-4.4661,0.8118,-0.1737,-4.3811,0.8228,-0.0373,-4.4092,0.8489,-0.0236,-4.4661,0.8118,-0.1737
,-4.0192,1.206,-0.1292,-4.0172,1.2033,-0.1326,-4.0065,1.2081,-0.134,-4.0162,1.2037,-0.131,-4.0091,1.2023,-0.135,-4.0145,1.2081,-0.1312,-4.0199,1.2056,-0.1301,-4,1.2194,-0.1515,-4,1.2219,-0.1545,-4.0088,1.1846,-0.1392,-4.0647,1.3105,-0.077,-4.0692,1.2915,-0.0641,-4.0717,1.2575,-0.0318,-4.0684,1.2328,-0.0371,-4.0636,1.2191,-0.0571,-4.0712,1.2489,-0.0547,-4.0592,1.2968,-0.1012
,-4.0692,1.2915,-0.0641,-4.0545,1.3258,-0.0994,-4.0405,1.3345,-0.1137,-4.0227,1.3392,-0.1212,-4.0257,1.0907,-0.0674,-4.0172,1.1154,-0.0721,-4.0524,1.1881,-0.0258,-4.0546,1.1507,-0.0086,-4.0686,1.1276,0.0048,-4.0481,1.1727,-0.0497,-4.0228,1.1487,-0.0772,-4,1.2011,0.0155,-4,1.1721,0.0167,-4.0007,1.2017,-0.136,-4.0005,1.204,-0.1427,-4.0065,1.2081,-0.134,-4,1.2047,-0.1387
,-4.0095,1.1988,-0.1441,-4,1.2341,-0.1596,-4,1.2547,-0.1468,-4,1.2432,-0.1543,-4,1.2705,-0.1426,-4,1.3287,0.041,-4.0227,1.3392,-0.1212,-4,1.3685,-0.0842,-4.0002,1.0861,-0.0714,-4,1.1129,-0.0745,-4,1.2128,-0.1345,-4.0091,1.2023,-0.135,-4,1.1709,-0.0701,-4,1.2836,-0.1444,-4,1.1848,-0.1404,-3.9999,1.1727,-0.1407,-4.0001,1.2111,-0.1504
,-4,1.3119,-0.1395,-4,1.3612,0.0107,-4,1.1491,0.0215,-4.0299,1.1185,0.0317,-4,1.2037,-0.1455,-4.0001,1.1939,-0.1445,-4.0003,1.1984,-0.1455,-4,1.2235,-0.1569,-4,1.2292,-0.1604,-4,1.1629,-0.1344,-4,1.1574,-0.1153,-4,1.1574,-0.1153,-4.0096,1.1583,-0.1157,-4.0814,1.0896,0.0529,-4.0965,1.1123,0.0118,-4,1.341,-0.1243,-4,1.1393,-0.0814
,-4,1.155,-0.0939,-4.1067,1.1004,-0.0244,-4.0965,1.1123,0.0118,-4.0686,1.1276,0.0048,-4.0699,1.2497,-0.0607,-4.0636,1.2191,-0.0571,-4.0636,1.2191,-0.0571,-4.0555,1.2053,-0.0424,-4.5014,0.7813,-0.2547,-4.5062,0.7772,-0.2473,-4.5014,0.7826,-0.2399,-4.405,0.8092,-0.287,-4.48,0.7966,-0.2015,-4.473,0.8285,-0.1801,-4.4661,0.8118,-0.1737,-4.473,0.8285,-0.1801,-4.4673,0.8402,-0.1861
,-4.4673,0.8402,-0.1861,-4.4552,0.8484,-0.1932,-4.4552,0.8484,-0.1932,-4.0162,1.2037,-0.131,-4.0192,1.206,-0.1292,-4.0162,1.2037,-0.131,-4,1.2198,-0.0564,-4.0306,1.0753,-0.0732,-4.1487,1.0735,-0.06,-4.1334,1.0983,0.0295,-4.0965,1.1123,0.0118,-4.0001,1.1157,0.0329,-4.1154,1.0448,-0.0794,-4.1465,1.0398,-0.0821,-3.982,1.1812,-0.0613,-3.9911,1.2376,-0.0782,-3.9852,1.2089,-0.1303
,-3.9935,1.2084,-0.1338,-3.9782,1.206,-0.1272,-3.9756,1.1914,-0.0631,-3.9801,1.2072,-0.1277,-3.9835,1.2341,-0.0733,-3.9699,1.2084,-0.062,-3.9766,1.229,-0.0674,-3.9792,1.2069,-0.1286,-3.9773,1.2684,-0.1322,-3.9672,1.278,-0.1389,-3.9805,1.2755,-0.1393,-3.9676,1.27,-0.1326,-3.9573,1.2769,-0.1338,-3.9796,1.2568,-0.1336,-3.982,1.2642,-0.1315,-3.9883,1.2634,-0.135,-3.9557,1.2669,-0.128
,-3.9576,1.2559,-0.1274,-3.9489,1.2679,-0.1222,-3.9596,1.2619,-0.1303,-3.9699,1.2544,-0.132,-3.9671,1.1032,0.0391,-3.9763,1.2045,-0.1321,-3.9733,1.2068,-0.1343,-3.9767,1.2053,-0.1339,-3.9751,1.2008,-0.1341,-3.9715,1.2045,-0.1319,-3.9842,1.207,-0.1421,-3.993,1.2043,-0.1445,-3.985,1.205,-0.1402,-3.9828,1.1957,-0.1381,-3.9784,1.2028,-0.1363,-3.9832,1.2011,-0.1396,-3.9903,1.1944,-0.1423
,-3.9908,1.1998,-0.1436,-3.9933,1.2043,-0.1381,-3.9788,1.2047,-0.133,-3.9779,1.2046,-0.132,-3.9933,1.2053,-0.1355,-3.9862,1.2057,-0.132,-3.9723,1.1964,-0.1307,-3.9637,1.2032,-0.1261,-3.9826,1.1882,-0.136,-3.9908,1.1851,-0.1388,-3.9924,1.2709,-0.1406,-3.9858,1.2842,-0.1442,-3.9665,1.2872,-0.1395,-3.9529,1.285,-0.1303,-3.9442,1.2763,-0.117,-3.9885,1.2266,-0.153,-3.9943,1.2242,-0.1537
,-3.9909,1.2253,-0.1508,-3.9888,1.2246,-0.1466,-3.9849,1.2252,-0.1465,-3.988,1.2212,-0.146,-3.9827,1.2224,-0.1429,-3.9939,1.2234,-0.1501,-3.9935,1.2185,-0.1502,-3.9858,1.2321,-0.1508,-3.9928,1.2421,-0.1524,-3.992,1.2333,-0.1569,-3.9925,1.228,-0.1568,-3.9804,1.1613,-0.1148,-3.9713,1.1712,-0.1192,-3.9795,1.1664,-0.126,-3.9904,1.1583,-0.1157,-3.9879,1.1646,-0.132,-3.9624,1.1778,-0.1113
,-3.9682,1.1688,-0.1097,-3.9784,1.176,-0.1298,-3.9697,1.1782,-0.121,-3.9887,1.174,-0.1374,-3.9653,1.2116,-0.1312,-3.9755,1.2152,-0.1398,-3.9554,1.2186,-0.1246,-3.9528,1.2016,-0.1128,-3.97,1.2223,-0.1357,-3.9629,1.2384,-0.1325,-3.9445,1.1946,-0.0757,-3.9376,1.2231,-0.0822,-3.9439,1.2089,-0.0983,-3.9527,1.1836,-0.0945,-3.9446,1.2248,-0.1131,-3.9495,1.2443,-0.1253,-3.9371,1.2358,-0.0944
,-3.9398,1.2518,-0.1094,-3.987,1.2389,-0.1466,-3.9826,1.2298,-0.1451,-3.9806,1.2314,-0.1391,-3.985,1.2132,-0.1458,-3.9927,1.2068,-0.1474,-3.9328,1.2687,-0.0725,-3.9301,1.2498,-0.0607,-3.9269,1.2675,-0.0546,-3.934,1.2536,-0.0822,-3.9373,1.2671,-0.1004,-3.9881,1.2518,-0.141,-3.9818,1.2463,-0.1367,-3.9922,1.2113,-0.1496,-3.9362,1.2806,-0.0873,-3.9823,1.311,-0.1383,-3.9638,1.3105,-0.1301
,-3.9509,1.3054,-0.1182,-3.9408,1.2968,-0.1012,-3.9476,1.1881,-0.0258,-3.9499,1.1872,-0.0601,-3.9519,1.1727,-0.0497,-3.9445,1.2053,-0.0424,-3.9412,1.2243,-0.0194,-3.9316,1.2328,-0.0371,-3.9682,1.1688,-0.1097,-3.9771,1.1606,-0.0905,-3.9626,1.1709,-0.0871,-3.9804,1.1613,-0.1148,-3.9899,1.156,-0.0937,-3.9626,1.1709,-0.0871,-3.9626,1.1709,-0.0871,-3.9499,1.1872,-0.0601,-3.9612,1.1614,-0.0638
,-3.9389,1.2074,-0.0632,-3.9499,1.1872,-0.0601,-3.9445,1.2053,-0.0424,-3.9408,1.3457,-0.0359,-3.9309,1.3214,-0.0481,-3.9333,1.328,-0.0204,-3.9767,1.3659,-0.0832,-3.9595,1.3345,-0.1137,-3.9578,1.3573,-0.0804,-3.958,1.3606,-0.0365,-3.9413,1.3441,-0.0665,-3.9455,1.3258,-0.0994,-3.9329,1.2496,-0.0142,-3.952,1.3487,-0.0009,-3.9669,1.3569,0.0055,-3.921,1.2693,-0.0467,-3.9269,1.2675,-0.0546
,-3.9236,1.2622,-0.053,-3.9268,1.2717,-0.0445,-3.9206,1.2593,-0.0338,-3.9283,1.2575,-0.0318,-3.9257,1.2208,-0.0524,-3.9316,1.2328,-0.0371,-3.9215,1.2307,-0.0358,-3.9353,1.3105,-0.077,-3.9308,1.2915,-0.0641,-3.9268,1.2717,-0.0445,-3.9277,1.2968,-0.0439,-3.9303,1.2741,-0.0112,-3.9283,1.2575,-0.0318,-3.9716,1.3233,0.037,-3.9763,1.3705,-0.0364,-3.9468,1.2789,0.0238,-3.9774,1.2413,0.0292
,-3.9708,1.2829,0.042,-3.9621,1.2106,0.0003,-3.9808,1.204,0.0112,-3.9299,1.3012,-0.0139,-3.9459,1.3121,0.0184,-3.9872,1.1442,-0.0805,-3.9772,1.1487,-0.0772,-3.9476,1.1881,-0.0258,-3.9626,1.1795,-0.0014,-3.981,1.1739,0.0124,-3.9458,1.1261,0.0243,-3.9791,1.1519,0.0198,-3.958,1.154,0.0069,-3.9314,1.1276,0.0048,-3.9454,1.1507,-0.0086,-3.9448,1.1442,-0.0282,-3.9497,1.1328,-0.0444
,-3.9278,1.1185,-0.0217,-3.9562,1.0956,-0.0585,-3.9651,1.121,-0.0623,-3.9523,1.0382,-0.0942,-3.9694,1.0753,-0.0732,-3.9335,1.1109,0.0359,-3.963,1.0771,0.0505,-3.8997,1.077,-0.0538,-3.9167,1.0393,-0.0876,-3.8846,1.0448,-0.0794,-3.51,0.808,-0.2071,-3.5053,0.8087,-0.23,-3.5024,0.796,-0.2218,-3.5131,0.8189,-0.2409,-3.5321,0.8357,-0.2322,-3.5226,0.8274,-0.251,-3.542,0.8338,-0.2579
,-3.5858,0.823,-0.2518,-3.5756,0.8147,-0.2439,-3.5795,0.814,-0.2521,-3.5655,0.8224,-0.1898,-3.5468,0.8059,-0.2153,-3.5661,0.812,-0.2222,-3.5922,0.8167,-0.2682,-3.5766,0.8281,-0.2607,-3.5765,0.8327,-0.2267,-3.5728,0.8318,-0.2527,-3.5556,0.8423,-0.2329,-3.5688,0.82,-0.259,-3.5854,0.811,-0.2889,-3.5954,0.8058,-0.2887,-3.5934,0.8053,-0.2833,-3.4865,0.7539,-0.2745,-3.4838,0.7594,-0.2753
,-3.4891,0.7574,-0.2733,-3.5874,0.8107,-0.2664,-3.5968,0.8107,-0.2828,-3.598,0.8079,-0.2884,-3.5954,0.8058,-0.2887,-3.5894,0.8165,-0.2891,-3.5897,0.8103,-0.2928,-3.5854,0.811,-0.2889,-3.5374,0.7984,-0.3373,-3.5301,0.7939,-0.3378,-3.5282,0.7952,-0.3337,-3.5377,0.8091,-0.3205,-3.5267,0.804,-0.317,-3.5764,0.816,-0.2719,-3.5688,0.82,-0.259,-3.4996,0.7701,-0.3322,-3.5048,0.7708,-0.3334
,-3.5017,0.7682,-0.3307,-3.561,0.8211,-0.2562,-3.5135,0.782,-0.3138,-3.5034,0.7756,-0.3335,-3.5086,0.7882,-0.3162,-3.538,0.8234,-0.287,-3.5257,0.8133,-0.2971,-3.5271,0.8168,-0.2826,-3.5207,0.8144,-0.2743,-3.5338,0.8076,-0.2805,-3.5296,0.8017,-0.2741,-3.5196,0.7932,-0.2016,-3.5409,0.8057,-0.1779,-3.5337,0.8089,-0.1736,-3.5309,0.7915,-0.3367,-3.5386,0.7944,-0.336,-3.5295,0.7922,-0.332
,-3.5407,0.8019,-0.3181,-3.5289,0.7986,-0.3156,-3.5359,0.8198,-0.3002,-3.5398,0.8078,-0.2985,-3.5407,0.8019,-0.3181,-3.502,0.784,-0.2613,-3.4898,0.7845,-0.2718,-3.496,0.7789,-0.2705,-3.5398,0.8078,-0.2985,-3.5297,0.8054,-0.2953,-3.5416,0.8109,-0.2849,-3.5338,0.8076,-0.2805,-3.4931,0.7729,-0.2478,-3.4908,0.7811,-0.2437,-3.4874,0.7766,-0.2491,-3.4845,0.7523,-0.2721,-3.4835,0.7551,-0.276
,-3.5005,0.7825,-0.3109,-3.5032,0.7722,-0.3344,-3.5438,0.8139,-0.2793,-3.5384,0.8254,-0.2803,-3.5357,0.7947,-0.3396,-3.5386,0.7944,-0.336,-3.5363,0.7934,-0.3385,-3.5115,0.8001,-0.2987,-3.5026,0.7947,-0.2923,-3.51,0.787,-0.2897,-3.5234,0.7978,-0.2814,-3.5119,0.7931,-0.2758,-3.4899,0.7667,-0.2877,-3.4985,0.7711,-0.3295,-3.5173,0.8078,-0.2832,-3.5081,0.7999,-0.2756,-3.4834,0.7694,-0.2926
,-3.4833,0.7565,-0.3042,-3.5017,0.7682,-0.3307,-3.507,0.7716,-0.3324,-3.5023,0.7681,-0.3262,-3.5135,0.782,-0.3138,-3.5064,0.7766,-0.3087,-3.5309,0.7915,-0.3367,-3.5295,0.7922,-0.332,-3.5179,0.7915,-0.2954,-3.4849,0.7597,-0.3123,-3.4799,0.7601,-0.3059,-3.4864,0.7627,-0.3116,-3.4965,0.7709,-0.2941,-3.4833,0.7565,-0.3042,-3.4883,0.7596,-0.3096,-3.4968,0.7912,-0.2802,-3.491,0.7739,-0.2994
,-3.4807,0.7564,-0.2709,-3.4864,0.7694,-0.267,-3.4836,0.7646,-0.2601,-3.5013,0.7812,-0.2504,-3.4931,0.7729,-0.2478,-3.498,0.7771,-0.2555,-3.4933,0.7669,-0.2647,-3.4902,0.7828,-0.2559,-3.498,0.7771,-0.2555,-3.4965,0.7709,-0.2941,-3.5028,0.7841,-0.2779,-3.5013,0.7812,-0.2504,-3.4975,0.795,-0.2484,-3.5072,0.7843,-0.2489,-3.5416,0.8109,-0.2849,-3.5019,0.7988,-0.2685,-3.4961,0.7922,-0.2589
,-3.5078,0.7864,-0.2665,-3.5126,0.7905,-0.2644,-3.5059,0.8033,-0.2642,-3.507,0.7716,-0.3324,-3.5023,0.7681,-0.3262,-3.5064,0.7766,-0.3087,-3.5297,0.8054,-0.2953,-3.5289,0.7986,-0.3156,-3.4833,0.7565,-0.3042,-3.4858,0.758,-0.3108,-3.5028,0.7841,-0.2779,-3.4899,0.7667,-0.2877,-3.51,0.787,-0.2897,-3.5179,0.7915,-0.2954,-3.5297,0.8054,-0.2953,-3.5289,0.7986,-0.3156,-3.4845,0.754,-0.2686
,-3.4865,0.7539,-0.2745,-3.4891,0.7574,-0.2733,-3.4933,0.7669,-0.2647,-3.4891,0.7574,-0.2733,-3.4929,0.7873,-0.2513,-3.5313,0.7927,-0.2055,-3.5554,0.8116,-0.1839,-3.5669,0.8388,-0.1946,-3.5854,0.811,-0.2889,-3.5828,0.8226,-0.274,-3.4845,0.754,-0.2686,-3.4894,0.7636,-0.2577,-3.5416,0.8109,-0.2849,-3.5309,0.7915,-0.3367,-3.5112,0.7859,-0.218,-3.4943,0.7877,-0.2372,-3.4979,0.7784,-0.2404
,-3.5119,0.7931,-0.2758,-3.5179,0.7915,-0.2954,-3.5234,0.7978,-0.2814,-3.5407,0.8019,-0.3181,-3.5386,0.7944,-0.336,-3.4858,0.758,-0.3108,-3.4805,0.7572,-0.3087,-3.498,0.7771,-0.2555,-3.5013,0.7812,-0.2504,-3.5147,0.8208,-0.2115,-3.5249,0.833,-0.2194,-3.5196,0.7932,-0.2016,-3.4883,0.7596,-0.3096,-3.5126,0.7905,-0.2644,-3.502,0.784,-0.2613,-3.5078,0.7864,-0.2665,-3.5296,0.8017,-0.2741
,-3.5126,0.7905,-0.2644,-3.5438,0.8139,-0.2793,-3.5338,0.8076,-0.2805,-3.5834,0.8262,-0.2429,-3.5688,0.82,-0.259,-3.4845,0.754,-0.2686,-3.4812,0.7536,-0.273,-3.4822,0.7561,-0.3077,-3.5291,0.7997,-0.2377,-3.5072,0.7843,-0.2489,-3.5126,0.7905,-0.2644,-3.5296,0.8017,-0.2741,-3.5426,0.808,-0.2496,-3.561,0.8211,-0.2562,-3.5438,0.8139,-0.2793,-3.561,0.8211,-0.2562,-3.5764,0.816,-0.2719
,-3.4979,0.7784,-0.2404,-3.521,0.7882,-0.2261,-3.5112,0.7859,-0.218,-3.4979,0.7784,-0.2404,-3.5072,0.7843,-0.2489,-3.5078,0.7864,-0.2665,-3.496,0.7789,-0.2705,-3.5028,0.7841,-0.2779,-3.5112,0.7859,-0.218,-3.974,1.2623,-0.1338,-3.9811,1.2645,-0.13,-3.9771,1.2684,-0.1311,-3.9675,1.2699,-0.1315,-3.9584,1.2671,-0.1273,-3.9618,1.2642,-0.1272,-3.9611,1.2687,-0.1317,-3.9616,1.2684,-0.1299
,-3.9675,1.2632,-0.1302,-3.967,1.2621,-0.1335,-3.9737,1.2633,-0.1311,-3.4883,0.7596,-0.3096,-3.4965,0.7709,-0.2941,-3.5655,0.8224,-0.1898,-3.6492,0.8378,-0.0692,-3.5554,0.8116,-0.1839,-3.5669,0.8388,-0.1946,-3.6485,0.8574,-0.072,-3.5655,0.8224,-0.1898,-3.6249,0.8955,-0.0564,-3.5669,0.8388,-0.1946,-3.5445,0.8459,-0.1937,-3.5985,0.8852,-0.0367,-3.5266,0.8256,-0.1802,-3.5911,0.8476,-0.0238
,-3.5554,0.8116,-0.1839,-3.6387,0.8236,-0.0571,-3.5409,0.8057,-0.1779,-3.5337,0.8089,-0.1736,-3.6193,0.8216,-0.0375,-3.5337,0.8089,-0.1736,-3.6193,0.8216,-0.0375,-3.9801,1.2072,-0.1277,-3.982,1.2044,-0.1313,-3.986,1.2039,-0.1353,-3.9935,1.2084,-0.1338,-3.9852,1.2089,-0.1303,-3.9839,1.2051,-0.1302,-3.9915,1.2032,-0.1346,-3.9852,1.2089,-0.1303,-3.9792,1.2069,-0.1286,-3.9792,1.2069,-0.1286
,-3.9782,1.206,-0.1272,-3.9353,1.3105,-0.077,-3.9316,1.2328,-0.0371,-3.9287,1.249,-0.0547,-3.9364,1.2192,-0.057,-3.9308,1.2915,-0.0641,-3.993,1.2549,-0.1445,-3.9455,1.3258,-0.0994,-3.9353,1.3105,-0.077,-3.9595,1.3345,-0.1137,-3.9455,1.3258,-0.0994,-3.9773,1.3392,-0.1212,-3.9595,1.3345,-0.1137,-3.9743,1.0907,-0.0674,-3.9828,1.1154,-0.0721,-3.9476,1.1881,-0.0258,-3.9454,1.1507,-0.0086
,-3.9511,1.244,0.0156,-3.9935,1.2084,-0.1338,-3.9773,1.3392,-0.1212,-3.9915,1.2032,-0.1346,-4.0007,1.2017,-0.136,-3.9701,1.1185,0.0317,-4,1.1574,-0.1153,-3.9035,1.1123,0.0118,-3.9186,1.0896,0.0529,-3.9335,1.0992,-0.0434,-3.8933,1.1004,-0.0244,-3.9035,1.1123,0.0118,-3.9301,1.2498,-0.0607,-3.9364,1.2192,-0.057,-3.9445,1.2053,-0.0424,-3.9364,1.2192,-0.057,-3.4894,0.7636,-0.2577
,-3.4933,0.7669,-0.2647,-3.4957,0.7765,-0.2435,-3.5916,0.813,-0.2937,-3.5954,0.8058,-0.2887,-3.5266,0.8256,-0.1802,-3.5196,0.7932,-0.2016,-3.5337,0.8089,-0.1736,-3.5266,0.8256,-0.1802,-3.5323,0.8375,-0.1863,-3.9839,1.2051,-0.1302,-3.9839,1.2051,-0.1302,-3.9922,1.1719,-0.0683,-3.9915,1.2032,-0.1346,-3.9382,1.0748,-0.0663,-3.8513,1.0735,-0.06,-3.8488,1.0973,-0.0239,-3.8666,1.0983,0.0295
,-3.8535,1.0398,-0.0821,-4.0192,1.206,-0.1292,-4.0731,1.2675,-0.0546,-4.0524,1.1881,-0.0258,-4.0555,1.2053,-0.0424,-4.0196,1.1613,-0.1148,-4.0317,1.1686,-0.1099,-4.0096,1.1583,-0.1157,-4.0196,1.1613,-0.1148,-4.0374,1.1709,-0.0872,-4.0374,1.1709,-0.0872,-4.0555,1.2053,-0.0424,-4.05,1.1871,-0.0602,-4.0227,1.3392,-0.1212,-4.0717,1.2575,-0.0318,-4.0684,1.2328,-0.0371,-4.0732,1.2717,-0.0445
,-4.0731,1.2675,-0.0546,-4.0732,1.2717,-0.0445,-4.0524,1.1881,-0.0258,-4.4106,0.8137,-0.291,-4.4237,0.8193,-0.2704,-4.4389,0.8243,-0.2549,-4.4661,0.8118,-0.1737,-4.4599,0.8117,-0.2969,-4.4657,0.8114,-0.2791,-4.461,0.7986,-0.3339,-4.4923,0.7763,-0.3306,-4.4944,0.7756,-0.3316,-4.4975,0.773,-0.3289,-4.4859,0.7864,-0.3122,-4.4923,0.7763,-0.3306,-4.4969,0.7729,-0.3245,-4.4699,0.7965,-0.33
,-4.4685,0.7958,-0.3346,-4.4859,0.7864,-0.3122,-4.5157,0.7614,-0.3029,-4.5014,0.7813,-0.2547,-4.5062,0.7772,-0.2473,-4.5028,0.7754,-0.2929,-4.4981,0.7853,-0.2497,-4.4697,0.8094,-0.2938,-4.4704,0.8028,-0.3138,-4.5168,0.761,-0.3063,-4.5157,0.7614,-0.3029,-4.4965,0.7883,-0.2767,-4.5093,0.7713,-0.2867,-4.4893,0.7913,-0.2884,-4.4929,0.7811,-0.3072,-4.4815,0.7957,-0.294,-4.4697,0.8094,-0.2938
,-4.4704,0.8028,-0.3138,-4.4699,0.7965,-0.33,-4.5128,0.7587,-0.2736,-4.5147,0.7571,-0.2713,-4.506,0.7713,-0.2639,-4.5102,0.7621,-0.2724,-4.4552,0.8484,-0.1932,-4.4148,0.8144,-0.2872,-4.5147,0.7587,-0.2679,-4.5098,0.7681,-0.2571,-4.4581,0.8146,-0.2834,-4.4632,0.7977,-0.3363,-4.5014,0.7826,-0.2399,-4.4874,0.7972,-0.2747,-4.4893,0.7913,-0.2884,-4.4815,0.7957,-0.294,-4.4589,0.8059,-0.3162
,-4.5132,0.763,-0.3094,-4.4874,0.7972,-0.2747,-4.5109,0.7645,-0.3081,-4.4868,0.7945,-0.2634,-4.4916,0.7905,-0.2656,-4.4973,0.7882,-0.2604,-4.4699,0.8055,-0.2728,-4.4559,0.8175,-0.2779,-4.4657,0.8114,-0.2791,-4.4312,0.8232,-0.2577,-4.5147,0.7587,-0.2679,-4.4868,0.7945,-0.2634,-4.4922,0.7883,-0.2482,-4.4699,0.8055,-0.2728,-4.4868,0.7945,-0.2634,-4.4559,0.8175,-0.2779,-4.4699,0.8055,-0.2728
,-4.4922,0.7883,-0.2482,-4.4922,0.7883,-0.2482,-4.4916,0.7905,-0.2656,-4.4965,0.7883,-0.2767,-4.5032,0.7833,-0.2696,-4.4883,0.7896,-0.2177,-4.0382,1.2642,-0.1272,-4.0384,1.2684,-0.1299,-4.5109,0.7645,-0.3081,-4.4346,0.8251,-0.1896,-4.4447,0.8144,-0.1838,-4.4331,0.8414,-0.1941,-4.4346,0.8251,-0.1896,-4.4331,0.8414,-0.1941,-4.4447,0.8144,-0.1838,-4.4591,0.8086,-0.178,-4.4591,0.8086,-0.178
,-4.3811,0.8228,-0.0373,-4.4661,0.8118,-0.1737,-4.0213,1.2046,-0.1287,-4.0145,1.2081,-0.1312,-4.0065,1.2081,-0.134,-4.0199,1.2056,-0.1301,-4.0145,1.2081,-0.1312,-4.0213,1.2046,-0.1287,-4.0199,1.2056,-0.1301,-4.0647,1.3105,-0.077,-4.0717,1.2575,-0.0318,-4.0699,1.2497,-0.0607,-4.0692,1.2915,-0.0641,-4.0731,1.2675,-0.0546,-4.0545,1.3258,-0.0994,-4.0647,1.3105,-0.077,-4.0405,1.3345,-0.1137
,-4.0545,1.3258,-0.0994,-4.0405,1.3345,-0.1137,-4.0546,1.1507,-0.0086,-4.0065,1.2081,-0.134,-4,1.2128,-0.1345,-4.0227,1.3392,-0.1212,-4,1.341,-0.1243,-4.0091,1.2023,-0.135,-4.0007,1.2017,-0.136,-4,1.2058,-0.1489,-4.0732,1.2717,-0.0445,-4,1.1574,-0.1153,-4.1334,1.0983,0.0295,-4.0965,1.1123,0.0118,-4.0699,1.2497,-0.0607,-4.0636,1.2191,-0.0571,-4.0636,1.2191,-0.0571
,-4.0684,1.2328,-0.0371,-4.0555,1.2053,-0.0424,-4.5014,0.7813,-0.2547,-4.506,0.7713,-0.2639,-4.5014,0.7826,-0.2399,-4.405,0.8092,-0.287,-4.48,0.7966,-0.2015,-4.473,0.8285,-0.1801,-4.473,0.8285,-0.1801,-4.4673,0.8402,-0.1861,-4.0162,1.2037,-0.131,-4.0162,1.2037,-0.131,-4.0091,1.2023,-0.135,-4.1512,1.0973,-0.0239,-3.9445,1.2053,-0.0424,-3.9476,1.1881,-0.0258,-3.9682,1.1688,-0.1097
,-3.9804,1.1613,-0.1148,-3.9804,1.1613,-0.1148,-3.9904,1.1583,-0.1157,-3.9626,1.1709,-0.0871,-3.9626,1.1709,-0.0871,-3.9499,1.1872,-0.0601,-3.9773,1.3392,-0.1212,-3.9283,1.2575,-0.0318,-3.9269,1.2675,-0.0546,-3.9316,1.2328,-0.0371,-3.9269,1.2675,-0.0546,-3.9268,1.2717,-0.0445,-3.9268,1.2717,-0.0445,-3.9283,1.2575,-0.0318,-3.9476,1.1881,-0.0258,-3.9454,1.1507,-0.0086,-3.561,0.8211,-0.2562
,-3.5897,0.8103,-0.2928,-3.5764,0.816,-0.2719,-3.507,0.7716,-0.3324,-3.5363,0.7934,-0.3385,-3.5398,0.8078,-0.2985,-3.5398,0.8078,-0.2985,-3.5386,0.7944,-0.336,-3.5023,0.7681,-0.3262,-3.5017,0.7682,-0.3307,-3.5048,0.7708,-0.3334,-3.5135,0.782,-0.3138,-3.5309,0.7915,-0.3367,-3.5135,0.782,-0.3138,-3.4899,0.7667,-0.2877,-3.4833,0.7565,-0.3042,-3.4957,0.7765,-0.2435,-3.4931,0.7729,-0.2478
,-3.4965,0.7709,-0.2941,-3.5013,0.7812,-0.2504,-3.507,0.7716,-0.3324,-3.5023,0.7681,-0.3262,-3.5297,0.8054,-0.2953,-3.4833,0.7565,-0.3042,-3.4822,0.7561,-0.3077,-3.5028,0.7841,-0.2779,-3.496,0.7789,-0.2705,-3.4899,0.7667,-0.2877,-3.5064,0.7766,-0.3087,-3.51,0.787,-0.2897,-3.5179,0.7915,-0.2954,-3.5297,0.8054,-0.2953,-3.5234,0.7978,-0.2814,-3.5295,0.7922,-0.332,-3.5289,0.7986,-0.3156
,-3.4845,0.7523,-0.2721,-3.4865,0.7539,-0.2745,-3.4933,0.7669,-0.2647,-3.4894,0.7636,-0.2577,-3.5445,0.8459,-0.1937,-3.5854,0.811,-0.2889,-3.4845,0.754,-0.2686,-3.5416,0.8109,-0.2849,-3.51,0.787,-0.2897,-3.5119,0.7931,-0.2758,-3.5179,0.7915,-0.2954,-3.5407,0.8019,-0.3181,-3.4858,0.758,-0.3108,-3.498,0.7771,-0.2555,-3.5119,0.7931,-0.2758,-3.4883,0.7596,-0.3096,-3.4858,0.758,-0.3108
,-3.5126,0.7905,-0.2644,-3.5072,0.7843,-0.2489,-3.502,0.784,-0.2613,-3.5296,0.8017,-0.2741,-3.5438,0.8139,-0.2793,-3.5296,0.8017,-0.2741,-3.5338,0.8076,-0.2805,-3.5688,0.82,-0.259,-3.4845,0.754,-0.2686,-3.5072,0.7843,-0.2489,-3.5126,0.7905,-0.2644,-3.5296,0.8017,-0.2741,-3.5296,0.8017,-0.2741,-3.5438,0.8139,-0.2793,-3.5764,0.816,-0.2719,-3.4979,0.7784,-0.2404,-3.5072,0.7843,-0.2489
,-3.4979,0.7784,-0.2404,-3.4957,0.7765,-0.2435,-3.5078,0.7864,-0.2665,-3.502,0.784,-0.2613,-3.496,0.7789,-0.2705,-3.5112,0.7859,-0.218,-3.4883,0.7596,-0.3096,-3.5655,0.8224,-0.1898,-3.5669,0.8388,-0.1946,-3.6424,0.8799,-0.0665,-3.5669,0.8388,-0.1946,-3.5323,0.8375,-0.1863,-3.5323,0.8375,-0.1863,-3.5554,0.8116,-0.1839,-3.5337,0.8089,-0.1736,-3.5409,0.8057,-0.1779,-3.5337,0.8089,-0.1736
,-3.9782,1.206,-0.1272,-3.9801,1.2072,-0.1277,-3.9935,1.2084,-0.1338,-3.9801,1.2072,-0.1277,-3.9852,1.2089,-0.1303,-3.9792,1.2069,-0.1286,-3.9308,1.2915,-0.0641,-3.9353,1.3105,-0.077,-3.9301,1.2498,-0.0607,-3.9308,1.2915,-0.0641,-3.9455,1.3258,-0.0994,-3.9595,1.3345,-0.1137,-3.9314,1.1276,0.0048,-3.9454,1.1507,-0.0086,-4,1.2128,-0.1345,-3.9935,1.2084,-0.1338,-4,1.341,-0.1243
,-3.9773,1.3392,-0.1212,-3.9915,1.2032,-0.1346,-3.9268,1.2717,-0.0445,-3.9904,1.1583,-0.1157,-4,1.1574,-0.1153,-3.8666,1.0983,0.0295,-3.9035,1.1123,0.0118,-3.9314,1.1276,0.0048,-3.9269,1.2675,-0.0546,-3.9301,1.2498,-0.0607,-3.9364,1.2192,-0.057,-3.9445,1.2053,-0.0424,-3.9316,1.2328,-0.0371,-3.9364,1.2192,-0.057,-3.4931,0.7729,-0.2478,-3.4894,0.7636,-0.2577,-3.5954,0.8058,-0.2887
,-3.5266,0.8256,-0.1802,-3.5196,0.7932,-0.2016,-3.5266,0.8256,-0.1802,-3.5445,0.8459,-0.1937,-3.5445,0.8459,-0.1937,-3.9839,1.2051,-0.1302,-3.9035,1.1123,0.0118,-4.1786,0.109,-0.4565,-4.2049,0.2045,-0.4335,-4.2069,0.1006,-0.4428,-4.2124,0.0957,-0.4108,-4.2204,0.2024,-0.3986,-4.2162,0.1973,-0.3705,-4.2023,0.0936,-0.3886,-4.1841,0.1925,-0.3476,-4.1849,0.0912,-0.3762,-4.1534,0.1901,-0.4135
,-4.1618,0.1031,-0.4396,-4.156,0.188,-0.3642,-4.1641,0.0899,-0.3915,-4.1486,0.189,-0.3893,-4.1581,0.0958,-0.4217,-4.1581,0.0958,-0.4217,-4.2086,0.0598,-0.4946,-4.1786,0.109,-0.4565,-4.2069,0.1006,-0.4428,-4.1878,0.0518,-0.5503,-4.2188,0.0452,-0.5436,-4.1533,0.0559,-0.4916,-4.1786,0.109,-0.4565,-4.1769,0.0699,-0.501,-4.15,0.054,-0.5539,-4.1951,0.0413,-0.3854,-4.1849,0.0912,-0.3762
