{"producer":{"name":"Blender","version":"3.3.1","exporter_version":"3.3.1","file":"boat01c.babylon"},
"autoClear":true,"clearColor":[0.0509,0.0509,0.0509],"gravity":[0,-0.981,0],
"materials":[{"name":"grey","id":"grey","customType":"BABYLON.StandardMaterial","emissive":[0,0,0],"specular":[0,0,0],"specularPower":0,"indexOfRefraction":0.6897, 
"diffuseTexture":{"name":"scene03/textures/planks512.jpg","hasAlpha":false,"level":1,"coordinatesMode":0,"coordinatesIndex":0,"wrapU":1,"wrapV":1}},
{"name":"blue","id":"blue","customType":"BABYLON.StandardMaterial","diffuse":[0,0.0025,0.1445],"emissive":[0,0,0],"specular":[0,0,0],"specularPower":0,"indexOfRefraction":0.6897},
{"name":"Material","id":"Material","customType":"BABYLON.StandardMaterial","diffuse":[0.1775,0.0753,0],"emissive":[0,0,0],"specular":[0,0,0],"specularPower":0,"indexOfRefraction":0.6897},
{"name":"theRobe.001","id":"theRobe.001","customType":"BABYLON.StandardMaterial","diffuse":[0.148,0.0371,0.0086],"emissive":[0,0,0],"specular":[0,0,0],"specularPower":0,"indexOfRefraction":0.6897},
{"name":"Monk01:Low-poly:Eye_brown","id":"Monk01:Low-poly:Eye_brown","customType":"BABYLON.StandardMaterial","emissive":[0,0,0],"specular":[0.5,0.5,0.5],"specularPower":64,"indexOfRefraction":0.6897, 
"diffuseTexture":{"name":"scene03/textures/brown_eye.png","hasAlpha":true,"level":1,"coordinatesMode":0,"coordinatesIndex":0,"wrapU":1,"wrapV":1}},
{"name":"Monk01:Uni1228:Defaultskin.001","id":"Monk01:Uni1228:Defaultskin.001","customType":"BABYLON.StandardMaterial","emissive":[0,0,0],"specular":[0,0,0],"specularPower":0,"indexOfRefraction":0.6897, 
"diffuseTexture":{"name":"scene03/textures/unn1221_newface.png","hasAlpha":true,"level":1,"coordinatesMode":0,"coordinatesIndex":0,"wrapU":1,"wrapV":1}},
{"name":"Material.001","id":"Material.001","customType":"BABYLON.StandardMaterial","diffuse":[0,0,0],"emissive":[0,0,0],"specular":[0.0545,0.0545,0.0545],"specularPower":0,"indexOfRefraction":0.6897}],
"multiMaterials":[{"name":"boat01c.Multimaterial#0","id":"boat01c.Multimaterial#0","materials":["grey","blue"]},{"name":"boat01c.Multimaterial#1","id":"boat01c.Multimaterial#1","materials":["Monk01:Uni1228:Defaultskin.001","Material.001"]}],
"skeletons":[{"name":"Monk01","id":0,"dimensionsAtRest":[0.9621,1.638,0.3125],"bones":[
{"name":"Hips","index":0,"matrix":[-1,0,0,0,0,0.8996,-0.4368,0,0,0.4368,0.8996,0,-10,1.8058,39.3881,1],"rest":[-1,0,0,0,0,0.8996,-0.4368,0,0,0.4368,0.8996,0,-10,2.0793,39.3881,1],"parentBoneIndex":-1,"length":0.0887
,"animation":
{"name":"anim","property":"_matrix","dataType":3,"framePerSecond":24,"loopBehavior":1,"keys":[
{"frame":1,"values":[-1,0,0,0,0,0.8996,-0.4368,0,0,0.4368,0.8996,0,-10,1.8058,39.3881,1]},
{"frame":69,"values":[-1,0,0,0,0,0.8996,-0.4368,0,0,0.4368,0.8996,0,-10,1.8058,39.3881,1]}]}},
{"name":"LHipJoint","index":1,"matrix":[-0.1014,0.1425,-0.9846,0,0.9936,-0.0359,-0.1075,0,-0.0507,-0.9891,-0.1379,0,0,0,0,1],"rest":[-0.1014,0.1425,-0.9846,0,0.9936,-0.0359,-0.1075,0,-0.0507,-0.9891,-0.1379,0,0,0,0,1],"parentBoneIndex":0,"length":0.102
,"animation":
{"name":"anim","property":"_matrix","dataType":3,"framePerSecond":24,"loopBehavior":1,"keys":[
{"frame":1,"values":[-0.1014,0.1425,-0.9846,0,0.9936,-0.0359,-0.1075,0,-0.0507,-0.9891,-0.1379,0,0,0,0,1]},
{"frame":69,"values":[-0.1014,0.1425,-0.9846,0,0.9936,-0.0359,-0.1075,0,-0.0507,-0.9891,-0.1379,0,0,0,0,1]}]}},
{"name":"LeftUpLeg","index":2,"matrix":[-0.03,0.9913,-0.1285,0,-0.812,0.0508,0.5815,0,0.5829,0.1218,0.8034,0,0,0.102,0,1],"rest":[-0.1458,0.9784,-0.1465,0,0.2107,0.1754,0.9617,0,0.9666,0.1094,-0.2317,0,0,0.102,0,1],"parentBoneIndex":1,"length":0.3944
,"animation":
{"name":"anim","property":"_matrix","dataType":3,"framePerSecond":24,"loopBehavior":1,"keys":[
{"frame":1,"values":[-0.03,0.9913,-0.1285,0,-0.812,0.0508,0.5815,0,0.5829,0.1218,0.8034,0,0,0.102,0,1]},
{"frame":69,"values":[-0.03,0.9913,-0.1285,0,-0.812,0.0508,0.5815,0,0.5829,0.1218,0.8034,0,0,0.102,0,1]}]}},
{"name":"LeftLeg","index":3,"matrix":[0.9951,0.0732,-0.066,0,0.0395,0.3167,0.9477,0,0.0903,-0.9457,0.3123,0,0,0.3944,0,1],"rest":[0.9999,0.0112,0.0132,0,-0.0127,0.9929,0.118,0,-0.0117,-0.1181,0.9929,0,0,0.3944,0,1],"parentBoneIndex":2,"length":0.4076
,"animation":
{"name":"anim","property":"_matrix","dataType":3,"framePerSecond":24,"loopBehavior":1,"keys":[
{"frame":1,"values":[0.9951,0.0732,-0.066,0,0.0395,0.3167,0.9477,0,0.0903,-0.9457,0.3123,0,0,0.3944,0,1]},
{"frame":69,"values":[0.9951,0.0732,-0.066,0,0.0395,0.3167,0.9477,0,0.0903,-0.9457,0.3123,0,0,0.3944,0,1]}]}},
{"name":"LeftFoot","index":4,"matrix":[0.9974,-0.0212,0.0683,0,0.0715,0.295,-0.9528,0,0,0.9553,0.2958,0,0,0.4076,0,1],"rest":[0.9974,-0.0212,0.0683,0,0.0715,0.295,-0.9528,0,0,0.9553,0.2958,0,0,0.4076,0,1],"parentBoneIndex":3,"length":0.1389
,"animation":
{"name":"anim","property":"_matrix","dataType":3,"framePerSecond":24,"loopBehavior":1,"keys":[
{"frame":1,"values":[0.9974,-0.0212,0.0683,0,0.0715,0.295,-0.9528,0,0,0.9553,0.2958,0,0,0.4076,0,1]},
{"frame":69,"values":[0.9974,-0.0212,0.0683,0,0.0715,0.295,-0.9528,0,0,0.9553,0.2958,0,0,0.4076,0,1]}]}},
{"name":"LowerBack","index":5,"matrix":[0.999,0.0437,-0.01,0,-0.0095,0.4244,0.9054,0,0.0438,-0.9044,0.4243,0,0,0.0887,0,1],"rest":[1,0,0,0,0,0.8404,0.542,0,0,-0.542,0.8404,0,0,0.0887,0,1],"parentBoneIndex":0,"length":0.1423
,"animation":
{"name":"anim","property":"_matrix","dataType":3,"framePerSecond":24,"loopBehavior":1,"keys":[
{"frame":1,"values":[0.9992,-0.0093,-0.0382,0,0.038,0.478,0.8776,0,0.0102,-0.8783,0.478,0,0,0.0887,0,1]},
{"frame":2,"values":[0.9992,-0.0105,-0.0394,0,0.0397,0.476,0.8785,0,0.0095,-0.8794,0.476,0,0,0.0887,0,1]},
{"frame":3,"values":[0.9991,-0.0118,-0.0406,0,0.0414,0.4741,0.8795,0,0.0089,-0.8804,0.4741,0,0,0.0887,0,1]},
{"frame":4,"values":[0.9992,-0.0055,-0.04,0,0.0378,0.4779,0.8776,0,0.0143,-0.8784,0.4777,0,0,0.0887,0,1]},
{"frame":5,"values":[0.9992,0.0008,-0.0394,0,0.0341,0.4817,0.8757,0,0.0197,-0.8764,0.4813,0,0,0.0887,0,1]},
{"frame":6,"values":[0.9993,0.0023,-0.036,0,0.0303,0.4882,0.8722,0,0.0196,-0.8727,0.4878,0,0,0.0887,0,1]},
{"frame":7,"values":[0.9995,0.0039,-0.0327,0,0.0265,0.4947,0.8687,0,0.0195,-0.8691,0.4943,0,0,0.0887,0,1]},
{"frame":8,"values":[0.9996,-0.0009,-0.028,0,0.0247,0.4989,0.8663,0,0.0133,-0.8667,0.4987,0,0,0.0887,0,1]},
{"frame":9,"values":[0.9997,-0.0055,-0.0234,0,0.023,0.5031,0.8639,0,0.007,-0.8642,0.5031,0,0,0.0887,0,1]},
{"frame":10,"values":[0.9997,-0.0035,-0.0243,0,0.0226,0.5149,0.857,0,0.0095,-0.8572,0.5148,0,0,0.0887,0,1]},
{"frame":11,"values":[0.9997,-0.0016,-0.0252,0,0.0223,0.5266,0.8498,0,0.012,-0.8501,0.5264,0,0,0.0887,0,1]},
{"frame":12,"values":[0.9996,-0.0058,-0.0292,0,0.0277,0.5366,0.8434,0,0.0108,-0.8438,0.5365,0,0,0.0887,0,1]},
{"frame":13,"values":[0.9994,-0.0101,-0.0331,0,0.0332,0.5465,0.8368,0,0.0097,-0.8374,0.5465,0,0,0.0887,0,1]},
{"frame":14,"values":[0.9994,-0.0071,-0.0325,0,0.0309,0.5583,0.8291,0,0.0123,-0.8296,0.5582,0,0,0.0887,0,1]},
{"frame":15,"values":[0.9995,-0.0041,-0.032,0,0.0286,0.57,0.8212,0,0.0148,-0.8217,0.5698,0,0,0.0887,0,1]},
{"frame":16,"values":[0.9995,-0.0027,-0.0316,0,0.0271,0.5887,0.8079,0,0.0164,-0.8083,0.5885,0,0,0.0887,0,1]},
{"frame":17,"values":[0.9995,-0.0014,-0.0312,0,0.0256,0.6072,0.7941,0,0.0179,-0.7945,0.6069,0,0,0.0887,0,1]},
{"frame":18,"values":[0.9995,0.002,-0.0329,0,0.0244,0.6257,0.7797,0,0.0222,-0.7801,0.6253,0,0,0.0887,0,1]},
{"frame":19,"values":[0.9994,0.0053,-0.0347,0,0.0231,0.6438,0.7649,0,0.0264,-0.7652,0.6433,0,0,0.0887,0,1]},
{"frame":20,"values":[0.9994,0.0206,-0.0264,0,0.0061,0.6619,0.7496,0,0.0329,-0.7493,0.6614,0,0,0.0887,0,1]},
{"frame":21,"values":[0.9992,0.036,-0.0185,0,-0.0109,0.6794,0.7337,0,0.039,-0.7329,0.6793,0,0,0.0887,0,1]},
{"frame":22,"values":[0.9992,0.034,-0.0188,0,-0.0102,0.6959,0.718,0,0.0375,-0.7173,0.6957,0,0,0.0887,0,1]},
{"frame":23,"values":[0.9993,0.032,-0.0191,0,-0.0094,0.7121,0.702,0,0.0361,-0.7014,0.7119,0,0,0.0887,0,1]},
{"frame":24,"values":[0.9991,0.0377,-0.0206,0,-0.0133,0.7273,0.6862,0,0.0408,-0.6853,0.7271,0,0,0.0887,0,1]},
{"frame":25,"values":[0.9988,0.0434,-0.0222,0,-0.0174,0.7422,0.67,0,0.0455,-0.6688,0.742,0,0,0.0887,0,1]},
{"frame":26,"values":[0.9988,0.0413,-0.0245,0,-0.0152,0.7561,0.6543,0,0.0455,-0.6531,0.7559,0,0,0.0887,0,1]},
{"frame":27,"values":[0.9989,0.0392,-0.0268,0,-0.0131,0.7697,0.6382,0,0.0456,-0.6372,0.7694,0,0,0.0887,0,1]},
{"frame":28,"values":[0.9992,0.0277,-0.0277,0,-0.0045,0.7838,0.621,0,0.0389,-0.6204,0.7833,0,0,0.0887,0,1]},
{"frame":29,"values":[0.9995,0.0161,-0.0283,0,0.0043,0.7973,0.6036,0,0.0323,-0.6034,0.7968,0,0,0.0887,0,1]},
{"frame":30,"values":[0.9996,0.0125,-0.0255,0,0.0049,0.8088,0.588,0,0.0279,-0.5879,0.8085,0,0,0.0887,0,1]},
{"frame":31,"values":[0.9997,0.009,-0.0225,0,0.0055,0.8201,0.5722,0,0.0236,-0.5722,0.8198,0,0,0.0887,0,1]},
{"frame":32,"values":[0.9997,0.0076,-0.022,0,0.006,0.8311,0.5561,0,0.0225,-0.5561,0.8308,0,0,0.0887,0,1]},
{"frame":33,"values":[0.9997,0.0062,-0.0215,0,0.0064,0.8418,0.5397,0,0.0215,-0.5397,0.8416,0,0,0.0887,0,1]},
{"frame":34,"values":[0.9998,0.0089,-0.0174,0,0.0015,0.8516,0.5242,0,0.0195,-0.5241,0.8514,0,0,0.0887,0,1]},
{"frame":35,"values":[0.9998,0.0118,-0.0133,0,-0.0034,0.8611,0.5084,0,0.0175,-0.5083,0.861,0,0,0.0887,0,1]},
{"frame":36,"values":[0.9999,0.0108,-0.0098,0,-0.0045,0.8685,0.4957,0,0.0139,-0.4956,0.8684,0,0,0.0887,0,1]},
{"frame":37,"values":[0.9999,0.0099,-0.0064,0,-0.0056,0.8757,0.4829,0,0.0104,-0.4828,0.8757,0,0,0.0887,0,1]},
{"frame":38,"values":[0.9999,0.0102,-0.0068,0,-0.0058,0.8783,0.478,0,0.0108,-0.4779,0.8783,0,0,0.0887,0,1]},
{"frame":39,"values":[0.9999,0.0106,-0.0072,0,-0.0059,0.881,0.4731,0,0.0113,-0.473,0.881,0,0,0.0887,0,1]},
{"frame":40,"values":[0.9999,0.012,-0.0117,0,-0.0051,0.8825,0.4702,0,0.0159,-0.4701,0.8825,0,0,0.0887,0,1]},
{"frame":41,"values":[0.9998,0.0134,-0.0162,0,-0.0042,0.884,0.4674,0,0.0206,-0.4672,0.8839,0,0,0.0887,0,1]},
{"frame":42,"values":[0.9996,0.0166,-0.0234,0,-0.0037,0.882,0.4713,0,0.0285,-0.471,0.8817,0,0,0.0887,0,1]},
{"frame":43,"values":[0.9993,0.0199,-0.0305,0,-0.0031,0.8799,0.4751,0,0.0363,-0.4747,0.8794,0,0,0.0887,0,1]},
{"frame":44,"values":[0.9994,0.0174,-0.0287,0,-0.0016,0.879,0.4769,0,0.0335,-0.4765,0.8785,0,0,0.0887,0,1]},
{"frame":45,"values":[0.9995,0.0148,-0.0269,0,-0.0002,0.878,0.4786,0,0.0307,-0.4784,0.8776,0,0,0.0887,0,1]},
{"frame":46,"values":[0.9993,0.0233,-0.0277,0,-0.0068,0.8728,0.4881,0,0.0355,-0.4876,0.8724,0,0,0.0887,0,1]},
{"frame":47,"values":[0.9991,0.0317,-0.0284,0,-0.0134,0.8674,0.4975,0,0.0404,-0.4966,0.867,0,0,0.0887,0,1]},
{"frame":48,"values":[0.9992,0.032,-0.0243,0,-0.0152,0.8615,0.5075,0,0.0372,-0.5067,0.8613,0,0,0.0887,0,1]},
{"frame":49,"values":[0.9993,0.0322,-0.0202,0,-0.0171,0.8556,0.5174,0,0.034,-0.5167,0.8555,0,0,0.0887,0,1]},
{"frame":50,"values":[0.9993,0.0271,-0.0256,0,-0.0093,0.8468,0.5319,0,0.0361,-0.5313,0.8464,0,0,0.0887,0,1]},
{"frame":51,"values":[0.9993,0.022,-0.0311,0,-0.0015,0.8376,0.5462,0,0.038,-0.5458,0.8371,0,0,0.0887,0,1]},
{"frame":52,"values":[0.9992,0.0237,-0.0308,0,-0.0017,0.8178,0.5756,0,0.0388,-0.5751,0.8172,0,0,0.0887,0,1]},
{"frame":53,"values":[0.9992,0.0253,-0.0304,0,-0.0018,0.7968,0.6042,0,0.0395,-0.6036,0.7963,0,0,0.0887,0,1]},
{"frame":54,"values":[0.9992,0.0257,-0.0314,0,0.0008,0.7621,0.6474,0,0.0406,-0.6469,0.7615,0,0,0.0887,0,1]},
{"frame":55,"values":[0.9991,0.0261,-0.0324,0,0.0034,0.7251,0.6886,0,0.0415,-0.6882,0.7244,0,0,0.0887,0,1]},
{"frame":56,"values":[0.999,-0.0043,-0.0439,0,0.0355,0.6681,0.7432,0,0.0261,-0.744,0.6676,0,0,0.0887,0,1]},
{"frame":57,"values":[0.9978,-0.0336,-0.0577,0,0.0663,0.606,0.7927,0,0.0083,-0.7947,0.6069,0,0,0.0887,0,1]},
{"frame":58,"values":[0.9981,-0.0306,-0.0532,0,0.0612,0.563,0.8242,0,0.0048,-0.8259,0.5638,0,0,0.0887,0,1]},
{"frame":59,"values":[0.9984,-0.0277,-0.0485,0,0.0559,0.5184,0.8533,0,0.0015,-0.8547,0.5191,0,0,0.0887,0,1]},
{"frame":60,"values":[0.9994,0.0043,-0.034,0,0.0274,0.4928,0.8697,0,0.0205,-0.8701,0.4924,0,0,0.0887,0,1]},
{"frame":61,"values":[0.9992,0.0359,-0.0185,0,-0.0004,0.4659,0.8849,0,0.0404,-0.8841,0.4655,0,0,0.0887,0,1]},
{"frame":62,"values":[0.9992,0.033,-0.0218,0,0.0049,0.4433,0.8964,0,0.0392,-0.8958,0.4427,0,0,0.0887,0,1]},
{"frame":63,"values":[0.9992,0.0301,-0.0251,0,0.0101,0.4203,0.9073,0,0.0379,-0.9069,0.4197,0,0,0.0887,0,1]},
{"frame":64,"values":[0.9992,0.0314,-0.0242,0,0.0091,0.4145,0.91,0,0.0386,-0.9095,0.4139,0,0,0.0887,0,1]},
{"frame":65,"values":[0.9992,0.0327,-0.0234,0,0.008,0.4087,0.9126,0,0.0394,-0.9121,0.4081,0,0,0.0887,0,1]},
{"frame":66,"values":[0.9992,0.0346,-0.0184,0,0.0027,0.4082,0.9129,0,0.0391,-0.9122,0.4078,0,0,0.0887,0,1]},
{"frame":67,"values":[0.9992,0.0364,-0.0135,0,-0.0025,0.4077,0.9131,0,0.0388,-0.9124,0.4075,0,0,0.0887,0,1]},
{"frame":68,"values":[0.9991,0.0401,-0.0117,0,-0.006,0.4161,0.9093,0,0.0413,-0.9085,0.4159,0,0,0.0887,0,1]},
{"frame":69,"values":[0.999,0.0437,-0.01,0,-0.0095,0.4244,0.9054,0,0.0438,-0.9044,0.4243,0,0,0.0887,0,1]}]}},
{"name":"Spine","index":6,"matrix":[1,0,0,0,0,0.9816,-0.1911,0,0,0.1911,0.9816,0,0,0.1423,0,1],"rest":[1,0,0,0,0,0.9816,-0.1911,0,0,0.1911,0.9816,0,0,0.1423,0,1],"parentBoneIndex":5,"length":0.1443
,"animation":
{"name":"anim","property":"_matrix","dataType":3,"framePerSecond":24,"loopBehavior":1,"keys":[
{"frame":1,"values":[1,0,0,0,0,0.9816,-0.1911,0,0,0.1911,0.9816,0,0,0.1423,0,1]},
{"frame":10,"values":[1,0,0,0,0,0.9816,-0.1911,0,0,0.1911,0.9816,0,0,0.1424,0,1]},
{"frame":11,"values":[1,0,0,0,0,0.9816,-0.1911,0,0,0.1911,0.9816,0,0,0.1423,0,1]},
{"frame":69,"values":[1,0,0,0,0,0.9816,-0.1911,0,0,0.1911,0.9816,0,0,0.1423,0,1]}]}},
{"name":"Spine1","index":7,"matrix":[0.9999,0.0132,-0.0105,0,-0.0118,0.9926,0.1206,0,0.012,-0.1205,0.9926,0,0,0.1443,0,1],"rest":[1,0,0,0,0,0.9787,0.2053,0,0,-0.2053,0.9787,0,0,0.1443,0,1],"parentBoneIndex":6,"length":0.1766
,"animation":
{"name":"anim","property":"_matrix","dataType":3,"framePerSecond":24,"loopBehavior":1,"keys":[
{"frame":1,"values":[0.9997,-0.0245,-0.0081,0,0.0251,0.996,0.0856,0,0.0059,-0.0858,0.9963,0,0,0.1443,0,1]},
{"frame":2,"values":[0.9997,-0.0245,-0.0078,0,0.0251,0.9965,0.0792,0,0.0059,-0.0794,0.9968,0,0,0.1443,0,1]},
{"frame":3,"values":[0.9997,-0.0245,-0.0076,0,0.025,0.997,0.0729,0,0.0058,-0.073,0.9973,0,0,0.1443,0,1]},
{"frame":4,"values":[0.9998,-0.0195,-0.0083,0,0.0201,0.9973,0.0711,0,0.0069,-0.0713,0.9974,0,0,0.1443,0,1]},
{"frame":5,"values":[0.9999,-0.0146,-0.009,0,0.0152,0.9975,0.0694,0,0.008,-0.0695,0.9976,0,0,0.1443,0,1]},
{"frame":6,"values":[0.9999,-0.011,-0.0082,0,0.0115,0.9978,0.0652,0,0.0075,-0.0653,0.9978,0,0,0.1443,0,1]},
{"frame":7,"values":[0.9999,-0.0075,-0.0075,0,0.0079,0.9981,0.0611,0,0.007,-0.0612,0.9981,0,0,0.1443,0,1]},
{"frame":8,"values":[1,-0.0013,-0.0053,0,0.0016,0.9984,0.0573,0,0.0052,-0.0573,0.9983,0,0,0.1443,0,1]},
{"frame":9,"values":[1,0.0049,-0.0031,0,-0.0047,0.9986,0.0534,0,0.0034,-0.0534,0.9986,0,0,0.1443,0,1]},
{"frame":10,"values":[1,0.005,-0.0034,0,-0.0048,0.9983,0.0575,0,0.0037,-0.0575,0.9983,0,0,0.1443,0,1]},
{"frame":11,"values":[1,0.0052,-0.0037,0,-0.0049,0.9981,0.0617,0,0.004,-0.0616,0.9981,0,0,0.1443,0,1]},
{"frame":12,"values":[1,0.0004,-0.0032,0,-0.0002,0.998,0.0629,0,0.0033,-0.0629,0.998,0,0,0.1443,0,1]},
{"frame":13,"values":[1,-0.0044,-0.0028,0,0.0046,0.9979,0.0641,0,0.0025,-0.0641,0.9979,0,0,0.1443,0,1]},
{"frame":14,"values":[1,-0.0059,-0.0028,0,0.0061,0.9977,0.0682,0,0.0023,-0.0682,0.9977,0,0,0.1443,0,1]},
{"frame":15,"values":[1,-0.0075,-0.0027,0,0.0077,0.9974,0.0722,0,0.0022,-0.0722,0.9974,0,0,0.1443,0,1]},
{"frame":16,"values":[1,-0.008,-0.0024,0,0.0082,0.9968,0.0797,0,0.0018,-0.0797,0.9968,0,0,0.1443,0,1]},
{"frame":17,"values":[1,-0.0086,-0.0021,0,0.0087,0.9962,0.0871,0,0.0013,-0.0871,0.9962,0,0,0.1443,0,1]},
{"frame":18,"values":[0.9999,-0.0105,-0.0026,0,0.0107,0.9956,0.0934,0,0.0016,-0.0935,0.9956,0,0,0.1443,0,1]},
{"frame":19,"values":[0.9999,-0.0125,-0.0031,0,0.0127,0.9949,0.0997,0,0.0019,-0.0998,0.995,0,0,0.1443,0,1]},
{"frame":20,"values":[0.9999,-0.0115,-0.0044,0,0.0119,0.9944,0.1051,0,0.0032,-0.1051,0.9945,0,0,0.1443,0,1]},
{"frame":21,"values":[0.9999,-0.0106,-0.0056,0,0.0111,0.9938,0.1104,0,0.0044,-0.1105,0.9939,0,0,0.1443,0,1]},
{"frame":22,"values":[1,-0.0085,-0.0047,0,0.009,0.9928,0.1191,0,0.0037,-0.1191,0.9929,0,0,0.1443,0,1]},
{"frame":23,"values":[1,-0.0064,-0.0038,0,0.0069,0.9918,0.1277,0,0.0029,-0.1277,0.9918,0,0,0.1443,0,1]},
{"frame":24,"values":[1,-0.0066,-0.0048,0,0.0072,0.9909,0.134,0,0.0039,-0.1341,0.991,0,0,0.1443,0,1]},
{"frame":25,"values":[1,-0.0067,-0.0058,0,0.0075,0.9901,0.1404,0,0.0048,-0.1404,0.9901,0,0,0.1443,0,1]},
{"frame":26,"values":[0.9999,-0.0088,-0.0054,0,0.0095,0.9889,0.1484,0,0.004,-0.1484,0.9889,0,0,0.1443,0,1]},
{"frame":27,"values":[0.9999,-0.011,-0.005,0,0.0116,0.9876,0.1563,0,0.0032,-0.1564,0.9877,0,0,0.1443,0,1]},
{"frame":28,"values":[1,-0.0093,-0.0022,0,0.0095,0.9865,0.1638,0,0.0007,-0.1638,0.9865,0,0,0.1443,0,1]},
{"frame":29,"values":[1,-0.0077,0.0005,0,0.0075,0.9852,0.1712,0,-0.0018,-0.1712,0.9852,0,0,0.1443,0,1]},
{"frame":30,"values":[1,-0.009,0.0022,0,0.0085,0.9848,0.1733,0,-0.0037,-0.1733,0.9849,0,0,0.1443,0,1]},
{"frame":31,"values":[0.9999,-0.0104,0.0039,0,0.0096,0.9844,0.1754,0,-0.0056,-0.1754,0.9845,0,0,0.1443,0,1]},
{"frame":32,"values":[0.9999,-0.0101,0.0044,0,0.0091,0.9838,0.179,0,-0.0062,-0.1789,0.9838,0,0,0.1443,0,1]},
{"frame":33,"values":[0.9999,-0.0097,0.005,0,0.0087,0.9832,0.1825,0,-0.0067,-0.1825,0.9832,0,0,0.1443,0,1]},
{"frame":34,"values":[1,-0.0075,0.0057,0,0.0063,0.9827,0.1849,0,-0.007,-0.1849,0.9827,0,0,0.1443,0,1]},
{"frame":35,"values":[1,-0.0053,0.0063,0,0.004,0.9823,0.1873,0,-0.0072,-0.1873,0.9823,0,0,0.1443,0,1]},
{"frame":36,"values":[1,-0.0044,0.0071,0,0.0029,0.9812,0.193,0,-0.0078,-0.1929,0.9812,0,0,0.1443,0,1]},
{"frame":37,"values":[1,-0.0035,0.0079,0,0.0018,0.9801,0.1986,0,-0.0085,-0.1986,0.98,0,0,0.1443,0,1]},
{"frame":38,"values":[1,-0.0021,0.0076,0,0.0005,0.9796,0.2009,0,-0.0079,-0.2009,0.9796,0,0,0.1443,0,1]},
{"frame":39,"values":[1,-0.0006,0.0073,0,-0.0008,0.9791,0.2032,0,-0.0072,-0.2032,0.9791,0,0,0.1443,0,1]},
{"frame":40,"values":[1,0,0.0057,0,-0.0012,0.979,0.2039,0,-0.0056,-0.2039,0.979,0,0,0.1443,0,1]},
{"frame":41,"values":[1,0.0007,0.0042,0,-0.0016,0.9789,0.2046,0,-0.0039,-0.2046,0.9788,0,0,0.1443,0,1]},
{"frame":42,"values":[1,0.0009,0.0016,0,-0.0012,0.979,0.204,0,-0.0014,-0.204,0.979,0,0,0.1443,0,1]},
{"frame":43,"values":[1,0.001,-0.001,0,-0.0008,0.9791,0.2034,0,0.0011,-0.2034,0.9791,0,0,0.1443,0,1]},
{"frame":44,"values":[1,0.0019,-0.0006,0,-0.0017,0.9789,0.2042,0,0.0009,-0.2042,0.9789,0,0,0.1443,0,1]},
{"frame":45,"values":[1,0.0028,-0.0002,0,-0.0027,0.9787,0.2051,0,0.0008,-0.2051,0.9787,0,0,0.1443,0,1]},
{"frame":46,"values":[1,0.0081,-0.0033,0,-0.0073,0.9782,0.2076,0,0.0049,-0.2076,0.9782,0,0,0.1443,0,1]},
{"frame":47,"values":[0.9999,0.0135,-0.0064,0,-0.0118,0.9776,0.2102,0,0.0091,-0.2101,0.9776,0,0,0.1443,0,1]},
{"frame":48,"values":[0.9998,0.0169,-0.0059,0,-0.0153,0.9772,0.2119,0,0.0094,-0.2118,0.9773,0,0,0.1443,0,1]},
{"frame":49,"values":[0.9998,0.0204,-0.0055,0,-0.0187,0.9768,0.2136,0,0.0097,-0.2134,0.9769,0,0,0.1443,0,1]},
{"frame":50,"values":[0.9998,0.0209,-0.0061,0,-0.0191,0.9776,0.2094,0,0.0103,-0.2092,0.9778,0,0,0.1443,0,1]},
{"frame":51,"values":[0.9997,0.0214,-0.0066,0,-0.0196,0.9785,0.2052,0,0.0109,-0.2051,0.9787,0,0,0.1443,0,1]},
{"frame":52,"values":[0.9997,0.0213,-0.0075,0,-0.0194,0.9807,0.1945,0,0.0115,-0.1943,0.9809,0,0,0.1443,0,1]},
{"frame":53,"values":[0.9997,0.0212,-0.0083,0,-0.0193,0.9828,0.1837,0,0.012,-0.1835,0.983,0,0,0.1443,0,1]},
{"frame":54,"values":[0.9998,0.0179,-0.0087,0,-0.0161,0.9839,0.1779,0,0.0117,-0.1777,0.984,0,0,0.1443,0,1]},
{"frame":55,"values":[0.9999,0.0146,-0.009,0,-0.0128,0.985,0.172,0,0.0114,-0.1719,0.985,0,0,0.1443,0,1]},
{"frame":56,"values":[1,0.0075,-0.0064,0,-0.0063,0.986,0.1667,0,0.0076,-0.1666,0.986,0,0,0.1443,0,1]},
{"frame":57,"values":[1,0.0005,-0.0038,0,0.0002,0.9869,0.1613,0,0.0038,-0.1613,0.9869,0,0,0.1443,0,1]},
{"frame":58,"values":[1,-0.0025,-0.004,0,0.0032,0.986,0.1667,0,0.0035,-0.1667,0.986,0,0,0.1443,0,1]},
{"frame":59,"values":[1,-0.0055,-0.0042,0,0.0062,0.9851,0.172,0,0.0032,-0.172,0.9851,0,0,0.1443,0,1]},
{"frame":60,"values":[1,0.0007,-0.0074,0,0.0005,0.9858,0.1678,0,0.0074,-0.1678,0.9858,0,0,0.1443,0,1]},
{"frame":61,"values":[0.9999,0.0069,-0.0105,0,-0.0051,0.9865,0.1636,0,0.0115,-0.1635,0.9865,0,0,0.1443,0,1]},
{"frame":62,"values":[0.9999,0.0092,-0.0108,0,-0.0075,0.988,0.1544,0,0.0121,-0.1543,0.9879,0,0,0.1443,0,1]},
{"frame":63,"values":[0.9999,0.0115,-0.0111,0,-0.0098,0.9893,0.1453,0,0.0126,-0.1451,0.9893,0,0,0.1443,0,1]},
{"frame":64,"values":[0.9999,0.0105,-0.0112,0,-0.0088,0.9895,0.1445,0,0.0126,-0.1444,0.9894,0,0,0.1443,0,1]},
{"frame":65,"values":[0.9999,0.0095,-0.0114,0,-0.0077,0.9896,0.1437,0,0.0127,-0.1436,0.9896,0,0,0.1443,0,1]},
{"frame":66,"values":[0.9999,0.0108,-0.0107,0,-0.0092,0.9902,0.1396,0,0.0121,-0.1395,0.9902,0,0,0.1443,0,1]},
{"frame":67,"values":[0.9999,0.0122,-0.01,0,-0.0107,0.9907,0.1355,0,0.0115,-0.1353,0.9907,0,0,0.1443,0,1]},
{"frame":68,"values":[0.9999,0.0127,-0.0102,0,-0.0113,0.9917,0.128,0,0.0118,-0.1279,0.9917,0,0,0.1443,0,1]},
{"frame":69,"values":[0.9999,0.0132,-0.0105,0,-0.0118,0.9926,0.1206,0,0.012,-0.1205,0.9926,0,0,0.1443,0,1]}]}},
{"name":"LeftShoulder","index":8,"matrix":[-0.2216,-0.9617,0.1614,0,0.9635,-0.1905,0.188,0,-0.15,0.1972,0.9688,0,0.0227,0.1083,0.026,1],"rest":[-0.1509,-0.9694,0.1935,0,0.9882,-0.1528,0.0051,0,0.0246,0.192,0.9811,0,0.0227,0.1083,0.026,1],"parentBoneIndex":7,"length":0.1491
,"animation":
{"name":"anim","property":"_matrix","dataType":3,"framePerSecond":24,"loopBehavior":1,"keys":[
{"frame":1,"values":[-0.2216,-0.9617,0.1614,0,0.9635,-0.1905,0.188,0,-0.15,0.1972,0.9688,0,0.0227,0.1083,0.026,1]},
{"frame":2,"values":[-0.2216,-0.9617,0.1614,0,0.9635,-0.1905,0.188,0,-0.15,0.1972,0.9688,0,0.0227,0.1083,0.0259,1]},
{"frame":3,"values":[-0.2216,-0.9617,0.1614,0,0.9635,-0.1905,0.188,0,-0.15,0.1972,0.9688,0,0.0227,0.1083,0.026,1]},
{"frame":9,"values":[-0.2216,-0.9617,0.1614,0,0.9635,-0.1905,0.188,0,-0.15,0.1972,0.9688,0,0.0227,0.1083,0.0259,1]},
{"frame":10,"values":[-0.2216,-0.9617,0.1614,0,0.9635,-0.1905,0.188,0,-0.15,0.1972,0.9688,0,0.0227,0.1083,0.026,1]},
{"frame":26,"values":[-0.2216,-0.9617,0.1614,0,0.9635,-0.1905,0.188,0,-0.15,0.1972,0.9688,0,0.0227,0.1083,0.0259,1]},
{"frame":28,"values":[-0.2216,-0.9617,0.1614,0,0.9635,-0.1905,0.188,0,-0.15,0.1972,0.9688,0,0.0227,0.1083,0.026,1]},
{"frame":30,"values":[-0.2216,-0.9617,0.1614,0,0.9635,-0.1905,0.188,0,-0.15,0.1972,0.9688,0,0.0227,0.1083,0.0259,1]},
{"frame":31,"values":[-0.2216,-0.9617,0.1614,0,0.9635,-0.1905,0.188,0,-0.15,0.1972,0.9688,0,0.0227,0.1083,0.026,1]},
{"frame":39,"values":[-0.2216,-0.9617,0.1614,0,0.9635,-0.1905,0.188,0,-0.15,0.1972,0.9688,0,0.0227,0.1083,0.0259,1]},
{"frame":40,"values":[-0.2216,-0.9617,0.1614,0,0.9635,-0.1905,0.188,0,-0.15,0.1972,0.9688,0,0.0227,0.1083,0.026,1]},
{"frame":47,"values":[-0.2216,-0.9617,0.1614,0,0.9635,-0.1905,0.188,0,-0.15,0.1972,0.9688,0,0.0227,0.1083,0.0259,1]},
{"frame":48,"values":[-0.2216,-0.9617,0.1614,0,0.9635,-0.1905,0.188,0,-0.15,0.1972,0.9688,0,0.0227,0.1083,0.026,1]},
{"frame":49,"values":[-0.2216,-0.9617,0.1614,0,0.9635,-0.1905,0.188,0,-0.15,0.1972,0.9688,0,0.0227,0.1083,0.0259,1]},
{"frame":50,"values":[-0.2216,-0.9617,0.1614,0,0.9635,-0.1905,0.188,0,-0.15,0.1972,0.9688,0,0.0227,0.1083,0.026,1]},
{"frame":56,"values":[-0.2216,-0.9617,0.1614,0,0.9635,-0.1905,0.188,0,-0.15,0.1972,0.9688,0,0.0227,0.1083,0.0259,1]},
{"frame":57,"values":[-0.2216,-0.9617,0.1614,0,0.9635,-0.1905,0.188,0,-0.15,0.1972,0.9688,0,0.0227,0.1083,0.026,1]},
{"frame":69,"values":[-0.2216,-0.9617,0.1614,0,0.9635,-0.1905,0.188,0,-0.15,0.1972,0.9688,0,0.0227,0.1083,0.026,1]}]}},
{"name":"LeftArm","index":9,"matrix":[0.8479,-0.5097,-0.146,0,0.3513,0.3339,0.8747,0,-0.3971,-0.7929,0.4621,0,0,0.1491,0,1],"rest":[0.7716,-0.6359,-0.0161,0,0.6356,0.7717,-0.0235,0,0.0274,0.0079,0.9996,0,0,0.1491,0,1],"parentBoneIndex":8,"length":0.2421
,"animation":
{"name":"anim","property":"_matrix","dataType":3,"framePerSecond":24,"loopBehavior":1,"keys":[
{"frame":1,"values":[0.8647,-0.4706,-0.1756,0,0.3698,0.3598,0.8566,0,-0.34,-0.8057,0.4851,0,0,0.1491,0,1]},
{"frame":2,"values":[0.8344,-0.5355,-0.1306,0,0.3476,0.3273,0.8787,0,-0.4278,-0.7785,0.4593,0,0,0.1491,0,1]},
{"frame":3,"values":[0.7966,-0.598,-0.0878,0,0.3218,0.2967,0.8991,0,-0.5117,-0.7445,0.4288,0,0,0.1491,0,1]},
{"frame":4,"values":[0.7833,-0.6173,-0.0728,0,0.3048,0.2795,0.9105,0,-0.5417,-0.7354,0.4071,0,0,0.1491,0,1]},
{"frame":5,"values":[0.7691,-0.6364,-0.0583,0,0.2871,0.2626,0.9212,0,-0.5709,-0.7252,0.3847,0,0,0.1491,0,1]},
{"frame":6,"values":[0.7579,-0.6507,-0.047,0,0.281,0.2607,0.9236,0,-0.5887,-0.7132,0.3804,0,0,0.1491,0,1]},
{"frame":7,"values":[0.7463,-0.6647,-0.0357,0,0.2748,0.2589,0.926,0,-0.6062,-0.7009,0.3759,0,0,0.1491,0,1]},
{"frame":8,"values":[0.7409,-0.6709,-0.029,0,0.274,0.2626,0.9252,0,-0.6131,-0.6935,0.3784,0,0,0.1491,0,1]},
{"frame":9,"values":[0.7355,-0.6771,-0.0223,0,0.2733,0.2664,0.9243,0,-0.62,-0.686,0.3809,0,0,0.1491,0,1]},
{"frame":10,"values":[0.7371,-0.6755,-0.0222,0,0.2742,0.2689,0.9233,0,-0.6177,-0.6866,0.3834,0,0,0.1491,0,1]},
{"frame":11,"values":[0.7386,-0.6738,-0.022,0,0.275,0.2714,0.9223,0,-0.6155,-0.6873,0.3858,0,0,0.1491,0,1]},
{"frame":12,"values":[0.7469,-0.6642,-0.0319,0,0.2856,0.277,0.9174,0,-0.6005,-0.6944,0.3966,0,0,0.1491,0,1]},
{"frame":13,"values":[0.7549,-0.6545,-0.042,0,0.296,0.2828,0.9124,0,-0.5852,-0.7012,0.4072,0,0,0.1491,0,1]},
{"frame":14,"values":[0.778,-0.6247,-0.0673,0,0.3132,0.2927,0.9035,0,-0.5447,-0.7239,0.4234,0,0,0.1491,0,1]},
{"frame":15,"values":[0.7991,-0.594,-0.0932,0,0.3297,0.3033,0.894,0,-0.5028,-0.7451,0.4382,0,0,0.1491,0,1]},
{"frame":16,"values":[0.8221,-0.5541,-0.1306,0,0.355,0.3197,0.8785,0,-0.4451,-0.7686,0.4595,0,0,0.1491,0,1]},
{"frame":17,"values":[0.8415,-0.5132,-0.1689,0,0.3787,0.3372,0.8619,0,-0.3854,-0.7892,0.4781,0,0,0.1491,0,1]},
{"frame":18,"values":[0.85,-0.4839,-0.2084,0,0.4075,0.3532,0.8421,0,-0.3339,-0.8007,0.4974,0,0,0.1491,0,1]},
{"frame":19,"values":[0.8555,-0.4544,-0.2483,0,0.4348,0.3701,0.8209,0,-0.2812,-0.8103,0.5142,0,0,0.1491,0,1]},
{"frame":20,"values":[0.8538,-0.4328,-0.2893,0,0.4657,0.3867,0.7959,0,-0.2326,-0.8143,0.5318,0,0,0.1491,0,1]},
{"frame":21,"values":[0.8494,-0.4116,-0.3303,0,0.4949,0.404,0.7693,0,-0.1832,-0.8169,0.5469,0,0,0.1491,0,1]},
{"frame":22,"values":[0.8422,-0.3869,-0.3755,0,0.5242,0.4252,0.7378,0,-0.1258,-0.8182,0.5609,0,0,0.1491,0,1]},
{"frame":23,"values":[0.8317,-0.3627,-0.4203,0,0.551,0.4471,0.7046,0,-0.0676,-0.8176,0.5717,0,0,0.1491,0,1]},
{"frame":24,"values":[0.8172,-0.3451,-0.4616,0,0.5762,0.4691,0.6693,0,-0.0144,-0.8129,0.5822,0,0,0.1491,0,1]},
{"frame":25,"values":[0.8,-0.3284,-0.5022,0,0.5988,0.4914,0.6324,0,0.0391,-0.8067,0.5897,0,0,0.1491,0,1]},
{"frame":26,"values":[0.7779,-0.3201,-0.5407,0,0.622,0.5145,0.5903,0,0.0892,-0.7955,0.5994,0,0,0.1491,0,1]},
{"frame":27,"values":[0.7537,-0.3129,-0.578,0,0.6423,0.5374,0.5465,0,0.1396,-0.7831,0.606,0,0,0.1491,0,1]},
{"frame":28,"values":[0.7235,-0.3092,-0.6172,0,0.6624,0.5626,0.4946,0,0.1943,-0.7667,0.6119,0,0,0.1491,0,1]},
{"frame":29,"values":[0.6909,-0.3069,-0.6545,0,0.6787,0.5872,0.4411,0,0.2489,-0.749,0.614,0,0,0.1491,0,1]},
{"frame":30,"values":[0.654,-0.3135,-0.6885,0,0.6949,0.6085,0.3831,0,0.2988,-0.729,0.6158,0,0,0.1491,0,1]},
{"frame":31,"values":[0.6152,-0.3214,-0.7199,0,0.7072,0.6285,0.3238,0,0.3484,-0.7083,0.614,0,0,0.1491,0,1]},
{"frame":32,"values":[0.5751,-0.3285,-0.7493,0,0.7162,0.6447,0.2671,0,0.3953,-0.6903,0.606,0,0,0.1491,0,1]},
{"frame":33,"values":[0.5333,-0.3367,-0.776,0,0.7216,0.6598,0.2097,0,0.4414,-0.6718,0.5949,0,0,0.1491,0,1]},
{"frame":34,"values":[0.4891,-0.3438,-0.8016,0,0.7248,0.6715,0.1542,0,0.4853,-0.6564,0.5776,0,0,0.1491,0,1]},
{"frame":35,"values":[0.4436,-0.3518,-0.8243,0,0.7244,0.6823,0.0985,0,0.5278,-0.6408,0.5575,0,0,0.1491,0,1]},
{"frame":36,"values":[0.4017,-0.3714,-0.8371,0,0.7226,0.6901,0.0406,0,0.5626,-0.6212,0.5456,0,0,0.1491,0,1]},
{"frame":37,"values":[0.3594,-0.3915,-0.8471,0,0.7176,0.6962,-0.0173,0,0.5965,-0.6016,0.5312,0,0,0.1491,0,1]},
{"frame":38,"values":[0.3215,-0.4073,-0.8549,0,0.7054,0.7052,-0.0707,0,0.6317,-0.5803,0.514,0,0,0.1491,0,1]},
{"frame":39,"values":[0.2834,-0.4238,-0.8603,0,0.6904,0.7128,-0.1237,0,0.6656,-0.5589,0.4946,0,0,0.1491,0,1]},
{"frame":40,"values":[0.2535,-0.4362,-0.8634,0,0.6676,0.7248,-0.1702,0,0.7,-0.5333,0.4749,0,0,0.1491,0,1]},
{"frame":41,"values":[0.2238,-0.4494,-0.8649,0,0.6425,0.7353,-0.2158,0,0.7329,-0.5074,0.4532,0,0,0.1491,0,1]},
{"frame":42,"values":[0.2054,-0.4559,-0.866,0,0.6093,0.752,-0.2514,0,0.7659,-0.476,0.4322,0,0,0.1491,0,1]},
{"frame":43,"values":[0.1872,-0.4631,-0.8663,0,0.5743,0.7671,-0.286,0,0.797,-0.4439,0.4095,0,0,0.1491,0,1]},
{"frame":44,"values":[0.1863,-0.4665,-0.8647,0,0.5343,0.7866,-0.3093,0,0.8245,-0.4044,0.3958,0,0,0.1491,0,1]},
{"frame":45,"values":[0.1856,-0.47,-0.863,0,0.4931,0.8042,-0.3319,0,0.85,-0.3639,0.381,0,0,0.1491,0,1]},
{"frame":46,"values":[0.2087,-0.4657,-0.86,0,0.4497,0.8265,-0.3385,0,0.8684,-0.3161,0.382,0,0,0.1491,0,1]},
{"frame":47,"values":[0.2316,-0.4603,-0.857,0,0.4052,0.8466,-0.3451,0,0.8844,-0.2674,0.3826,0,0,0.1491,0,1]},
{"frame":48,"values":[0.2814,-0.432,-0.8568,0,0.3537,0.8767,-0.3259,0,0.892,-0.2114,0.3995,0,0,0.1491,0,1]},
{"frame":49,"values":[0.329,-0.4005,-0.8552,0,0.2999,0.9031,-0.3075,0,0.8954,-0.1553,0.4172,0,0,0.1491,0,1]},
{"frame":50,"values":[0.4014,-0.3455,-0.8482,0,0.2494,0.9324,-0.2617,0,0.8813,-0.1065,0.4604,0,0,0.1491,0,1]},
{"frame":51,"values":[0.4692,-0.2858,-0.8356,0,0.1945,0.9564,-0.2179,0,0.8614,-0.0603,0.5043,0,0,0.1491,0,1]},
{"frame":52,"values":[0.5236,-0.217,-0.8239,0,0.1533,0.9752,-0.1595,0,0.8381,-0.0428,0.5439,0,0,0.1491,0,1]},
{"frame":53,"values":[0.5736,-0.1463,-0.806,0,0.1083,0.9888,-0.1024,0,0.8119,-0.0286,0.5831,0,0,0.1491,0,1]},
{"frame":54,"values":[0.5813,-0.0944,-0.8082,0,0.0987,0.9941,-0.0451,0,0.8077,-0.0535,0.5872,0,0,0.1491,0,1]},
{"frame":55,"values":[0.5885,-0.0424,-0.8074,0,0.0886,0.996,0.0123,0,0.8036,-0.0788,0.5899,0,0,0.1491,0,1]},
{"frame":56,"values":[0.5763,0.0003,-0.8172,0,0.1157,0.9899,0.082,0,0.809,-0.1418,0.5705,0,0,0.1491,0,1]},
{"frame":57,"values":[0.5652,0.0439,-0.8238,0,0.1435,0.9781,0.1506,0,0.8124,-0.2033,0.5465,0,0,0.1491,0,1]},
{"frame":58,"values":[0.5846,0.0905,-0.8062,0,0.1875,0.9518,0.2428,0,0.7893,-0.2931,0.5395,0,0,0.1491,0,1]},
{"frame":59,"values":[0.6059,0.1342,-0.7841,0,0.2281,0.915,0.3329,0,0.7621,-0.3805,0.5238,0,0,0.1491,0,1]},
{"frame":60,"values":[0.6649,0.1487,-0.732,0,0.2822,0.8573,0.4305,0,0.6916,-0.4928,0.5281,0,0,0.1491,0,1]},
{"frame":61,"values":[0.7214,0.1531,-0.6754,0,0.3247,0.7866,0.5252,0,0.6116,-0.5982,0.5177,0,0,0.1491,0,1]},
{"frame":62,"values":[0.8017,0.0848,-0.5917,0,0.3678,0.7103,0.6002,0,0.4712,-0.6987,0.5382,0,0,0.1491,0,1]},
{"frame":63,"values":[0.8632,0.0025,-0.5048,0,0.3925,0.6256,0.6743,0,0.3175,-0.7802,0.539,0,0,0.1491,0,1]},
{"frame":64,"values":[0.903,-0.107,-0.4161,0,0.4024,0.55,0.7318,0,0.1505,-0.8283,0.5397,0,0,0.1491,0,1]},
{"frame":65,"values":[0.9181,-0.2229,-0.3278,0,0.3959,0.4725,0.7874,0,-0.0206,-0.8527,0.5221,0,0,0.1491,0,1]},
{"frame":66,"values":[0.9112,-0.3132,-0.2677,0,0.3866,0.4253,0.8183,0,-0.1424,-0.8491,0.5086,0,0,0.1491,0,1]},
{"frame":67,"values":[0.8911,-0.4026,-0.2094,0,0.3706,0.379,0.8479,0,-0.262,-0.8332,0.487,0,0,0.1491,0,1]},
{"frame":68,"values":[0.8717,-0.4568,-0.1773,0,0.3619,0.3562,0.8615,0,-0.3304,-0.8151,0.4758,0,0,0.1491,0,1]},
{"frame":69,"values":[0.8479,-0.5097,-0.146,0,0.3513,0.3339,0.8747,0,-0.3971,-0.7929,0.4621,0,0,0.1491,0,1]}]}},
{"name":"LeftForeArm","index":10,"matrix":[0.9333,0.3178,0.1674,0,-0.3405,0.6341,0.6943,0,0.1144,-0.7049,0.7,0,0,0.2421,0,1],"rest":[1,0.0058,-0.0003,0,-0.0041,0.7317,0.6816,0,0.0042,-0.6816,0.7318,0,0,0.2421,0,1],"parentBoneIndex":9,"length":0.2374
,"animation":
{"name":"anim","property":"_matrix","dataType":3,"framePerSecond":24,"loopBehavior":1,"keys":[
{"frame":1,"values":[0.9305,0.3228,0.1729,0,-0.3462,0.6214,0.7029,0,0.1195,-0.7139,0.69,0,0,0.2421,0,1]},
{"frame":2,"values":[0.9374,0.3098,0.1591,0,-0.3314,0.6534,0.6806,0,0.1069,-0.6907,0.7152,0,0,0.2421,0,1]},
{"frame":3,"values":[0.944,0.2961,0.1458,0,-0.3161,0.6843,0.6571,0,0.0948,-0.6664,0.7395,0,0,0.2421,0,1]},
{"frame":4,"values":[0.9459,0.2917,0.1418,0,-0.3112,0.6936,0.6497,0,0.0912,-0.6587,0.7469,0,0,0.2421,0,1]},
{"frame":5,"values":[0.9479,0.2873,0.1378,0,-0.3063,0.7028,0.6421,0,0.0876,-0.6508,0.7542,0,0,0.2421,0,1]},
{"frame":6,"values":[0.9489,0.2849,0.1357,0,-0.3037,0.7076,0.638,0,0.0858,-0.6466,0.758,0,0,0.2421,0,1]},
{"frame":7,"values":[0.9499,0.2826,0.1337,0,-0.3011,0.7123,0.634,0,0.0839,-0.6425,0.7617,0,0,0.2421,0,1]},
{"frame":8,"values":[0.9505,0.2811,0.1324,0,-0.2994,0.7153,0.6314,0,0.0828,-0.6398,0.7641,0,0,0.2421,0,1]},
{"frame":9,"values":[0.9511,0.2795,0.131,0,-0.2977,0.7184,0.6287,0,0.0816,-0.637,0.7665,0,0,0.2421,0,1]},
{"frame":10,"values":[0.9511,0.2796,0.1311,0,-0.2979,0.7181,0.6289,0,0.0817,-0.6372,0.7663,0,0,0.2421,0,1]},
{"frame":11,"values":[0.9511,0.2798,0.1312,0,-0.298,0.7179,0.6291,0,0.0818,-0.6374,0.7662,0,0,0.2421,0,1]},
{"frame":12,"values":[0.9501,0.2821,0.1332,0,-0.3006,0.7133,0.6331,0,0.0836,-0.6416,0.7625,0,0,0.2421,0,1]},
{"frame":13,"values":[0.9491,0.2844,0.1353,0,-0.3031,0.7086,0.6371,0,0.0854,-0.6457,0.7588,0,0,0.2421,0,1]},
{"frame":14,"values":[0.9459,0.2918,0.1419,0,-0.3114,0.6934,0.6498,0,0.0913,-0.6588,0.7467,0,0,0.2421,0,1]},
{"frame":15,"values":[0.9426,0.299,0.1486,0,-0.3194,0.6778,0.6622,0,0.0973,-0.6717,0.7344,0,0,0.2421,0,1]},
{"frame":16,"values":[0.9377,0.3091,0.1584,0,-0.3307,0.655,0.6794,0,0.1062,-0.6895,0.7164,0,0,0.2421,0,1]},
{"frame":17,"values":[0.9327,0.3188,0.1685,0,-0.3416,0.6316,0.696,0,0.1154,-0.7067,0.698,0,0,0.2421,0,1]},
{"frame":18,"values":[0.9278,0.3278,0.1784,0,-0.3518,0.6086,0.7112,0,0.1245,-0.7226,0.6799,0,0,0.2421,0,1]},
{"frame":19,"values":[0.9227,0.3364,0.1885,0,-0.3616,0.5851,0.7259,0,0.1339,-0.7379,0.6615,0,0,0.2421,0,1]},
{"frame":20,"values":[0.916,0.3468,0.2015,0,-0.3736,0.5548,0.7434,0,0.146,-0.7562,0.6378,0,0,0.2421,0,1]},
{"frame":21,"values":[0.9092,0.3566,0.2148,0,-0.385,0.5239,0.7598,0,0.1584,-0.7736,0.6136,0,0,0.2421,0,1]},
{"frame":22,"values":[0.9005,0.368,0.2316,0,-0.3983,0.4846,0.7788,0,0.1743,-0.7936,0.583,0,0,0.2421,0,1]},
{"frame":23,"values":[0.8915,0.3785,0.2489,0,-0.4109,0.4443,0.7961,0,0.1907,-0.812,0.5516,0,0,0.2421,0,1]},
{"frame":24,"values":[0.882,0.3884,0.2671,0,-0.4229,0.4018,0.8122,0,0.2081,-0.8293,0.5186,0,0,0.2421,0,1]},
{"frame":25,"values":[0.8721,0.3973,0.2856,0,-0.4339,0.3584,0.8266,0,0.226,-0.8448,0.4849,0,0,0.2421,0,1]},
{"frame":26,"values":[0.8601,0.4066,0.3081,0,-0.4459,0.3056,0.8413,0,0.2479,-0.861,0.4441,0,0,0.2421,0,1]},
{"frame":27,"values":[0.8477,0.4145,0.331,0,-0.4564,0.2518,0.8534,0,0.2704,-0.8745,0.4026,0,0,0.2421,0,1]},
{"frame":28,"values":[0.8367,0.4193,0.3523,0,-0.4636,0.1997,0.8633,0,0.2917,-0.8856,0.3615,0,0,0.2421,0,1]},
{"frame":29,"values":[0.8257,0.4229,0.3734,0,-0.4694,0.1477,0.8705,0,0.313,-0.8941,0.3205,0,0,0.2421,0,1]},
{"frame":30,"values":[0.8165,0.4241,0.3917,0,-0.4725,0.1011,0.8755,0,0.3317,-0.9,0.2829,0,0,0.2421,0,1]},
{"frame":31,"values":[0.8075,0.4244,0.4097,0,-0.4747,0.0551,0.8784,0,0.3502,-0.9038,0.246,0,0,0.2421,0,1]},
{"frame":32,"values":[0.7998,0.4236,0.4252,0,-0.4755,0.0148,0.8796,0,0.3663,-0.9057,0.2132,0,0,0.2421,0,1]},
{"frame":33,"values":[0.7923,0.4222,0.4404,0,-0.4756,-0.0249,0.8793,0,0.3822,-0.9062,0.1811,0,0,0.2421,0,1]},
{"frame":34,"values":[0.7858,0.4201,0.4538,0,-0.4748,-0.0604,0.878,0,0.3963,-0.9055,0.1521,0,0,0.2421,0,1]},
{"frame":35,"values":[0.7795,0.4176,0.4669,0,-0.4735,-0.0951,0.8756,0,0.4101,-0.9036,0.1236,0,0,0.2421,0,1]},
{"frame":36,"values":[0.7733,0.4143,0.48,0,-0.4714,-0.1305,0.8722,0,0.424,-0.9007,0.0944,0,0,0.2421,0,1]},
{"frame":37,"values":[0.7673,0.4105,0.4927,0,-0.4689,-0.1651,0.8677,0,0.4375,-0.8968,0.0658,0,0,0.2421,0,1]},
{"frame":38,"values":[0.762,0.4063,0.5043,0,-0.4657,-0.1973,0.8627,0,0.45,-0.8922,0.0389,0,0,0.2421,0,1]},
{"frame":39,"values":[0.7568,0.4018,0.5155,0,-0.4622,-0.2287,0.8568,0,0.4622,-0.8867,0.0127,0,0,0.2421,0,1]},
{"frame":40,"values":[0.7522,0.397,0.5259,0,-0.4583,-0.2583,0.8505,0,0.4735,-0.8807,-0.0123,0,0,0.2421,0,1]},
{"frame":41,"values":[0.7478,0.3919,0.5359,0,-0.454,-0.2871,0.8435,0,0.4844,-0.8741,-0.0367,0,0,0.2421,0,1]},
{"frame":42,"values":[0.7438,0.3865,0.5453,0,-0.4493,-0.315,0.836,0,0.4949,-0.8668,-0.0607,0,0,0.2421,0,1]},
{"frame":43,"values":[0.74,0.3808,0.5544,0,-0.4443,-0.3421,0.828,0,0.505,-0.859,-0.084,0,0,0.2421,0,1]},
{"frame":44,"values":[0.737,0.3753,0.5621,0,-0.4394,-0.366,0.8204,0,0.5137,-0.8516,-0.1048,0,0,0.2421,0,1]},
{"frame":45,"values":[0.7341,0.3698,0.5696,0,-0.4343,-0.3892,0.8123,0,0.5221,-0.8437,-0.1251,0,0,0.2421,0,1]},
{"frame":46,"values":[0.7318,0.3644,0.576,0,-0.4294,-0.4098,0.8048,0,0.5293,-0.8362,-0.1434,0,0,0.2421,0,1]},
{"frame":47,"values":[0.7296,0.3591,0.5821,0,-0.4244,-0.4298,0.797,0,0.5363,-0.8285,-0.1612,0,0,0.2421,0,1]},
{"frame":48,"values":[0.728,0.3543,0.587,0,-0.4199,-0.4464,0.7902,0,0.542,-0.8217,-0.1762,0,0,0.2421,0,1]},
{"frame":49,"values":[0.7265,0.3495,0.5917,0,-0.4153,-0.4627,0.7832,0,0.5475,-0.8147,-0.191,0,0,0.2421,0,1]},
{"frame":50,"values":[0.7257,0.3467,0.5942,0,-0.4126,-0.4718,0.7792,0,0.5505,-0.8107,-0.1993,0,0,0.2421,0,1]},
{"frame":51,"values":[0.725,0.3439,0.5967,0,-0.4099,-0.4807,0.7751,0,0.5534,-0.8066,-0.2076,0,0,0.2421,0,1]},
{"frame":52,"values":[0.7251,0.3443,0.5964,0,-0.4103,-0.4796,0.7757,0,0.5531,-0.8071,-0.2066,0,0,0.2421,0,1]},
{"frame":53,"values":[0.7252,0.3446,0.5961,0,-0.4106,-0.4785,0.7762,0,0.5527,-0.8076,-0.2055,0,0,0.2421,0,1]},
{"frame":54,"values":[0.726,0.3476,0.5934,0,-0.4135,-0.4689,0.7805,0,0.5495,-0.812,-0.1966,0,0,0.2421,0,1]},
{"frame":55,"values":[0.7268,0.3506,0.5906,0,-0.4164,-0.459,0.7848,0,0.5463,-0.8163,-0.1876,0,0,0.2421,0,1]},
{"frame":56,"values":[0.7293,0.358,0.583,0,-0.4234,-0.4332,0.7957,0,0.5374,-0.8271,-0.1643,0,0,0.2421,0,1]},
{"frame":57,"values":[0.7321,0.3654,0.575,0,-0.4303,-0.4063,0.8061,0,0.5282,-0.8375,-0.1403,0,0,0.2421,0,1]},
{"frame":58,"values":[0.7394,0.3789,0.5565,0,-0.4425,-0.3495,0.8259,0,0.5074,-0.8569,-0.0908,0,0,0.2421,0,1]},
{"frame":59,"values":[0.7476,0.3916,0.5365,0,-0.4537,-0.2887,0.8431,0,0.485,-0.8737,-0.0381,0,0,0.2421,0,1]},
{"frame":60,"values":[0.7642,0.4071,0.5002,0,-0.4661,-0.1874,0.8646,0,0.4458,-0.8939,0.0465,0,0,0.2421,0,1]},
{"frame":61,"values":[0.7827,0.419,0.4603,0,-0.4743,-0.0773,0.877,0,0.403,-0.9047,0.1382,0,0,0.2421,0,1]},
{"frame":62,"values":[0.807,0.4237,0.4113,0,-0.4741,0.0498,0.879,0,0.352,-0.9044,0.2411,0,0,0.2421,0,1]},
{"frame":63,"values":[0.8329,0.4211,0.3592,0,-0.4661,0.1836,0.8655,0,0.2985,-0.8882,0.3492,0,0,0.2421,0,1]},
{"frame":64,"values":[0.8597,0.4066,0.3093,0,-0.4459,0.3019,0.8426,0,0.2492,-0.8623,0.4408,0,0,0.2421,0,1]},
{"frame":65,"values":[0.8852,0.3851,0.2609,0,-0.4189,0.4163,0.807,0,0.2022,-0.8236,0.5298,0,0,0.2421,0,1]},
{"frame":66,"values":[0.902,0.3661,0.2287,0,-0.3961,0.4915,0.7756,0,0.1715,-0.7902,0.5883,0,0,0.2421,0,1]},
{"frame":67,"values":[0.9179,0.344,0.198,0,-0.3704,0.5631,0.7387,0,0.1427,-0.7514,0.6443,0,0,0.2421,0,1]},
{"frame":68,"values":[0.9257,0.3313,0.1825,0,-0.3558,0.5992,0.7172,0,0.1283,-0.7289,0.6725,0,0,0.2421,0,1]},
{"frame":69,"values":[0.9333,0.3178,0.1674,0,-0.3405,0.6341,0.6943,0,0.1144,-0.7049,0.7,0,0,0.2421,0,1]}]}},
