{"producer":{"name":"Blender","version":"2.81 (sub 16)","exporter_version":"6.2.4","file":"man_sit.babylon"},
"autoClear":true,"clearColor":[0.0509,0.0509,0.0509],"gravity":[0,-9.81,0],
"materials":[{"name":"Sitting01:Uni1228:Defaultskin","id":"Sitting01:Uni1228:Defaultskin","customType":"BABYLON.PBRMaterial","backFaceCulling":true,"checkReadyOnlyOnce":false,"maxSimultaneousLights":4,"environmentIntensity":1,"albedo":[1,0.6915,0.3563],"reflectivity":[0.5,0.5,0.5],"roughness":0.5,"alpha":1,"transparencyMode":0,"alphaCutOff":0.4,"metallic":0},
{"name":"Sitting01:Low-poly:Eye_brown","id":"Sitting01:Low-poly:Eye_brown","customType":"BABYLON.PBRMaterial","backFaceCulling":true,"checkReadyOnlyOnce":false,"maxSimultaneousLights":4,"environmentIntensity":1,"reflectivity":[1,1,1],"roughness":0,"alpha":1,"transparencyMode":0,"alphaCutOff":0.4, 
"albedoTexture":{"name":"brown_eye.png","level":1,"hasAlpha":true,"coordinatesMode":0,"uOffset":0,"vOffset":0,"uScale":1,"vScale":1,"uAng":0,"vAng":0,"wAng":0,"wrapU":1,"wrapV":1,"coordinatesIndex":0},"useAlphaFromAlbedoTexture":true}],
"multiMaterials":[],
"skeletons":[{"name":"Sitting01","id":0,"dimensionsAtRest":[0.5106,1.453,0.4393],"bones":[
{"name":"Hips","index":0,"matrix":[1,0,0,0,0,0.9424,0.3344,0,0,0.3344,-0.9424,0,0,0.6541,0.0658,1],"rest":[1,0,0,0,0,0.9424,0.3344,0,0,0.3344,-0.9424,0,0,0.6541,0.0658,1],"parentBoneIndex":-1,"length":0.0955},
{"name":"LHipJoint","index":1,"matrix":[-0.039,0.0621,-0.9973,0,0.9956,-0.0825,-0.044,0,-0.085,-0.9947,-0.0587,0,0,0,0,1],"rest":[-0.039,0.0621,-0.9973,0,0.9956,-0.0825,-0.044,0,-0.085,-0.9947,-0.0587,0,0,0,0,1],"parentBoneIndex":0,"length":0.1181},
{"name":"LeftUpLeg","index":2,"matrix":[0.0145,0.9888,-0.1488,0,-0.8167,0.0975,0.5687,0,0.5768,0.1133,0.809,0,0,0.1181,0.0001,1],"rest":[0.0145,0.9888,-0.1488,0,-0.8167,0.0975,0.5687,0,0.5768,0.1133,0.809,0,0,0.1181,0.0001,1],"parentBoneIndex":1,"length":0.4228},
{"name":"LeftLeg","index":3,"matrix":[0.9926,0.0721,-0.0977,0,0.1171,-0.3548,0.9276,0,0.0322,-0.9322,-0.3606,0,0,0.4228,0,1],"rest":[0.9926,0.0721,-0.0977,0,0.1171,-0.3548,0.9276,0,0.0322,-0.9322,-0.3606,0,0,0.4228,0,1],"parentBoneIndex":2,"length":0.422},
{"name":"LeftFoot","index":4,"matrix":[0.9998,0.0048,0.0186,0,0.0165,0.2839,-0.9587,0,-0.0099,0.9588,0.2838,0,0,0.422,0,1],"rest":[0.9998,0.0048,0.0186,0,0.0165,0.2839,-0.9587,0,-0.0099,0.9588,0.2838,0,0,0.422,0,1],"parentBoneIndex":3,"length":0.1486},
{"name":"LeftToeBase","index":5,"matrix":[0.9975,0.0639,0.0289,0,-0.0571,0.9797,-0.1924,0,-0.0406,0.1903,0.9809,0,0,0.1486,0,1],"rest":[0.9975,0.0639,0.0289,0,-0.0571,0.9797,-0.1924,0,-0.0406,0.1903,0.9809,0,0,0.1486,0,1],"parentBoneIndex":4,"length":0.0207},
{"name":"LowerBack","index":6,"matrix":[1,0,0,0,0,0.9102,0.4141,0,0,-0.4141,0.9102,0,0,0.0955,0,1],"rest":[1,0,0,0,0,0.9102,0.4141,0,0,-0.4141,0.9102,0,0,0.0955,0,1],"parentBoneIndex":0,"length":0.1405},
{"name":"Spine","index":7,"matrix":[1,0,0,0,0,0.9678,-0.2518,0,0,0.2518,0.9678,0,0,0.1405,0,1],"rest":[1,0,0,0,0,0.9678,-0.2518,0,0,0.2518,0.9678,0,0,0.1405,0,1],"parentBoneIndex":6,"length":0.1379},
{"name":"Spine1","index":8,"matrix":[1,0,0,0,0,0.9019,0.432,0,0,-0.432,0.9019,0,0,0.1379,0,1],"rest":[1,0,0,0,0,0.9019,0.432,0,0,-0.432,0.9019,0,0,0.1379,0,1],"parentBoneIndex":7,"length":0.2166},
{"name":"LeftShoulder","index":9,"matrix":[-0.1868,-0.9242,0.333,0,0.9815,-0.1901,0.0228,0,0.0423,0.3311,0.9426,0,0.0228,0.1482,0.0319,1],"rest":[-0.1868,-0.9242,0.333,0,0.9815,-0.1901,0.0228,0,0.0423,0.3311,0.9426,0,0.0228,0.1482,0.0319,1],"parentBoneIndex":8,"length":0.1473},
{"name":"LeftArm","index":10,"matrix":[0.5428,-0.8251,-0.157,0,0.8019,0.4536,0.3888,0,-0.2496,-0.3369,0.9079,0,0,0.1473,0,1],"rest":[0.5428,-0.8251,-0.157,0,0.8019,0.4536,0.3888,0,-0.2496,-0.3369,0.9079,0,0,0.1473,0,1],"parentBoneIndex":9,"length":0.2558},
{"name":"LeftForeArm","index":11,"matrix":[0.7522,-0.5,-0.4293,0,0.628,0.7413,0.237,0,0.1997,-0.4478,0.8715,0,0,0.2558,0,1],"rest":[0.7522,-0.5,-0.4293,0,0.628,0.7413,0.237,0,0.1997,-0.4478,0.8715,0,0,0.2558,0,1],"parentBoneIndex":10,"length":0.2707},
{"name":"LeftHand","index":12,"matrix":[0.9159,0.2849,-0.2829,0,-0.175,0.9175,0.3573,0,0.3613,-0.2777,0.8901,0,0,0.2707,0,1],"rest":[0.9159,0.2849,-0.2829,0,-0.175,0.9175,0.3573,0,0.3613,-0.2777,0.8901,0,0,0.2707,0,1],"parentBoneIndex":11,"length":0.0347},
{"name":"LThumb","index":13,"matrix":[-0.6628,0.5628,-0.4939,0,0.6716,0.7385,-0.0597,0,0.3312,-0.3713,-0.8675,0,0.0163,0.0422,0.014,1],"rest":[-0.6628,0.5628,-0.4939,0,0.6716,0.7385,-0.0597,0,0.3312,-0.3713,-0.8675,0,0.0163,0.0422,0.014,1],"parentBoneIndex":12,"length":0.0326},
{"name":"LeftFingerBase","index":14,"matrix":[0.1201,0.1186,-0.9856,0,0.1587,0.9778,0.137,0,0.98,-0.1729,0.0987,0,0,0.0347,0,1],"rest":[0.1201,0.1186,-0.9856,0,0.1587,0.9778,0.137,0,0.98,-0.1729,0.0987,0,0,0.0347,0,1],"parentBoneIndex":12,"length":0.0777},
{"name":"LeftHandFinger1","index":15,"matrix":[0.9564,-0.2921,-0.0062,0,0.2922,0.9561,0.0203,0,0,-0.0212,0.9998,0,0,0.0777,0,1],"rest":[0.9564,-0.2921,-0.0062,0,0.2922,0.9561,0.0203,0,0,-0.0212,0.9998,0,0,0.0777,0,1],"parentBoneIndex":14,"length":0.0271},
{"name":"Neck","index":16,"matrix":[1,0,0,0,0,0.9984,0.0574,0,0,-0.0574,0.9984,0,0,0.2166,0,1],"rest":[1,0,0,0,0,0.9984,0.0574,0,0,-0.0574,0.9984,0,0,0.2166,0,1],"parentBoneIndex":8,"length":0.0513},
{"name":"Neck1","index":17,"matrix":[1,0,0,0,0,1,0,0,0,0,1,0,0,0.0513,0,1],"rest":[1,0,0,0,0,1,0,0,0,0,1,0,0,0.0513,0,1],"parentBoneIndex":16,"length":0.0514},
{"name":"Head","index":18,"matrix":[1,0,0,0,0,0.9304,-0.3667,0,0,0.3667,0.9304,0,0,0.0514,0,1],"rest":[1,0,0,0,0,0.9304,-0.3667,0,0,0.3667,0.9304,0,0,0.0514,0,1],"parentBoneIndex":17,"length":0.1552},
{"name":"RightShoulder","index":19,"matrix":[-0.1868,0.9242,-0.333,0,-0.9815,-0.1901,0.0228,0,-0.0423,0.3311,0.9426,0,-0.0228,0.1482,0.0319,1],"rest":[-0.1868,0.9242,-0.333,0,-0.9815,-0.1901,0.0228,0,-0.0423,0.3311,0.9426,0,-0.0228,0.1482,0.0319,1],"parentBoneIndex":8,"length":0.1473},
{"name":"RightArm","index":20,"matrix":[0.5538,0.8283,0.0847,0,-0.8237,0.5301,0.2013,0,0.1219,-0.1812,0.9759,0,0,0.1473,0,1],"rest":[0.5538,0.8283,0.0847,0,-0.8237,0.5301,0.2013,0,0.1219,-0.1812,0.9759,0,0,0.1473,0,1],"parentBoneIndex":19,"length":0.2562},
{"name":"RightForeArm","index":21,"matrix":[0.7828,0.2771,0.5571,0,-0.5664,0.6881,0.4536,0,-0.2577,-0.6706,0.6956,0,0,0.2562,0,1],"rest":[0.7828,0.2771,0.5571,0,-0.5664,0.6881,0.4536,0,-0.2577,-0.6706,0.6956,0,0,0.2562,0,1],"parentBoneIndex":20,"length":0.2716},
{"name":"RightHand","index":22,"matrix":[0.92,-0.2335,0.3147,0,0.0667,0.8847,0.4613,0,-0.3861,-0.4035,0.8295,0,0,0.2716,0,1],"rest":[0.92,-0.2335,0.3147,0,0.0667,0.8847,0.4613,0,-0.3861,-0.4035,0.8295,0,0,0.2716,0,1],"parentBoneIndex":21,"length":0.0347},
{"name":"RThumb","index":23,"matrix":[-0.3398,-0.9005,0.2713,0,-0.807,0.4274,0.4075,0,-0.483,-0.0805,-0.8719,0,-0.0065,0.0423,0.0205,1],"rest":[-0.3398,-0.9005,0.2713,0,-0.807,0.4274,0.4075,0,-0.483,-0.0805,-0.8719,0,-0.0065,0.0423,0.0205,1],"parentBoneIndex":22,"length":0.0326},
{"name":"RightFingerBase","index":24,"matrix":[0.1903,-0.1851,0.9641,0,-0.0626,0.9778,0.2001,0,-0.9797,-0.0984,0.1745,0,0,0.0347,0,1],"rest":[0.1903,-0.1851,0.9641,0,-0.0626,0.9778,0.2001,0,-0.9797,-0.0984,0.1745,0,0,0.0347,0,1],"parentBoneIndex":22,"length":0.0778},
{"name":"RightHandFinger1","index":25,"matrix":[0.962,0.263,-0.0737,0,-0.2497,0.9561,0.1531,0,0.1107,-0.1289,0.9855,0,0,0.0778,0,1],"rest":[0.962,0.263,-0.0737,0,-0.2497,0.9561,0.1531,0,0.1107,-0.1289,0.9855,0,0,0.0778,0,1],"parentBoneIndex":24,"length":0.0271},
{"name":"RHipJoint","index":26,"matrix":[-0.0935,-0.0666,0.9934,0,-0.9956,0.0068,-0.0932,0,-0.0005,-0.9978,-0.0669,0,0,0,0,1],"rest":[-0.0935,-0.0666,0.9934,0,-0.9956,0.0068,-0.0932,0,-0.0005,-0.9978,-0.0669,0,0,0,0,1],"parentBoneIndex":0,"length":0.1181},
{"name":"RightUpLeg","index":27,"matrix":[-0.0427,-0.9969,0.0663,0,0.8029,0.0053,0.5961,0,-0.5946,0.0786,0.8002,0,0,0.1181,0.0001,1],"rest":[-0.0427,-0.9969,0.0663,0,0.8029,0.0053,0.5961,0,-0.5946,0.0786,0.8002,0,0,0.1181,0.0001,1],"parentBoneIndex":26,"length":0.4229},
{"name":"RightLeg","index":28,"matrix":[0.9936,-0.0663,0.0916,0,-0.1044,-0.2273,0.9682,0,-0.0434,-0.9716,-0.2328,0,0,0.4229,0,1],"rest":[0.9936,-0.0663,0.0916,0,-0.1044,-0.2273,0.9682,0,-0.0434,-0.9716,-0.2328,0,0,0.4229,0,1],"parentBoneIndex":27,"length":0.422},
{"name":"RightFoot","index":29,"matrix":[0.9996,0.0025,-0.0269,0,-0.0265,0.284,-0.9585,0,0.0053,0.9588,0.2839,0,0,0.422,0,1],"rest":[0.9996,0.0025,-0.0269,0,-0.0265,0.284,-0.9585,0,0.0053,0.9588,0.2839,0,0,0.422,0,1],"parentBoneIndex":28,"length":0.1486},
{"name":"RightToeBase","index":30,"matrix":[0.9978,-0.0614,-0.0239,0,0.0557,0.9797,-0.1928,0,0.0353,0.1911,0.9809,0,0,0.1486,0,1],"rest":[0.9978,-0.0614,-0.0239,0,0.0557,0.9797,-0.1928,0,0.0353,0.191,0.9809,0,0,0.1486,0,1],"parentBoneIndex":29,"length":0.0207}]}],
"meshes":[{"name":"Sitting01:Uni1228","id":"Sitting01:Uni1228","materialId":"Sitting01:Uni1228:Defaultskin","billboardMode":0,"position":[0,0,0],"rotation":[0,0,0],"scaling":[1,1,1],"isVisible":true,"freezeWorldMatrix":false,"isEnabled":true,"checkCollisions":false,"receiveShadows":false,"pickable":true,"tags":"","skeletonId":0,"numBoneInfluencers":7
,"positions":[0,1.3312,-0.0208,-0.0187,1.2753,-0.0036,-0.0081,1.2621,-0.0125,-0.0169,1.2965,-0.0819,-0.0091,1.3335,-0.021,-0.0092,1.2963,-0.0859,-0.023,1.2932,-0.0775,-0.0252,1.2855,-0.0053,-0.0312,1.303,-0.0042,-0.017,1.3298,-0.016,-0.0242,1.3243,-0.0099,-0.0221,1.2942,-0.0798,-0.034,1.376,-0.0848,-0.0237,1.3665,-0.079,-0.0203,1.3738,-0.0857,-0.0441,1.375,-0.08,-0.0332,1.3681,-0.0793
,-0.0211,1.3557,-0.0798,-0.0191,1.3627,-0.078,-0.0269,1.3608,-0.0807,-0.0122,1.3621,-0.0807,-0.0437,1.3548,-0.0725,-0.0459,1.3648,-0.0729,-0.0525,1.3664,-0.0685,-0.0404,1.3668,-0.0777,-0.031,1.3533,-0.0779,-0.0422,1.36,-0.0755,0,1.1649,0.1076,-0.0367,1.1932,0.1035,0,1.1904,0.1004,-0.0241,1.2934,-0.0841,-0.0264,1.2976,-0.0849,-0.0281,1.2937,-0.0828,-0.0245,1.2891,-0.0845
,-0.0216,1.2914,-0.0865,-0.0171,1.3021,-0.093,-0.008,1.2997,-0.0974,-0.0077,1.3039,-0.0981,-0.0238,1.2959,-0.0861,-0.0172,1.2851,-0.0885,-0.0099,1.2847,-0.0925,-0.0171,1.2902,-0.0898,-0.009,1.2957,-0.0923,-0.017,1.2993,-0.0927,-0.0171,1.2955,-0.0891,-0.0229,1.2936,-0.0841,-0.0093,1.2947,-0.0895,-0.0164,1.2948,-0.0853,-0.0273,1.2843,-0.0812,-0.036,1.2915,-0.0757,-0.0091,1.2759,-0.0881
,-0.0173,1.278,-0.0856,-0.0078,1.3691,-0.0861,-0.0351,1.3857,-0.0861,-0.0145,1.383,-0.0903,-0.0494,1.3841,-0.0767,-0.0116,1.3234,-0.1,-0.0058,1.32,-0.1008,-0.0076,1.3239,-0.1044,-0.0109,1.3214,-0.0924,-0.0151,1.3229,-0.0921,-0.0115,1.3182,-0.0912,-0.0166,1.3202,-0.0877,-0.0062,1.3195,-0.0967,-0.0091,1.3215,-0.0974,-0.0061,1.3153,-0.0953,-0.0143,1.3292,-0.0976,-0.0071,1.339,-0.1004
,-0.0127,1.3371,-0.0931,-0.0081,1.3291,-0.1049,-0.0174,1.3277,-0.0907,-0.0293,1.2615,-0.0664,-0.0205,1.2528,-0.0602,-0.0211,1.2574,-0.0729,-0.0103,1.2486,-0.0627,-0.0126,1.2557,-0.0793,-0.0383,1.2684,-0.058,-0.0328,1.2604,-0.0546,-0.0303,1.2673,-0.0701,-0.0219,1.2657,-0.0786,-0.0115,1.265,-0.0859,-0.0337,1.3035,-0.0791,-0.0236,1.31,-0.0867,-0.0286,1.3191,-0.0813,-0.0462,1.2935,-0.0608
,-0.0433,1.3139,-0.0726,-0.0376,1.3376,-0.0792,-0.064,1.3189,-0.0257,-0.0569,1.2877,-0.0169,-0.0561,1.3024,-0.0438,-0.0483,1.2743,-0.0376,-0.0549,1.321,-0.0595,-0.0516,1.3429,-0.0706,-0.0643,1.3329,-0.0379,-0.0615,1.3504,-0.0535,-0.0188,1.3299,-0.0845,-0.0148,1.3097,-0.0925,-0.0072,1.3089,-0.0965,-0.0689,1.3676,-0.0131,-0.0717,1.3485,-0.0007,-0.068,1.3518,-0.0244,-0.0647,1.3661,-0.044
,-0.007,1.3521,-0.0913,-0.0119,1.3502,-0.0874,-0.0181,1.3458,-0.083,-0.0648,1.3794,-0.0306,-0.0181,1.4092,-0.0855,-0.038,1.409,-0.0774,-0.0509,1.4041,-0.0647,-0.0583,1.375,-0.0631,-0.0512,1.2643,0.0114,-0.0592,1.299,0.019,-0.0563,1.2797,0.0386,-0.0617,1.3172,0.0427,-0.0592,1.299,0.019,-0.0709,1.3311,0.0239,-0.0247,1.2509,-0.037,-0.0328,1.2604,-0.0546,-0.0394,1.2628,-0.0287
,-0.0113,1.2449,-0.0433,-0.0205,1.2528,-0.0602,-0.0394,1.2628,-0.0287,-0.0523,1.2794,0.0009,-0.0523,1.2794,0.0009,-0.0416,1.2528,-0.0046,-0.0627,1.3043,-0.0036,-0.0606,1.4464,0.0212,-0.0701,1.4214,0.0095,-0.0597,1.4438,-0.0112,-0.0417,1.4333,-0.0608,-0.0237,1.4658,-0.0303,-0.0431,1.4569,-0.0268,-0.0431,1.4614,0.0198,-0.0555,1.4248,-0.0453,-0.0699,1.3482,0.0481,-0.0744,1.3567,0.0292
,-0.0501,1.4511,0.0583,-0.0347,1.4596,0.0648,-0.0243,1.4716,0.0195,-0.0747,1.3671,0.0054,-0.0811,1.3692,0.013,-0.0782,1.3618,0.0068,-0.0756,1.3717,0.0158,-0.0825,1.3588,0.0262,-0.0709,1.3311,0.0239,-0.0767,1.3187,0.0077,-0.0814,1.3289,0.0247,-0.0646,1.4095,-0.021,-0.0756,1.3717,0.0158,-0.0703,1.3903,-0.0056,-0.0736,1.3964,0.0153,-0.0717,1.3736,0.0508,-0.0294,1.4267,0.0999
,-0.0546,1.4149,0.0803,-0.0684,1.4292,0.0386,0,1.4745,0.0175,-0.0222,1.3434,0.0976,-0.053,1.3814,0.0873,-0.0291,1.3864,0.1064,-0.0389,1.3026,0.0645,-0.0497,1.3453,0.0812,-0.0724,1.4022,0.0472,0,1.2986,0.0807,0,1.3435,0.1044,0,1.3884,0.1136,-0.0142,1.2342,-0.0266,-0.0563,1.2797,0.0386,-0.0395,1.2731,0.0635,-0.0191,1.2993,0.0772,-0.0199,1.2705,0.078
,-0.0217,1.2459,0.0839,-0.0571,1.2165,0.0892,-0.0452,1.2469,0.0714,-0.077,1.2228,0.0693,-0.061,1.2426,0.0552,-0.0621,1.2342,0.0325,-0.061,1.2426,0.0552,-0.0567,1.2217,0.015,-0.0848,1.2145,0.0402,-0.0758,1.1925,0.0206,-0.0508,1.1843,0.0014,-0.0392,1.2092,-0.0065,-0.1298,0.995,-0.0546,-0.1487,1.0155,-0.004,-0.1449,0.9771,-0.0066,0,1.1493,-0.0218,-0.0488,1.1155,-0.0364
,0,1.1018,-0.0484,-0.1432,0.8795,0.0476,-0.1465,0.8199,-0.0031,-0.1442,0.882,-0.0095,-0.1454,0.7506,0.077,-0.1132,0.8211,0.0892,-0.1047,0.7526,0.1181,-0.1235,0.8991,-0.0623,-0.1423,0.9408,-0.0126,-0.0628,0.8247,0.112,-0.0589,0.7605,0.1301,-0.1428,0.9242,0.0489,-0.1176,0.8834,0.0964,-0.1192,0.9651,-0.063,-0.0433,1.1661,0.1142,-0.0714,1.202,0.1004,-0.1505,0.9901,0.0756
,-0.1436,0.9562,0.0557,-0.1162,0.9263,0.1027,-0.1152,1.0118,0.1318,-0.0534,0.9924,0.1381,-0.1133,0.9735,0.122,-0.0578,0.9326,0.1305,-0.0834,0.774,-0.0574,-0.1164,0.8379,-0.0529,-0.1148,0.7781,-0.0426,-0.1513,0.7636,0.0105,-0.1419,0.8175,0.0462,-0.0592,0.8804,0.1201,0,0.8349,0.1116,-0.1191,0.7128,-0.0154,-0.0848,0.6922,-0.018,-0.0814,0.7076,-0.0362,-0.2104,0.9034,-0.0142
,-0.1872,0.9859,0.0261,-0.1737,0.9958,0.0065,-0.1927,0.8145,-0.0586,-0.2196,0.8939,0.0008,-0.167,1.044,0.0621,-0.1568,1.0393,0.0357,-0.1756,1.0099,-0.013,-0.1449,1.056,0.0112,-0.146,1.0907,-0.0085,-0.206,1.0148,-0.0248,-0.1807,1.1134,-0.013,-0.1052,1.1313,-0.0044,-0.0684,1.1637,-0.0006,-0.1043,1.1691,0.0125,-0.2104,0.8043,-0.0482,-0.2068,0.9785,0.0414,-0.1027,1.1281,0.1442
,-0.0557,1.0659,0.1398,-0.1144,1.0594,0.1425,-0.2347,0.9856,0.0561,-0.2636,1.0053,0.028,-0.1794,1.0535,0.0861,-0.2347,0.9856,0.0561,-0.0873,0.6985,-0.0263,-0.1435,0.7059,-0.0333,-0.0868,0.705,-0.0489,-0.1035,0.6386,-0.2135,-0.1524,0.6892,-0.115,-0.1578,0.6383,-0.2089,-0.1284,0.5909,-0.2855,-0.1701,0.5734,-0.2973,-0.1513,0.488,-0.3485,-0.1819,0.4793,-0.343,-0.1579,0.3639,-0.2626
,-0.2,0.3745,-0.272,-0.2073,0.2489,-0.1766,-0.1701,0.2486,-0.1674,-0.1907,0.1562,-0.1323,-0.2225,0.159,-0.1153,-0.1808,0.6703,-0.0132,-0.1392,0.7039,-0.0072,-0.1765,0.6754,0.0179,-0.1895,0.6507,-0.0972,-0.1942,0.6003,-0.1933,-0.1902,0.5379,-0.2715,-0.2107,0.4814,-0.3093,-0.236,0.4162,-0.2367,-0.226,0.2687,-0.148,-0.2318,0.1786,-0.0872,-0.1618,0.593,0.0353,-0.1611,0.6079,0.0643
,-0.1882,0.5425,-0.1647,-0.18,0.5694,-0.0654,-0.1873,0.5095,-0.2459,-0.2052,0.5014,-0.2739,-0.2225,0.4507,-0.1995,-0.2255,0.281,-0.1223,-0.2232,0.1908,-0.0644,-0.11,0.5597,0.0678,-0.1071,0.5519,0.0478,-0.1489,0.5055,-0.14,-0.1318,0.527,-0.0621,-0.1499,0.4887,-0.2147,-0.1688,0.4993,-0.2608,-0.188,0.4564,-0.1748,-0.1944,0.2911,-0.0987,-0.2023,0.2014,-0.0489,-0.0363,0.6398,-0.1054
,-0.0303,0.6534,-0.0412,-0.083,0.6872,-0.1264,-0.0579,0.5972,-0.1892,-0.0931,0.5553,-0.2705,-0.1248,0.4816,-0.3367,-0.1218,0.3782,-0.2397,-0.1609,0.2529,-0.1455,-0.1765,0.1657,-0.1132,-0.0589,0.5462,-0.0731,-0.0379,0.5608,0.0488,-0.0864,0.5176,-0.1408,-0.1348,0.5048,-0.2587,-0.1059,0.49,-0.2288,-0.1418,0.4403,-0.1752,-0.1646,0.2767,-0.1079,-0.1734,0.6564,-0.2469,-0.1885,0.6614,-0.2253
,-0.1833,0.6437,-0.2398,-0.1575,0.6664,-0.2514,-0.1484,0.6897,-0.2334,-0.1648,0.6886,-0.2289,-0.1193,0.6831,-0.2447,-0.1286,0.7001,-0.2165,-0.1054,0.669,-0.2016,-0.0901,0.6785,-0.2012,-0.0958,0.6668,-0.2045,-0.1528,0.6622,-0.2011,-0.1582,0.6916,-0.1697,-0.1312,0.6699,-0.1921,-0.0898,0.6811,-0.2176,-0.0718,0.6684,-0.2067,-0.1177,0.6935,-0.1922,-0.0991,0.6866,-0.2153,-0.0993,0.6836,-0.1972
,-0.0983,0.6708,-0.2207,-0.1064,0.6717,-0.2248,-0.0595,0.6519,-0.2149,-0.0542,0.6552,-0.2271,-0.0609,0.6563,-0.2281,-0.1561,0.5883,-0.2874,-0.1551,0.5822,-0.2826,-0.1536,0.587,-0.2805,-0.0566,0.6593,-0.2132,-0.0779,0.6611,-0.2079,-0.0511,0.6549,-0.2158,-0.0532,0.6515,-0.2177,-0.0542,0.6552,-0.2271,-0.0569,0.6636,-0.2259,-0.0609,0.6563,-0.2281,-0.0516,0.6589,-0.2267,-0.082,0.6645,-0.2235
,-0.0593,0.6254,-0.3011,-0.0656,0.6188,-0.3067,-0.0592,0.6202,-0.3034,-0.0723,0.6413,-0.2901,-0.0704,0.6209,-0.3055,-0.082,0.6645,-0.2235,-0.0983,0.6708,-0.2207,-0.0907,0.5904,-0.3173,-0.0962,0.5892,-0.3207,-0.096,0.5876,-0.317,-0.1064,0.6717,-0.2248,-0.0989,0.6088,-0.2976,-0.0914,0.5961,-0.3201,-0.0896,0.5918,-0.3147,-0.0988,0.665,-0.2678,-0.1019,0.6492,-0.2834,-0.0899,0.6577,-0.2787
,-0.1241,0.6551,-0.27,-0.109,0.6473,-0.2621,-0.1123,0.6567,-0.272,-0.1865,0.6473,-0.2096,-0.1883,0.6721,-0.1714,-0.1741,0.6475,-0.2029,-0.066,0.6164,-0.3042,-0.0599,0.6209,-0.2974,-0.06,0.6189,-0.3014,-0.0715,0.6177,-0.3016,-0.0725,0.6337,-0.2835,-0.0855,0.6339,-0.2958,-0.0892,0.6445,-0.2708,-0.0725,0.6337,-0.2835,-0.1521,0.6209,-0.2673,-0.1535,0.6179,-0.2858,-0.1584,0.6301,-0.2726
,-0.0853,0.6281,-0.2913,-0.0892,0.6445,-0.2708,-0.1006,0.6408,-0.2763,-0.0987,0.6511,-0.2594,-0.0892,0.6445,-0.2708,-0.1711,0.6104,-0.2612,-0.1761,0.6205,-0.2623,-0.1725,0.6158,-0.2567,-0.1564,0.5828,-0.2868,-0.1593,0.5806,-0.2822,-0.1128,0.6082,-0.3068,-0.0996,0.5909,-0.32,-0.0911,0.5916,-0.3199,-0.1013,0.6562,-0.2544,-0.1064,0.6717,-0.2248,-0.06,0.6189,-0.3014,-0.112,0.6326,-0.2927
,-0.1255,0.6263,-0.2938,-0.1166,0.6351,-0.2685,-0.1221,0.6189,-0.2832,-0.1318,0.6292,-0.2726,-0.1414,0.5938,-0.2931,-0.1497,0.6124,-0.2778,-0.0994,0.5884,-0.3131,-0.1193,0.6457,-0.2778,-0.1347,0.6366,-0.2776,-0.1337,0.5779,-0.3087,-0.1425,0.5952,-0.3033,-0.0896,0.5918,-0.3147,-0.096,0.5876,-0.317,-0.0994,0.5884,-0.3131,-0.0989,0.6088,-0.2976,-0.0994,0.5884,-0.3131,-0.1101,0.6024,-0.2981
,-0.066,0.6164,-0.3042,-0.1102,0.6241,-0.2821,-0.1348,0.5813,-0.3145,-0.125,0.5802,-0.3152,-0.1239,0.584,-0.314,-0.1297,0.5984,-0.2936,-0.1337,0.5779,-0.3087,-0.1414,0.5938,-0.2931,-0.1395,0.6247,-0.2884,-0.1294,0.6004,-0.3034,-0.1634,0.585,-0.2857,-0.1604,0.6019,-0.2814,-0.1612,0.6204,-0.2588,-0.1711,0.6104,-0.2612,-0.1725,0.6158,-0.2567,-0.1658,0.6198,-0.2731,-0.1566,0.6003,-0.2726
,-0.1599,0.6143,-0.2643,-0.1297,0.5984,-0.2936,-0.137,0.6177,-0.2792,-0.1612,0.6204,-0.2588,-0.1655,0.636,-0.2644,-0.1671,0.6263,-0.2684,-0.0987,0.6511,-0.2594,-0.1448,0.6365,-0.2771,-0.1425,0.6232,-0.267,-0.1401,0.6289,-0.2627,-0.1101,0.6024,-0.2981,-0.1006,0.6408,-0.2763,-0.1256,0.5787,-0.3127,-0.1337,0.5779,-0.3087,-0.1243,0.581,-0.3096,-0.137,0.6177,-0.2792,-0.1414,0.5938,-0.2931
,-0.1497,0.6124,-0.2778,-0.1579,0.6247,-0.2537,-0.1221,0.6189,-0.2832,-0.1005,0.615,-0.3055,-0.1102,0.6241,-0.2821,-0.1006,0.6408,-0.2763,-0.1178,0.6417,-0.259,-0.1166,0.6351,-0.2685,-0.0715,0.6177,-0.3016,-0.1746,0.6137,-0.2682,-0.1551,0.5822,-0.2826,-0.1622,0.5833,-0.2797,-0.1536,0.587,-0.2805,-0.1566,0.6003,-0.2726,-0.1665,0.5973,-0.2694,-0.1519,0.7062,-0.1794,-0.0609,0.6563,-0.2281
,-0.0742,0.6729,-0.2216,-0.082,0.6645,-0.2235,-0.1622,0.5833,-0.2797,-0.1694,0.5973,-0.2767,-0.1665,0.5973,-0.2694,-0.1665,0.5973,-0.2694,-0.0987,0.6511,-0.2594,-0.0483,0.7013,-0.0516,-0.0495,0.7731,-0.0701,-0.087,0.8403,-0.0678,-0.1616,0.7043,0.0374,-0.1461,0.689,0.0992,-0.1122,0.6007,0.1309,-0.1568,0.6392,0.0949,-0.1003,0.6706,0.1453,-0.0523,0.6655,0.1603,-0.0031,0.5832,0.0198
,-0.0094,0.5839,0.0127,-0.0031,0.5832,0.0198,-0.0298,0.6255,-0.0308,-0.0537,0.5539,-0.1659,-0.0275,0.5869,-0.0922,-0.0275,0.5869,-0.0922,-0.078,0.5112,-0.2506,-0.078,0.5112,-0.2506,-0.1095,0.4794,-0.2933,-0.1095,0.4794,-0.2933,-0.1127,0.4102,-0.2062,-0.1095,0.4794,-0.2933,-0.1584,0.2654,-0.1268,-0.1584,0.2654,-0.1268,-0.1784,0.1895,-0.0629,-0.1715,0.1711,-0.0946,-0.1715,0.1711,-0.0946
,-0.2226,0.1017,-0.1305,-0.1907,0.1562,-0.1323,-0.2225,0.159,-0.1153,-0.1978,0.056,-0.1683,-0.2324,0.0521,-0.1625,-0.1657,0.1045,-0.1239,-0.1907,0.1562,-0.1323,-0.1903,0.1058,-0.142,-0.1576,0.0557,-0.1716,-0.2169,0.1577,-0.0242,-0.2023,0.2014,-0.0489,-0.202,0.1667,-0.011,-0.1769,0.1535,-0.0262,-0.2023,0.2014,-0.0489,-0.1784,0.1895,-0.0629,-0.2161,0.1285,-0.0041,-0.1981,0.1283,0.0026
,-0.1773,0.1205,-0.006,-0.2298,0.1398,-0.0457,-0.2232,0.1908,-0.0644,-0.2314,0.1226,-0.0274,-0.2368,0.1244,-0.0749,-0.2318,0.1786,-0.0872,-0.2388,0.1001,-0.0599,-0.2225,0.159,-0.1153,-0.2421,0.0796,-0.0916,-0.2548,0.0564,-0.1374,-0.243,0.0888,-0.109,-0.2513,0.0416,-0.1225,-0.1692,0.1284,-0.0644,-0.1784,0.1895,-0.0629,-0.1715,0.1711,-0.0946,-0.1692,0.1284,-0.0644,-0.1765,0.1657,-0.1132
,-0.174,0.1087,-0.0386,-0.1696,0.0795,-0.1044,-0.1692,0.1284,-0.0644,-0.1526,0.0334,-0.1464,-0.2293,0.0085,-0.1805,-0.2116,0.0066,-0.2079,-0.2333,0.019,-0.1867,-0.2073,-0.0019,-0.2012,-0.164,0.003,-0.2142,-0.251,0.014,-0.1731,-0.2535,0.0254,-0.1779,-0.1953,0.103,-0.0257,-0.1773,0.1205,-0.006,-0.174,0.1087,-0.0386,-0.1949,0.0727,-0.0941,-0.174,0.1087,-0.0386,-0.1696,0.0795,-0.1044
,-0.1868,0.0298,-0.133,-0.1696,0.0795,-0.1044,-0.1526,0.0334,-0.1464,-0.2221,0.0386,-0.1252,-0.2247,0.0705,-0.0852,-0.2322,0.0351,-0.1774,-0.206,0.0297,-0.1923,-0.1586,0.0313,-0.1934,-0.2519,0.0402,-0.1662,-0.247,0.0247,-0.1534,-0.1576,0.0057,-0.1783,-0.162,-0.0069,-0.2008,-0.1931,0.0109,-0.1667,-0.1526,0.0334,-0.1464,-0.1576,0.0057,-0.1783,-0.162,-0.0069,-0.2008,-0.2073,-0.0019,-0.2012
,-0.2253,0.015,-0.1619,-0.2293,0.0085,-0.1805,-0.2073,-0.0019,-0.2012,-0.247,0.0247,-0.1534,-0.251,0.014,-0.1731,-0.2293,0.0085,-0.1805,-0.06,0.6189,-0.3014,-0.066,0.6164,-0.3042,-0.1802,0.6343,-0.2271,-0.178,0.6298,-0.2562,-0.1318,0.6292,-0.2726,-0.1102,0.6241,-0.2821,-0.1166,0.6351,-0.2685,-0.0725,0.6337,-0.2835,-0.0599,0.6209,-0.2974,-0.1256,0.5787,-0.3127,-0.1319,0.5776,-0.3155
,-0.1313,0.5767,-0.3128,-0.1612,0.6204,-0.2588,-0.1041,0.6686,-0.2627,-0.1449,0.6428,-0.2715,-0.1802,0.6753,-0.228,-0.1865,0.6473,-0.2096,-0.1243,0.581,-0.3096,-0.1256,0.5787,-0.3127,-0.1401,0.6289,-0.2627,-0.1521,0.6209,-0.2673,-0.1579,0.6247,-0.2537,-0.1178,0.6417,-0.259,-0.1401,0.6289,-0.2627,-0.1013,0.6562,-0.2544,-0.109,0.6473,-0.2621,-0.1178,0.6417,-0.259,-0.0983,0.6708,-0.2207
,-0.1064,0.6717,-0.2248,-0.1622,0.5833,-0.2797,-0.1611,0.5814,-0.2859,-0.1489,0.6479,-0.2312,-0.1579,0.6247,-0.2537,-0.1656,0.6365,-0.226,-0.1178,0.6417,-0.259,-0.1276,0.6564,-0.2313,-0.1013,0.6562,-0.2544,-0.173,0.6188,-0.2532,-0.1802,0.6343,-0.2271,-0.1725,0.6158,-0.2567,-0.141,0.675,-0.2535,-0.1425,0.6232,-0.267,-0.1497,0.6124,-0.2778,-0.1521,0.6209,-0.2673,-0.1802,0.6343,-0.2271
,-0.0201,1.3631,-0.0769,-0.0239,1.3664,-0.078,-0.0432,1.365,-0.0722,-0.0333,1.3679,-0.0781,-0.0337,1.3617,-0.0771,-0.0342,1.3605,-0.0803,-0.0273,1.3619,-0.0781,-0.2161,1.114,0.0784,-0.253,1.0268,0.0031,-0.2164,1.132,0.0365,-0.2087,0.9247,-0.043,-0.2629,0.8935,0.019,-0.2347,0.9856,0.0561,-0.282,0.9284,-0.0246,-0.2379,0.8928,0.0155,-0.2696,0.8205,-0.0753,-0.2512,0.8474,-0.1023
,-0.1969,0.8467,-0.0887,-0.216,0.8566,-0.1036,-0.2362,0.9291,-0.0578,-0.2402,0.8042,-0.0478,-0.1243,0.581,-0.3096,-0.1297,0.5984,-0.2936,-0.1582,0.6916,-0.1697,-0.1897,0.8284,-0.0737,-0.1519,0.7062,-0.1794,-0.2402,0.8042,-0.0478,-0.1696,0.7085,-0.198,-0.1857,0.6981,-0.1989,-0.1716,0.68,-0.1678,-0.197,0.675,-0.1741,-0.1733,0.6825,0.0339,-0.1286,0.7027,-0.0018,-0.197,0.675,-0.1741
,-0.1961,0.6854,-0.1928,-0.2161,0.1285,-0.0041,-0.1981,0.1283,0.0026,-0.2184,0.1015,-0.0284,-0.2161,0.1285,-0.0041,-0.0216,1.2944,-0.0793,-0.0202,1.2936,-0.0845,-0.0092,1.2963,-0.0859,-0.0168,1.2937,-0.0797,-0.009,1.2929,-0.0844,-0.0223,1.2945,-0.0854,-0.0169,1.2965,-0.0819,-0.0221,1.2942,-0.0798,0,1.3159,-0.0973,0,1.3179,-0.101,-0.0646,1.4095,-0.021,-0.0703,1.3903,-0.0056
,0,0.9122,-0.0826,-0.0538,0.8449,-0.0767,0,0.8418,-0.0758,0,1.0611,-0.0624,-0.0846,1.0609,-0.0652,-0.0744,1.3567,0.0292,-0.0709,1.3311,0.0239,-0.0656,1.3165,0.0027,-0.073,1.3479,0.0056,-0.0604,1.3956,-0.0461,-0.0703,1.3903,-0.0056,-0.0555,1.4248,-0.0453,-0.0417,1.4333,-0.0608,-0.0234,1.4385,-0.0687,-0.0294,1.1755,-0.0115,-0.0195,1.2019,-0.0177,-0.0563,1.2797,0.0386
,-0.061,1.2426,0.0552,-0.077,1.2228,0.0693,-0.0251,1.2397,-0.0223,0,1.2695,0.0819,-0.0496,0.5879,0.1425,0,0.6591,0.1459,0.0005,0.6077,0.1237,0,1.2924,-0.0855,0,1.294,-0.0931,0.0001,1.2984,-0.085,0,1.2959,-0.0939,-0.0096,1.2895,-0.0938,0,1.3389,-0.1025,0,1.3515,-0.0936,-0.0953,0.9104,-0.078,-0.0564,0.9145,-0.0818,0,0.7718,-0.0738
,0,1.3674,-0.0877,-0.1015,1.0253,-0.08,-0.0935,1.0069,-0.082,-0.0787,1.0238,-0.0841,-0.0913,0.9999,-0.0818,-0.0623,1.0014,-0.0888,-0.1213,0.9956,-0.0693,-0.1026,0.996,-0.0799,-0.1043,1.0014,-0.0785,0,1.4324,0.1036,0,0.7741,0.1254,-0.0234,1.4385,-0.0687,0,1.4685,-0.0317,-0.1511,1.1265,0.1259,0,1.1975,-0.0206,-0.0003,1.1681,-0.0152,0.0001,1.2984,-0.085
,-0.009,1.2929,-0.0844,0,1.2607,-0.0145,0,1.3821,-0.0902,0,1.2767,-0.0894,0,1.2645,-0.0896,0,1.3086,-0.0966,0,1.4103,-0.0863,0,1.4643,0.07,-0.0001,1.207,0.097,-0.033,1.2091,0.0963,-0.0436,0.6661,-0.0441,0,0.7001,-0.0578,0,1.3003,-0.0993,0,1.2845,-0.095,0,1.2888,-0.0957,0,1.3192,-0.1038,0,1.3243,-0.1082
,0,1.3292,-0.1077,0,1.2542,-0.0821,0,1.2475,-0.0622,0,1.2439,-0.0442,-0.0103,1.2486,-0.0627,0,1.0187,-0.0685,-0.0641,1.0343,-0.0808,-0.0451,1.0058,-0.0845,-0.0924,1.183,0.1198,-0.105,1.2118,0.0744,-0.056,1.0267,0.1389,0,0.9955,0.1295,0,0.9353,0.1245,0,1.4411,-0.0716,-0.1076,1.0618,-0.0445,-0.0996,1.0389,-0.0764,0,1.2285,-0.0277
,0,0.9844,-0.0773,-0.0681,0.9705,-0.0859,0,0.6633,-0.0535,0,0.6195,-0.0448,-0.0031,0.5832,0.0198,0.0002,0.5683,0.0488,-0.1029,1.0059,-0.0786,-0.098,1.007,-0.0803,0.0002,0.5683,0.0488,-0.0248,0.5616,0.0873,0.0006,0.5782,0.0922,-0.0001,1.0623,0.129,0,1.0285,0.1295,-0.1572,1.0194,0.0999,-0.15,1.0216,0.0229,-0.0478,1.1333,0.1279,-0.1433,1.1974,0.0864
,-0.0001,1.1331,0.1164,-0.1134,1.1989,0.0396,-0.105,1.2118,0.0744,-0.077,1.2228,0.0693,-0.16,1.1747,0.0195,-0.1288,1.1641,0.0082,-0.1461,1.1938,0.0318,-0.1795,1.1773,0.0529,-0.167,1.0375,0.0904,-0.1511,1.1265,0.1259,-0.1572,1.0194,0.0999,-0.1572,1.0194,0.0999,-0.1523,1.0445,0.0378,-0.167,1.0375,0.0904,-0.1345,1.0607,0.027,-0.15,1.0216,0.0229,-0.1284,1.0641,0.0073
,-0.1269,1.089,0.0052,-0.12,1.127,-0.0024,-0.1394,1.1438,0.0021,-0.167,1.0375,0.0904,-0.1794,1.0535,0.0861,-0.1762,1.1241,0.1097,-0.1433,1.1974,0.0864,-0.0275,0.5869,-0.0922,-0.0717,1.3485,-0.0007,-0.0656,1.3165,0.0027,-0.0656,1.3165,0.0027,-0.0592,1.299,0.019,-0.0944,0.9626,-0.0786,-0.1599,0.6143,-0.2643,-0.1711,0.6104,-0.2612,-0.173,0.6188,-0.2532,-0.0542,0.6552,-0.2271
,-0.1865,0.6473,-0.2096,-0.1961,0.6854,-0.1928,-0.197,0.675,-0.1741,-0.1961,0.6854,-0.1928,-0.1857,0.6981,-0.1989,-0.1857,0.6981,-0.1989,-0.1696,0.7085,-0.198,-0.1696,0.7085,-0.198,-0.0954,0.9739,-0.081,-0.0924,0.994,-0.0819,-0.0972,0.9927,-0.081,-0.0774,0.9802,-0.0873,-0.1184,1.022,-0.0723,-0.1122,0.9795,-0.0741,-0.1268,1.0314,-0.0577,-0.0168,1.2937,-0.0797,-0.0216,1.2944,-0.0793
,-0.0168,1.2937,-0.0797,0,1.3149,0.0017,-0.0337,1.1604,-0.0126,-0.1217,1.0628,-0.0171,-0.12,1.127,-0.0024,-0.1284,1.0641,0.0073,-0.1288,1.1641,0.0082,-0.0818,1.1201,-0.0214,-0.1284,1.0641,0.0073,0,0.8816,0.1226,-0.1433,1.1974,0.0864,-0.105,1.2118,0.0744,-0.1288,1.1641,0.0082,-0.12,1.127,-0.0024,0.0187,1.2753,-0.0036,0.0091,1.3335,-0.021,0.0169,1.2965,-0.0819
,0.0092,1.2963,-0.0859,0.023,1.2932,-0.0775,0.0252,1.2855,-0.0053,0.0216,1.2944,-0.0793,0.017,1.3298,-0.016,0.0312,1.303,-0.0042,0.0242,1.3243,-0.0099,0.0221,1.2942,-0.0798,0.0237,1.3665,-0.079,0.034,1.376,-0.0848,0.0203,1.3738,-0.0857,0.0332,1.3681,-0.0793,0.0441,1.375,-0.08,0.0211,1.3557,-0.0798,0.0191,1.3627,-0.078,0.0122,1.3621,-0.0807,0.0459,1.3648,-0.0729
,0.0437,1.3548,-0.0725,0.0525,1.3664,-0.0685,0.0422,1.36,-0.0755,0.031,1.3533,-0.0779,0.0367,1.1931,0.1036,0.0241,1.2934,-0.0841,0.0264,1.2976,-0.0849,0.0238,1.2959,-0.0861,0.0245,1.2891,-0.0845,0.0281,1.2937,-0.0828,0.0171,1.3021,-0.093,0.008,1.2997,-0.0974,0.017,1.2993,-0.0927,0.0172,1.2851,-0.0885,0.0216,1.2914,-0.0865,0.0171,1.2902,-0.0898,0.0099,1.2847,-0.0925
,0.0096,1.2895,-0.0938,0.009,1.2957,-0.0923,0.0171,1.2955,-0.0891,0.0223,1.2945,-0.0854,0.0229,1.2936,-0.0841,0.0093,1.2947,-0.0895,0.0164,1.2948,-0.0853,0.0273,1.2843,-0.0812,0.036,1.2915,-0.0757,0.0173,1.278,-0.0856,0.0091,1.2759,-0.0881,0.0078,1.3691,-0.0861,0.0145,1.383,-0.0903,0.0351,1.3857,-0.0861,0.0494,1.3841,-0.0767,0.0583,1.375,-0.0631,0.0116,1.3234,-0.1
,0.0058,1.32,-0.1008,0.0091,1.3215,-0.0974,0.0109,1.3214,-0.0924,0.0151,1.3229,-0.0921,0.0115,1.3182,-0.0912,0.0166,1.3202,-0.0877,0.0062,1.3195,-0.0967,0.0061,1.3153,-0.0953,0.0143,1.3292,-0.0976,0.0071,1.339,-0.1004,0.0081,1.3291,-0.1049,0.0076,1.3239,-0.1044,0.0205,1.2528,-0.0602,0.0293,1.2615,-0.0664,0.0211,1.2574,-0.0729,0.0103,1.2486,-0.0627,0.0126,1.2557,-0.0793
,0.0383,1.2684,-0.058,0.0328,1.2604,-0.0546,0.0303,1.2673,-0.0701,0.0219,1.2657,-0.0786,0.0115,1.265,-0.0859,0.0337,1.3035,-0.0791,0.0236,1.31,-0.0867,0.0462,1.2935,-0.0608,0.0433,1.3139,-0.0726,0.0286,1.3191,-0.0813,0.0376,1.3376,-0.0792,0.0569,1.2877,-0.0169,0.064,1.3189,-0.0257,0.0561,1.3024,-0.0438,0.0483,1.2743,-0.0376,0.0549,1.321,-0.0595,0.0516,1.3429,-0.0706
,0.0643,1.3329,-0.0379,0.0615,1.3504,-0.0535,0.0127,1.3371,-0.0931,0.0174,1.3277,-0.0907,0.0188,1.3299,-0.0845,0.0148,1.3097,-0.0925,0.0077,1.3039,-0.0981,0.0689,1.3676,-0.0131,0.0717,1.3485,-0.0007,0.0747,1.3671,0.0054,0.068,1.3518,-0.0244,0.0647,1.3661,-0.044,0.007,1.3521,-0.0913,0.0119,1.3502,-0.0874,0.0181,1.3458,-0.083,0.0072,1.3089,-0.0965,0.0648,1.3794,-0.0306
,0.0181,1.4092,-0.0855,0.038,1.409,-0.0774,0.0509,1.4041,-0.0647,0.0604,1.3956,-0.0461,0.0592,1.299,0.019,0.0512,1.2643,0.0114,0.0563,1.2797,0.0386,0.0592,1.299,0.019,0.0617,1.3172,0.0427,0.0709,1.3311,0.0239,0.0328,1.2604,-0.0546,0.0247,1.2509,-0.037,0.0394,1.2628,-0.0287,0.0205,1.2528,-0.0602,0.0113,1.2449,-0.0433,0.0394,1.2628,-0.0287,0.0394,1.2628,-0.0287
,0.0523,1.2794,0.0009,0.0523,1.2794,0.0009,0.0416,1.2528,-0.0046,0.0627,1.3043,-0.0036,0.0592,1.299,0.019,0.0606,1.4464,0.0212,0.0701,1.4214,0.0095,0.0684,1.4292,0.0386,0.0237,1.4658,-0.0303,0.0417,1.4333,-0.0608,0.0431,1.4569,-0.0268,0.0431,1.4614,0.0198,0.0597,1.4438,-0.0112,0.0555,1.4248,-0.0453,0.0699,1.3482,0.0481,0.0501,1.4511,0.0583,0.0347,1.4596,0.0648
,0.0811,1.3692,0.013,0.0747,1.3671,0.0054,0.0782,1.3618,0.0068,0.0756,1.3717,0.0158,0.0825,1.3588,0.0262,0.0744,1.3567,0.0292,0.0767,1.3187,0.0077,0.0709,1.3311,0.0239,0.0814,1.3289,0.0247,0.0646,1.4095,-0.021,0.0703,1.3903,-0.0056,0.0756,1.3717,0.0158,0.0736,1.3964,0.0153,0.0717,1.3736,0.0508,0.0744,1.3567,0.0292,0.0294,1.4267,0.0999,0.0243,1.4716,0.0195
,0.053,1.3814,0.0873,0.0222,1.3434,0.0976,0.0291,1.3864,0.1064,0.0389,1.3026,0.0645,0.0191,1.2993,0.0772,0.0724,1.4022,0.0472,0.0546,1.4149,0.0803,0.0142,1.2342,-0.0266,0.0251,1.2397,-0.0223,0.0563,1.2797,0.0386,0.0395,1.2731,0.0635,0.0199,1.2705,0.078,0.0571,1.2165,0.0892,0.0217,1.2459,0.0839,0.0452,1.2469,0.0714,0.0768,1.2223,0.0701,0.061,1.2426,0.0552
,0.0621,1.2342,0.0325,0.0567,1.2217,0.015,0.0843,1.2133,0.0423,0.0505,1.1834,0.002,0.0392,1.2092,-0.0065,0.1299,0.995,-0.0555,0.149,1.0156,-0.0079,0.1272,1.0318,-0.0611,0.0487,1.1152,-0.0367,0.0335,1.1597,-0.0125,0.1465,0.8196,-0.0022,0.1432,0.8795,0.0477,0.1442,0.882,-0.0094,0.1132,0.82,0.0903,0.1454,0.744,0.0843,0.1047,0.7416,0.1237,0.1423,0.9408,-0.0126
,0.1235,0.8991,-0.0622,0.0628,0.8227,0.1135,0.0589,0.7482,0.1355,0.1176,0.8833,0.0965,0.1428,0.9242,0.0489,0.1449,0.977,-0.0073,0.1192,0.9651,-0.063,0.0713,1.2016,0.1008,0.0431,1.1655,0.1144,0.1514,0.9892,0.0722,0.1162,0.9263,0.1027,0.1436,0.9562,0.0556,0.0534,0.9923,0.1381,0.115,1.0109,0.1312,0.1132,0.9732,0.1216,0.0578,0.9326,0.1305,0.1164,0.8378,-0.0522
,0.0834,0.7743,-0.0544,0.1148,0.7784,-0.0375,0.1419,0.8169,0.0472,0.1513,0.7622,0.0183,0.0592,0.8803,0.1202,0.0848,0.7102,-0.0047,0.1191,0.7241,0.007,0.0814,0.7142,-0.024,0.1856,0.9961,-0.0028,0.1961,0.9173,-0.0531,0.1704,1.0092,-0.0192,0.2072,0.9072,-0.0403,0.1661,0.833,-0.095,0.1712,1.0453,0.0406,0.1601,1.0466,0.0135,0.1711,1.0261,-0.0365,0.1486,1.0687,-0.0077
,0.1986,1.0306,-0.051,0.1508,1.1078,-0.0188,0.0679,1.1619,-0.0001,0.1052,1.1307,-0.0065,0.1037,1.1675,0.0146,0.1914,0.8125,-0.0705,0.172,0.8213,-0.0789,0.2063,0.9856,0.0096,0.2276,0.9052,-0.029,0.1023,1.1261,0.1446,0.0553,1.0643,0.1395,0.0473,1.1317,0.1282,0.2366,0.9893,0.0206,0.1826,1.0496,0.0727,0.2628,1.012,-0.008,0.2366,0.9893,0.0206,0.1435,0.7145,-0.0401
,0.0873,0.718,-0.0276,0.0868,0.7173,-0.056,0.1035,0.6395,-0.2228,0.1524,0.6871,-0.1227,0.083,0.6854,-0.1341,0.1284,0.593,-0.2973,0.1578,0.639,-0.2182,0.1513,0.4901,-0.3581,0.1701,0.5754,-0.3091,0.1579,0.3745,-0.2623,0.1819,0.4824,-0.3528,0.2073,0.2691,-0.1647,0.1701,0.2698,-0.1556,0.1907,0.1815,-0.1111,0.1766,0.6837,0.0111,0.1808,0.6713,-0.0233,0.1895,0.6481,-0.1061
,0.1942,0.6003,-0.2042,0.1902,0.5403,-0.287,0.2107,0.4874,-0.3214,0.2,0.3841,-0.2727,0.236,0.4293,-0.2419,0.226,0.2918,-0.1384,0.2225,0.1861,-0.0945,0.2318,0.2085,-0.0685,0.1618,0.5894,0.0126,0.1882,0.5419,-0.1774,0.1873,0.5125,-0.2614,0.2052,0.5091,-0.2897,0.2225,0.4675,-0.2085,0.2255,0.3067,-0.1141,0.2232,0.223,-0.0471,0.1101,0.5481,0.0286,0.1071,0.5439,0.0105
,0.1489,0.5042,-0.1534,0.18,0.5658,-0.0768,0.1499,0.4898,-0.229,0.1688,0.5086,-0.2774,0.188,0.4757,-0.1845,0.1944,0.3192,-0.0917,0.2023,0.2352,-0.0328,0.0303,0.6591,-0.0507,0.0579,0.5975,-0.1998,0.0363,0.6397,-0.116,0.0931,0.5578,-0.2825,0.1248,0.4854,-0.3465,0.1218,0.3911,-0.241,0.1765,0.193,-0.093,0.1609,0.2764,-0.1342,0.0589,0.5429,-0.0853,0.0379,0.5603,0.0127
,0.1318,0.5234,-0.0749,0.0864,0.5164,-0.1538,0.1059,0.4916,-0.2429,0.1348,0.5133,-0.2753,0.1418,0.4596,-0.1833,0.1646,0.3039,-0.0993,0.1784,0.2219,-0.0455,0.1536,0.6715,-0.2437,0.1384,0.6613,-0.2633,0.1537,0.6537,-0.259,0.1193,0.6638,-0.2646,0.1046,0.6815,-0.243,0.1006,0.6647,-0.2634,0.0794,0.6644,-0.2512,0.0624,0.643,-0.2244,0.08,0.6431,-0.2278,0.0718,0.6389,-0.2331
,0.1224,0.6884,-0.1806,0.1253,0.6567,-0.2155,0.1043,0.6505,-0.2147,0.0492,0.6309,-0.2365,0.0583,0.6537,-0.2364,0.0825,0.662,-0.2047,0.0648,0.6601,-0.2298,0.0854,0.6822,-0.2219,0.0758,0.6514,-0.2372,0.0435,0.6182,-0.2538,0.0354,0.625,-0.2625,0.0376,0.6167,-0.257,0.1464,0.5874,-0.3032,0.144,0.5935,-0.3074,0.1435,0.5911,-0.3004,0.0575,0.6289,-0.241,0.0382,0.6213,-0.2485
,0.0346,0.6173,-0.2537,0.0376,0.6167,-0.257,0.0346,0.6316,-0.2565,0.0354,0.625,-0.2625,0.0408,0.6292,-0.262,0.0316,0.6263,-0.2603,0.0408,0.6292,-0.262,0.0397,0.5868,-0.3037,0.0471,0.5837,-0.3107,0.0507,0.5876,-0.31,0.0466,0.6064,-0.2931,0.0606,0.6054,-0.3013,0.0571,0.6417,-0.2515,0.0696,0.6508,-0.2423,0.0843,0.5701,-0.3317,0.0794,0.5688,-0.3275,0.0854,0.5684,-0.3282
,0.0758,0.6514,-0.2372,0.0826,0.5883,-0.3074,0.0773,0.5743,-0.3297,0.0801,0.5949,-0.3148,0.0645,0.6383,-0.2725,0.0711,0.6258,-0.2899,0.0792,0.6366,-0.2794,0.0908,0.6401,-0.2793,0.0818,0.6265,-0.2701,0.0926,0.6249,-0.2688,0.1501,0.6522,-0.221,0.1605,0.6781,-0.1885,0.1602,0.6575,-0.2293,0.0488,0.5816,-0.3085,0.0427,0.5828,-0.3005,0.0537,0.585,-0.3066,0.0511,0.5994,-0.2873
,0.0636,0.6,-0.2974,0.0576,0.6283,-0.2828,0.0638,0.6158,-0.2761,0.0511,0.5994,-0.2873,0.1304,0.6207,-0.2839,0.1298,0.6192,-0.3026,0.13,0.6123,-0.2947,0.0638,0.6158,-0.2761,0.0746,0.6175,-0.2836,0.0714,0.6255,-0.2658,0.0818,0.6265,-0.2701,0.1528,0.619,-0.2816,0.1529,0.6303,-0.2824,0.1534,0.6237,-0.2886,0.1509,0.5877,-0.3035,0.1466,0.5886,-0.3075,0.0937,0.5939,-0.3185
,0.0789,0.5701,-0.33,0.0758,0.6514,-0.2372,0.0685,0.6437,-0.2679,0.0429,0.5813,-0.3047,0.0427,0.5828,-0.3005,0.0853,0.6153,-0.3021,0.0999,0.6152,-0.3057,0.1017,0.6068,-0.2955,0.0926,0.6188,-0.2787,0.1079,0.6199,-0.2855,0.1276,0.5925,-0.3105,0.0867,0.5731,-0.3313,0.0891,0.6298,-0.2872,0.1066,0.628,-0.29,0.1262,0.5945,-0.3206,0.1246,0.5752,-0.3263,0.0854,0.5684,-0.3282
,0.0783,0.5695,-0.3246,0.0887,0.5705,-0.3248,0.0826,0.5883,-0.3074,0.0952,0.5873,-0.3101,0.0488,0.5816,-0.3085,0.0537,0.585,-0.3066,0.089,0.6065,-0.2922,0.1147,0.5739,-0.3313,0.1232,0.579,-0.3318,0.1124,0.5769,-0.3296,0.1151,0.5918,-0.3088,0.1246,0.5752,-0.3263,0.1147,0.5742,-0.3256,0.114,0.6195,-0.3025,0.1124,0.5937,-0.3183,0.1521,0.5935,-0.3072,0.1432,0.6075,-0.3008
,0.154,0.607,-0.298,0.1402,0.6239,-0.2768,0.1528,0.619,-0.2816,0.1407,0.618,-0.2827,0.142,0.6041,-0.2918,0.1422,0.6257,-0.2917,0.1407,0.618,-0.2827,0.1151,0.5918,-0.3088,0.1162,0.6119,-0.2938,0.1402,0.6239,-0.2768,0.1367,0.64,-0.2814,0.1363,0.6262,-0.2709,0.0726,0.631,-0.2606,0.0714,0.6255,-0.2658,0.1158,0.6322,-0.291,0.1314,0.6319,-0.2891,0.1209,0.6188,-0.2821
,0.1172,0.6229,-0.2769,0.1142,0.6377,-0.2849,0.0783,0.5695,-0.3246,0.0887,0.5705,-0.3248,0.0952,0.5873,-0.3101,0.0746,0.6175,-0.2836,0.0636,0.6,-0.2974,0.1246,0.5752,-0.3263,0.1163,0.5727,-0.329,0.1162,0.6119,-0.2938,0.1276,0.5925,-0.3105,0.1017,0.6068,-0.2955,0.089,0.6065,-0.2922,0.0746,0.6175,-0.2836,0.0537,0.585,-0.3066,0.0636,0.6,-0.2974,0.1528,0.5913,-0.3012
,0.1464,0.5874,-0.3032,0.1435,0.5911,-0.3004,0.142,0.6041,-0.2918,0.1435,0.5911,-0.3004,0.1415,0.632,-0.2866,0.1546,0.6759,-0.1871,0.138,0.6796,-0.1805,0.111,0.6992,-0.188,0.047,0.6433,-0.2459,0.1528,0.5913,-0.3012,0.1527,0.6055,-0.2903,0.0714,0.6255,-0.2658,0.0436,0.6747,-0.0378,0.0483,0.7035,-0.0479,0.087,0.8403,-0.0674,0.0495,0.7733,-0.0692,0.1616,0.7069,0.056
,0.1461,0.6712,0.1061,0.1003,0.6368,0.1377,0.1611,0.6015,0.0419,0.1122,0.5695,0.0911,0.1568,0.6255,0.0823,0.0523,0.6276,0.1458,0.0031,0.5851,0.0098,0.0094,0.5842,0.0029,0.0031,0.5851,0.0098,0.0094,0.5842,0.0029,0.0537,0.5535,-0.1778,0.0275,0.5858,-0.1049,0.0537,0.5535,-0.1778,0.078,0.5134,-0.2639,0.078,0.5134,-0.2639,0.1095,0.4865,-0.3074,0.1095,0.4865,-0.3074
,0.1127,0.4265,-0.211,0.1095,0.4865,-0.3074,0.1127,0.4265,-0.211,0.1584,0.2907,-0.1169,0.1584,0.2907,-0.1169,0.1715,0.2003,-0.0751,0.1715,0.2003,-0.0751,0.2226,0.1275,-0.1036,0.1907,0.1815,-0.1111,0.1903,0.1304,-0.1155,0.1978,0.0781,-0.1365,0.2324,0.0748,-0.1303,0.1657,0.131,-0.0974,0.1907,0.1815,-0.1111,0.1765,0.193,-0.093,0.1576,0.0775,-0.1397,0.2023,0.2352,-0.0328
,0.2169,0.1942,-0.0037,0.202,0.2045,0.0084,0.1769,0.1899,-0.0053,0.2023,0.2352,-0.0328,0.2161,0.1673,0.0193,0.1981,0.1678,0.026,0.1773,0.1591,0.0183,0.2298,0.1742,-0.0232,0.2232,0.223,-0.0471,0.2318,0.2085,-0.0685,0.2314,0.159,-0.0033,0.2368,0.1559,-0.0507,0.2318,0.2085,-0.0685,0.2225,0.1861,-0.0945,0.2388,0.1332,-0.0333,0.243,0.1169,-0.0809,0.2421,0.1096,-0.0627
,0.2548,0.0818,-0.1058,0.2513,0.0686,-0.0894,0.1692,0.1609,-0.0406,0.1784,0.2219,-0.0455,0.1765,0.193,-0.093,0.1692,0.1609,-0.0406,0.174,0.144,-0.013,0.1696,0.1082,-0.0754,0.1692,0.1609,-0.0406,0.174,0.144,-0.013,0.1526,0.0579,-0.1123,0.2293,0.0296,-0.1436,0.2116,0.0249,-0.1707,0.2073,0.0171,-0.1632,0.1639,0.0206,-0.1766,0.162,0.0121,-0.1623,0.251,0.0359,-0.1369
,0.2333,0.0395,-0.1509,0.1953,0.1397,0.0005,0.1773,0.1591,0.0183,0.1981,0.1678,0.026,0.1949,0.1024,-0.0644,0.174,0.144,-0.013,0.1868,0.0557,-0.0986,0.1696,0.1082,-0.0754,0.2221,0.0653,-0.0918,0.2247,0.1012,-0.0553,0.2322,0.0564,-0.1434,0.206,0.0494,-0.1576,0.1586,0.051,-0.1588,0.2535,0.0467,-0.1428,0.2519,0.0627,-0.1327,0.247,0.0486,-0.1184,0.1576,0.0271,-0.1412
,0.193,0.0335,-0.1302,0.1526,0.0579,-0.1123,0.162,0.0121,-0.1623,0.2073,0.0171,-0.1632,0.2253,0.038,-0.1258,0.2293,0.0296,-0.1436,0.247,0.0486,-0.1184,0.251,0.0359,-0.1369,0.247,0.0486,-0.1184,0.0488,0.5816,-0.3085,0.1568,0.6435,-0.247,0.1519,0.6394,-0.2757,0.1524,0.6273,-0.2732,0.1079,0.6199,-0.2855,0.089,0.6065,-0.2922,0.0926,0.6188,-0.2787,0.0511,0.5994,-0.2873
