{"producer":{"name":"Blender","version":"2.93.4","exporter_version":"2.93.4","file":"krysten01.babylon"},
"autoClear":true,"clearColor":[0.0509,0.0509,0.0509],"gravity":[0,-9.81,0],
"materials":[{"name":"bend","id":"bend","customType":"BABYLON.PBRMaterial","emissive":[0,0,0],"reflectivity":[0,0,0],"roughness":1,"alpha":1,"transparencyMode":0,"alphaCutOff":0.4,"metallic":0, 
"albedoTexture":{"name":"kirsten01b.jpg","level":1,"hasAlpha":false,"coordinatesMode":0,"uOffset":0,"vOffset":0,"uScale":1,"vScale":1,"uAng":0,"vAng":0,"wAng":0,"wrapU":1,"wrapV":1,"coordinatesIndex":0},"useAlphaFromAlbedoTexture":false},
{"name":"Low_poly_square_base:Low-poly:Eye_brown","id":"Low_poly_square_base:Low-poly:Eye_brown","customType":"BABYLON.PBRMaterial","reflectivity":[1,1,1],"roughness":0,"alpha":1,"transparencyMode":0,"alphaCutOff":0.4, 
"albedoTexture":{"name":"brown_eye.png","level":1,"hasAlpha":true,"coordinatesMode":0,"uOffset":0,"vOffset":0,"uScale":1,"vScale":1,"uAng":0,"vAng":0,"wAng":0,"wrapU":1,"wrapV":1,"coordinatesIndex":0},"useAlphaFromAlbedoTexture":true},
{"name":"white","id":"white","customType":"BABYLON.PBRMaterial","albedo":[0.8,0.8,0.8],"emissive":[0,0,0],"reflectivity":[0.5,0.5,0.5],"roughness":0.5,"alpha":1,"transparencyMode":0,"alphaCutOff":0.4,"metallic":0}],
"multiMaterials":[{"name":"krysten01.Multimaterial#0","id":"krysten01.Multimaterial#0","materials":["bend","white"]}],
"skeletons":[{"name":"Low_poly_square_base","id":0,"dimensionsAtRest":[1.0437,1.7234,0.3842],"bones":[
{"name":"Hips","index":0,"matrix":[1,0,0,0,0,0.9394,0.3429,0,0,0.3429,-0.9394,0,0,0.9332,-0.0054,1],"rest":[1,0,0,0,0,0.9394,0.3429,0,0,0.3429,-0.9394,0,0,0.9332,-0.0054,1],"parentBoneIndex":-1,"length":0.0933
,"animation":{"name":"anim","property":"_matrix","dataType":3,"framePerSecond":24,"loopBehavior":1,"keys":[]}},
{"name":"LHipJoint","index":1,"matrix":[-0.1064,0.0549,-0.9928,0,0.9942,-0.0121,-0.1072,0,-0.0179,-0.9984,-0.0533,0,0,0,0,1],"rest":[-0.1064,0.0549,-0.9928,0,0.9942,-0.0121,-0.1072,0,-0.0179,-0.9984,-0.0533,0,0,0,0,1],"parentBoneIndex":0,"length":0.1099
,"animation":{"name":"anim","property":"_matrix","dataType":3,"framePerSecond":24,"loopBehavior":1,"keys":[]}},
{"name":"LeftUpLeg","index":2,"matrix":[-0.1367,0.9837,-0.1165,0,0.1981,0.1423,0.9698,0,0.9706,0.1095,-0.2144,0,0,0.1099,0,1],"rest":[-0.1798,0.9782,-0.1043,0,0.1984,0.1399,0.9701,0,0.9635,0.1538,-0.2192,0,0,0.1099,0,1],"parentBoneIndex":1,"length":0.4251
,"animation":{"name":"anim","property":"_matrix","dataType":3,"framePerSecond":24,"loopBehavior":1,"keys":[]}},
{"name":"LeftLeg","index":3,"matrix":[0.9998,0.0011,0.0208,0,-0.0034,0.9941,0.1081,0,-0.0206,-0.1081,0.9939,0,0,0.4251,0,1],"rest":[0.9998,0.0011,0.0208,0,-0.0034,0.9941,0.1081,0,-0.0206,-0.1081,0.9939,0,0,0.4251,0,1],"parentBoneIndex":2,"length":0.4369
,"animation":{"name":"anim","property":"_matrix","dataType":3,"framePerSecond":24,"loopBehavior":1,"keys":[]}},
{"name":"LeftFoot","index":4,"matrix":[0.9963,-0.0245,0.0825,0,0.0861,0.2839,-0.955,0,0,0.9585,0.2849,0,0,0.4369,0,1],"rest":[0.9963,-0.0245,0.0825,0,0.0861,0.2839,-0.955,0,0,0.9585,0.2849,0,0,0.4369,0,1],"parentBoneIndex":3,"length":0.1494
,"animation":{"name":"anim","property":"_matrix","dataType":3,"framePerSecond":24,"loopBehavior":1,"keys":[]}},
{"name":"LeftToeBase","index":5,"matrix":[0.9987,0.0498,-0.0057,0,-0.0499,0.9803,-0.1913,0,-0.0039,0.1914,0.9815,0,0,0.1494,0,1],"rest":[0.9987,0.0498,-0.0057,0,-0.0499,0.9803,-0.1913,0,-0.0039,0.1914,0.9815,0,0,0.1494,0,1],"parentBoneIndex":4,"length":0.0209
,"animation":{"name":"anim","property":"_matrix","dataType":3,"framePerSecond":24,"loopBehavior":1,"keys":[]}},
{"name":"LowerBack","index":6,"matrix":[1,0,0,0,0,0.9372,0.3488,0,0,-0.3488,0.9372,0,0,0.0933,0,1],"rest":[1,0,0,0,0,0.9372,0.3488,0,0,-0.3488,0.9372,0,0,0.0933,0,1],"parentBoneIndex":0,"length":0.1311
,"animation":{"name":"anim","property":"_matrix","dataType":3,"framePerSecond":24,"loopBehavior":1,"keys":[]}},
{"name":"Spine","index":7,"matrix":[1,0,0,0,0,0.9864,-0.1645,0,0,0.1645,0.9864,0,0,0.1311,0,1],"rest":[1,0,0,0,0,0.9864,-0.1645,0,0,0.1645,0.9864,0,0,0.1311,0,1],"parentBoneIndex":6,"length":0.1385
,"animation":{"name":"anim","property":"_matrix","dataType":3,"framePerSecond":24,"loopBehavior":1,"keys":[]}},
{"name":"Spine1","index":8,"matrix":[1,0,0,0,0,0.9021,0.4316,0,0,-0.4316,0.9021,0,0,0.1385,0,1],"rest":[1,0,0,0,0,0.9021,0.4316,0,0,-0.4316,0.9021,0,0,0.1385,0,1],"parentBoneIndex":7,"length":0.2169
,"animation":{"name":"anim","property":"_matrix","dataType":3,"framePerSecond":24,"loopBehavior":1,"keys":[]}},
{"name":"LeftShoulder","index":9,"matrix":[-0.175,-0.9151,0.3632,0,0.9835,-0.1795,0.0217,0,0.0453,0.361,0.9315,0,0.023,0.1483,0.0321,1],"rest":[-0.175,-0.9151,0.3632,0,0.9835,-0.1795,0.0217,0,0.0453,0.361,0.9315,0,0.023,0.1483,0.0321,1],"parentBoneIndex":8,"length":0.1673
,"animation":{"name":"anim","property":"_matrix","dataType":3,"framePerSecond":24,"loopBehavior":1,"keys":[]}},
{"name":"LeftArm","index":10,"matrix":[0.7907,-0.6086,-0.0663,0,0.6073,0.7935,-0.0404,0,0.0771,-0.0083,0.997,0,0,0.1673,0,1],"rest":[0.7811,-0.6241,-0.0201,0,0.623,0.7811,-0.0408,0,0.0412,0.0194,0.999,0,0,0.1673,0,1],"parentBoneIndex":9,"length":0.2534
,"animation":{"name":"anim","property":"_matrix","dataType":3,"framePerSecond":24,"loopBehavior":1,"keys":[]}},
{"name":"LeftForeArm","index":11,"matrix":[0.9997,0.0229,-0.0013,0,-0.0148,0.6889,0.7247,0,0.0175,-0.7245,0.6891,0,0,0.2534,0,1],"rest":[0.9997,0.0229,-0.0013,0,-0.0148,0.6889,0.7247,0,0.0175,-0.7245,0.6891,0,0,0.2534,0,1],"parentBoneIndex":10,"length":0.2643
,"animation":{"name":"anim","property":"_matrix","dataType":3,"framePerSecond":24,"loopBehavior":1,"keys":[]}},
{"name":"LeftHand","index":12,"matrix":[0.995,-0.0985,-0.0175,0,0.1,0.9796,0.1741,0,0,-0.175,0.9846,0,0,0.2643,0,1],"rest":[0.995,-0.0985,-0.0175,0,0.1,0.9796,0.1741,0,0,-0.175,0.9846,0,0,0.2643,0,1],"parentBoneIndex":11,"length":0.0361
,"animation":{"name":"anim","property":"_matrix","dataType":3,"framePerSecond":24,"loopBehavior":1,"keys":[]}},
{"name":"LThumb","index":13,"matrix":[-0.5781,0.8138,0.0584,0,0.6834,0.4439,0.5796,0,0.4458,0.375,-0.8128,0,0.0017,0.0441,0.0226,1],"rest":[-0.5781,0.8138,0.0584,0,0.6834,0.4439,0.5796,0,0.4458,0.375,-0.8128,0,0.0017,0.0441,0.0226,1],"parentBoneIndex":12,"length":0.0341
,"animation":{"name":"anim","property":"_matrix","dataType":3,"framePerSecond":24,"loopBehavior":1,"keys":[]}},
{"name":"LeftFingerBase","index":14,"matrix":[-0.26,0.2026,-0.9441,0,0.001,0.9778,0.2096,0,0.9656,0.0536,-0.2544,0,0,0.0361,0,1],"rest":[-0.26,0.2026,-0.9441,0,0.001,0.9778,0.2096,0,0.9656,0.0536,-0.2544,0,0,0.0361,0,1],"parentBoneIndex":12,"length":0.0818
,"animation":{"name":"anim","property":"_matrix","dataType":3,"framePerSecond":24,"loopBehavior":1,"keys":[]}},
{"name":"LeftHandFinger1","index":15,"matrix":[0.9949,-0.1004,-0.0036,0,0.0974,0.9549,0.2805,0,-0.0248,-0.2794,0.9598,0,0,0.0818,0,1],"rest":[0.9949,-0.1004,-0.0036,0,0.0974,0.9549,0.2805,0,-0.0248,-0.2794,0.9598,0,0,0.0818,0,1],"parentBoneIndex":14,"length":0.0286
,"animation":{"name":"anim","property":"_matrix","dataType":3,"framePerSecond":24,"loopBehavior":1,"keys":[]}},
{"name":"Neck","index":16,"matrix":[1,0,0,0,0,0.9989,0.0469,0,0,-0.0469,0.9989,0,0,0.2169,0,1],"rest":[1,0,0,0,0,0.9989,0.0469,0,0,-0.0469,0.9989,0,0,0.2169,0,1],"parentBoneIndex":8,"length":0.0511
,"animation":{"name":"anim","property":"_matrix","dataType":3,"framePerSecond":24,"loopBehavior":1,"keys":[]}},
{"name":"Neck1","index":17,"matrix":[1,0,0,0,0,1,0,0,0,0,1,0,0,0.0511,0,1],"rest":[1,0,0,0,0,1,0,0,0,0,1,0,0,0.0511,0,1],"parentBoneIndex":16,"length":0.0511
,"animation":{"name":"anim","property":"_matrix","dataType":3,"framePerSecond":24,"loopBehavior":1,"keys":[]}},
{"name":"Head","index":18,"matrix":[1,0,0,0,0,0.9387,-0.3448,0,0,0.3448,0.9387,0,0,0.0511,0,1],"rest":[1,0,0,0,0,0.9387,-0.3448,0,0,0.3448,0.9387,0,0,0.0511,0,1],"parentBoneIndex":17,"length":0.1546
,"animation":{"name":"anim","property":"_matrix","dataType":3,"framePerSecond":24,"loopBehavior":1,"keys":[]}},
{"name":"RightShoulder","index":19,"matrix":[-0.175,0.9151,-0.3632,0,-0.9835,-0.1795,0.0217,0,-0.0453,0.361,0.9315,0,-0.023,0.1483,0.0321,1],"rest":[-0.175,0.9151,-0.3632,0,-0.9835,-0.1795,0.0217,0,-0.0453,0.361,0.9315,0,-0.023,0.1483,0.0321,1],"parentBoneIndex":8,"length":0.1673
,"animation":{"name":"anim","property":"_matrix","dataType":3,"framePerSecond":24,"loopBehavior":1,"keys":[]}},
{"name":"RightArm","index":20,"matrix":[0.7907,0.6086,0.0663,0,-0.6073,0.7935,-0.0404,0,-0.0771,-0.0083,0.997,0,0,0.1673,0,1],"rest":[0.7811,0.6241,0.0201,0,-0.623,0.7811,-0.0408,0,-0.0412,0.0194,0.999,0,0,0.1673,0,1],"parentBoneIndex":19,"length":0.2534
,"animation":{"name":"anim","property":"_matrix","dataType":3,"framePerSecond":24,"loopBehavior":1,"keys":[]}},
{"name":"RightForeArm","index":21,"matrix":[0.9997,-0.0229,0.0013,0,0.0148,0.6889,0.7247,0,-0.0175,-0.7245,0.6891,0,0,0.2534,0,1],"rest":[0.9997,-0.0229,0.0013,0,0.0148,0.6889,0.7247,0,-0.0175,-0.7245,0.6891,0,0,0.2534,0,1],"parentBoneIndex":20,"length":0.2643
,"animation":{"name":"anim","property":"_matrix","dataType":3,"framePerSecond":24,"loopBehavior":1,"keys":[]}},
{"name":"RightHand","index":22,"matrix":[0.995,0.0985,0.0175,0,-0.1,0.9796,0.1741,0,0,-0.175,0.9846,0,0,0.2643,0,1],"rest":[0.995,0.0985,0.0175,0,-0.1,0.9796,0.1741,0,0,-0.175,0.9846,0,0,0.2643,0,1],"parentBoneIndex":21,"length":0.0361
,"animation":{"name":"anim","property":"_matrix","dataType":3,"framePerSecond":24,"loopBehavior":1,"keys":[]}},
{"name":"RThumb","index":23,"matrix":[-0.5781,-0.8138,-0.0584,0,-0.6834,0.4439,0.5796,0,-0.4458,0.375,-0.8128,0,-0.0017,0.0441,0.0226,1],"rest":[-0.5781,-0.8138,-0.0584,0,-0.6834,0.4439,0.5796,0,-0.4458,0.375,-0.8128,0,-0.0017,0.0441,0.0226,1],"parentBoneIndex":22,"length":0.0341
,"animation":{"name":"anim","property":"_matrix","dataType":3,"framePerSecond":24,"loopBehavior":1,"keys":[]}},
{"name":"RightFingerBase","index":24,"matrix":[-0.26,-0.2026,0.9441,0,-0.001,0.9778,0.2096,0,-0.9656,0.0536,-0.2544,0,0,0.0361,0,1],"rest":[-0.26,-0.2026,0.9441,0,-0.001,0.9778,0.2096,0,-0.9656,0.0536,-0.2544,0,0,0.0361,0,1],"parentBoneIndex":22,"length":0.0818
,"animation":{"name":"anim","property":"_matrix","dataType":3,"framePerSecond":24,"loopBehavior":1,"keys":[]}},
{"name":"RightHandFinger1","index":25,"matrix":[0.9949,0.1004,0.0036,0,-0.0974,0.9549,0.2805,0,0.0248,-0.2794,0.9598,0,0,0.0818,0,1],"rest":[0.9949,0.1004,0.0036,0,-0.0974,0.9549,0.2805,0,0.0248,-0.2794,0.9598,0,0,0.0818,0,1],"parentBoneIndex":24,"length":0.0286
,"animation":{"name":"anim","property":"_matrix","dataType":3,"framePerSecond":24,"loopBehavior":1,"keys":[]}},
{"name":"RHipJoint","index":26,"matrix":[-0.1064,-0.0549,0.9928,0,-0.9942,-0.0121,-0.1072,0,0.0179,-0.9984,-0.0533,0,0,0,0,1],"rest":[-0.1064,-0.0549,0.9928,0,-0.9942,-0.0121,-0.1072,0,0.0179,-0.9984,-0.0533,0,0,0,0,1],"parentBoneIndex":0,"length":0.1099
,"animation":{"name":"anim","property":"_matrix","dataType":3,"framePerSecond":24,"loopBehavior":1,"keys":[]}},
{"name":"RightUpLeg","index":27,"matrix":[-0.1367,-0.9837,0.1165,0,-0.1981,0.1423,0.9698,0,-0.9706,0.1095,-0.2144,0,0,0.1099,0,1],"rest":[-0.1798,-0.9782,0.1043,0,-0.1984,0.1399,0.9701,0,-0.9635,0.1538,-0.2192,0,0,0.1099,0,1],"parentBoneIndex":26,"length":0.4251
,"animation":{"name":"anim","property":"_matrix","dataType":3,"framePerSecond":24,"loopBehavior":1,"keys":[]}},
{"name":"RightLeg","index":28,"matrix":[0.9998,-0.0011,-0.0208,0,0.0034,0.9941,0.1081,0,0.0206,-0.1081,0.9939,0,0,0.4251,0,1],"rest":[0.9998,-0.0011,-0.0208,0,0.0034,0.9941,0.1081,0,0.0206,-0.1081,0.9939,0,0,0.4251,0,1],"parentBoneIndex":27,"length":0.4369
,"animation":{"name":"anim","property":"_matrix","dataType":3,"framePerSecond":24,"loopBehavior":1,"keys":[]}},
{"name":"RightFoot","index":29,"matrix":[0.9963,0.0245,-0.0825,0,-0.0861,0.2839,-0.955,0,0,0.9585,0.2849,0,0,0.4369,0,1],"rest":[0.9963,0.0245,-0.0825,0,-0.0861,0.2839,-0.955,0,0,0.9585,0.2849,0,0,0.4369,0,1],"parentBoneIndex":28,"length":0.1494
,"animation":{"name":"anim","property":"_matrix","dataType":3,"framePerSecond":24,"loopBehavior":1,"keys":[]}},
{"name":"RightToeBase","index":30,"matrix":[0.9987,-0.0498,0.0057,0,0.0499,0.9803,-0.1913,0,0.0039,0.1914,0.9815,0,0,0.1494,0,1],"rest":[0.9987,-0.0498,0.0057,0,0.0499,0.9803,-0.1913,0,0.0039,0.1914,0.9815,0,0,0.1494,0,1],"parentBoneIndex":29,"length":0.0209
,"animation":{"name":"anim","property":"_matrix","dataType":3,"framePerSecond":24,"loopBehavior":1,"keys":[]}}]
,"ranges":[]}],
"meshes":[{"name":"Low_poly_square_base:Uni1228","id":"Low_poly_square_base:Uni1228","materialId":"bend","billboardMode":0,"position":[0,0,0],"rotation":[0,0,0],"scaling":[1,1,1],"isVisible":true,"isEnabled":true,"pickable":false,"skeletonId":0,"numBoneInfluencers":8
,"positions":[0,1.5985,-0.0854,-0.021,1.5425,-0.0679,-0.0086,1.5289,-0.0768,-0.0189,1.563,-0.1453,-0.0103,1.6009,-0.0856,-0.0103,1.5632,-0.1492,-0.0262,1.5599,-0.1403,-0.0285,1.5527,-0.0693,-0.0352,1.5703,-0.0684,-0.0273,1.5915,-0.0744,-0.0193,1.5972,-0.0806,-0.0252,1.5607,-0.1425,-0.0386,1.6424,-0.1495,-0.0265,1.6328,-0.1436,-0.0229,1.6401,-0.1505,-0.0457,1.6331,-0.142,-0.0375,1.6345,-0.1439
,-0.0237,1.6222,-0.1442,-0.0212,1.6293,-0.1424,-0.0301,1.6271,-0.1451,-0.0136,1.6301,-0.1451,-0.0495,1.6214,-0.1364,-0.052,1.6311,-0.137,-0.0598,1.6327,-0.1327,-0.0506,1.6416,-0.1446,-0.035,1.6198,-0.1421,-0.0477,1.6263,-0.1395,0,1.4338,0.0449,-0.0368,1.4621,0.0407,0,1.4594,0.0376,-0.0274,1.5602,-0.1467,-0.0295,1.5641,-0.1479,-0.0318,1.5602,-0.1454,-0.0278,1.556,-0.1472
,-0.0246,1.5582,-0.1493,-0.0191,1.5684,-0.1565,-0.0089,1.5665,-0.1608,-0.0086,1.571,-0.1617,-0.0269,1.5625,-0.1489,-0.0195,1.5525,-0.1518,-0.0113,1.5523,-0.1559,-0.0195,1.5571,-0.1529,-0.0102,1.5626,-0.1557,-0.019,1.5657,-0.156,-0.0194,1.5623,-0.1523,-0.0261,1.5604,-0.1468,-0.0105,1.5616,-0.1529,-0.0185,1.5616,-0.1486,-0.0308,1.5512,-0.1441,-0.042,1.5568,-0.1384,-0.0192,1.5452,-0.1491
,-0.0087,1.6394,-0.151,-0.0405,1.6528,-0.1516,-0.0165,1.6497,-0.1558,-0.0568,1.6513,-0.1416,-0.0128,1.5897,-0.1649,-0.0063,1.586,-0.1659,-0.0084,1.59,-0.1697,-0.012,1.5875,-0.1565,-0.0168,1.5891,-0.1561,-0.0126,1.5839,-0.1551,-0.0183,1.5863,-0.1513,-0.0066,1.5854,-0.1615,-0.0101,1.5877,-0.1621,-0.0066,1.5815,-0.1597,-0.0157,1.5951,-0.1623,-0.0081,1.6086,-0.1659,-0.0142,1.605,-0.1576
,-0.0091,1.5947,-0.1704,-0.0191,1.5938,-0.1548,-0.0337,1.5242,-0.1286,-0.0244,1.5159,-0.1234,-0.0232,1.5233,-0.1361,-0.0117,1.514,-0.1265,-0.0137,1.5224,-0.1431,-0.0468,1.5264,-0.1192,-0.0409,1.5178,-0.116,-0.0343,1.5318,-0.1324,-0.0238,1.5323,-0.1421,-0.0124,1.5317,-0.1498,-0.0375,1.5701,-0.143,-0.0259,1.5763,-0.1505,-0.0315,1.5858,-0.1456,-0.049,1.5801,-0.1362,-0.0423,1.6042,-0.1433
,-0.0686,1.5545,-0.1048,-0.0764,1.5546,-0.0644,-0.0727,1.5332,-0.0774,-0.0626,1.5217,-0.098,-0.0562,1.5519,-0.1229,-0.0627,1.584,-0.1218,-0.0586,1.6093,-0.1342,-0.0749,1.5733,-0.0875,-0.0731,1.5966,-0.1009,-0.0696,1.6173,-0.1173,-0.0209,1.5965,-0.1486,-0.0165,1.5764,-0.1564,-0.0082,1.5767,-0.1605,-0.0804,1.6353,-0.0768,-0.0806,1.6162,-0.0644,-0.0773,1.6182,-0.0882,-0.0749,1.6329,-0.1082
,-0.0079,1.6229,-0.1567,-0.0134,1.6208,-0.1521,-0.0203,1.6146,-0.1475,-0.0787,1.6469,-0.0958,-0.0207,1.6759,-0.1549,-0.0455,1.6785,-0.1474,-0.0615,1.6748,-0.1343,-0.067,1.6417,-0.1274,-0.0605,1.5261,-0.0515,-0.0695,1.5618,-0.0438,-0.0642,1.5478,-0.0249,-0.07,1.5848,-0.0215,-0.0695,1.5618,-0.0438,-0.08,1.5987,-0.0398,-0.0296,1.5127,-0.1,-0.0409,1.5178,-0.116,-0.0514,1.5153,-0.0896
,-0.0127,1.5107,-0.1072,-0.0244,1.5159,-0.1234,-0.0514,1.5153,-0.0896,-0.0658,1.5312,-0.0607,-0.0658,1.5312,-0.0607,-0.0506,1.5122,-0.0678,-0.0686,1.7117,-0.0489,-0.0793,1.6881,-0.0582,-0.0679,1.7115,-0.083,-0.0506,1.7052,-0.1389,-0.0271,1.7285,-0.104,-0.0491,1.7231,-0.0998,-0.0492,1.7237,-0.0503,-0.0671,1.6972,-0.1207,-0.0786,1.6156,-0.0171,-0.0842,1.6245,-0.0352,-0.0567,1.7182,-0.0124
,-0.0393,1.7258,-0.0062,-0.0282,1.7313,-0.0504,-0.0847,1.6349,-0.0584,-0.092,1.6366,-0.0511,-0.0883,1.6294,-0.0572,-0.0857,1.6392,-0.0483,-0.0941,1.626,-0.0381,-0.08,1.5987,-0.0398,-0.0865,1.5844,-0.0546,-0.0921,1.5965,-0.0396,-0.0767,1.6777,-0.0902,-0.0857,1.6392,-0.0483,-0.0829,1.6575,-0.0704,-0.0836,1.6639,-0.0502,-0.081,1.6414,-0.0155,-0.0332,1.6945,0.0272,-0.0618,1.6827,0.01
,-0.0779,1.6965,-0.0303,0,1.732,-0.0526,-0.0329,1.6542,0.0342,-0.056,1.6132,0.0134,-0.0598,1.6492,0.0171,-0.0251,1.6118,0.0291,-0.0438,1.5704,0.0003,-0.0823,1.67,-0.0197,0,1.5679,0.0196,0,1.6119,0.0363,0,1.6564,0.0404,-0.0154,1.5015,-0.0906,-0.0642,1.5478,-0.0249,-0.0429,1.5423,0.001,-0.0214,1.5681,0.0149,-0.0211,1.5401,0.0165,-0.0219,1.5156,0.0223
,-0.0579,1.4852,0.0266,-0.0466,1.5162,0.0089,-0.0779,1.4908,0.0063,-0.0641,1.5115,-0.0078,-0.0654,1.5023,-0.0321,-0.0641,1.5115,-0.0078,-0.059,1.4892,-0.0498,-0.0853,1.4815,-0.0249,-0.0763,1.4585,-0.0483,-0.0507,1.4513,-0.0654,-0.0396,1.4764,-0.0715,-0.1318,1.2652,-0.1176,-0.1621,1.2822,-0.0724,-0.1504,1.2441,-0.0674,-0.1246,1.2101,-0.1267,-0.1499,1.1901,-0.1085,-0.1499,1.2112,-0.106
,-0.1403,1.1478,-0.01,-0.1383,1.0947,-0.0643,-0.1405,1.1509,-0.0683,-0.139,1.0274,0.0038,-0.1075,1.0899,0.0281,-0.1016,1.0309,0.0458,-0.1182,1.1697,-0.121,-0.144,1.2083,-0.0718,-0.0619,1.0936,0.0523,-0.0577,1.0373,0.0608,-0.147,1.1922,-0.0098,-0.1147,1.1522,0.0402,-0.1195,1.2419,-0.1235,-0.0424,1.4344,0.0511,-0.0717,1.4703,0.0377,-0.1592,1.2561,0.0109,-0.1529,1.2235,-0.0035
,-0.1167,1.1949,0.0458,-0.1178,1.2798,0.0713,-0.0533,1.2613,0.0773,-0.1157,1.2417,0.0625,-0.0575,1.2012,0.0709,-0.0808,1.0611,-0.1276,-0.1111,1.1141,-0.1135,-0.1104,1.0632,-0.1123,-0.1413,1.0446,-0.0629,-0.1331,1.089,-0.0145,-0.0585,1.1487,0.062,0,1.1048,0.0547,-0.0619,1.0936,0.0523,-0.1076,0.9036,0.0883,-0.1561,0.9276,0.0348,-0.1146,0.9036,0.096,-0.3446,1.2278,-0.0805
,-0.3749,1.2409,-0.0691,-0.3713,1.2409,-0.0658,-0.3292,1.1971,-0.0681,-0.3671,1.1396,-0.1083,-0.3245,1.1819,-0.0543,-0.2492,1.2661,-0.0391,-0.1906,1.3086,-0.0238,-0.2068,1.3094,-0.0502,-0.2682,1.3037,-0.0695,-0.2138,1.3313,-0.0744,-0.2224,1.3736,-0.0804,-0.2969,1.3164,-0.0483,-0.2451,1.4017,-0.0454,-0.0331,1.4275,-0.0796,-0.0702,1.4321,-0.0776,-0.0331,1.43,-0.0841,-0.3224,1.2512,-0.0713
,-0.352,1.2636,-0.0563,-0.3211,1.251,-0.0752,-0.3017,1.2063,-0.041,-0.2504,1.2543,-0.0143,-0.1005,1.395,0.0839,-0.0527,1.3332,0.0764,-0.1191,1.3269,0.0821,-0.2557,1.258,0.0192,-0.2904,1.2895,0.0325,-0.1764,1.315,0.017,-0.2557,1.258,0.0192,-0.0906,0.8485,-0.1201,-0.0297,0.8299,-0.0859,-0.0904,0.8485,-0.125,-0.1112,0.659,-0.1122,-0.1639,0.774,-0.1137,-0.1687,0.664,-0.1072
,-0.1371,0.5823,-0.0985,-0.1792,0.5733,-0.0854,-0.1509,0.5092,-0.0786,-0.1846,0.5068,-0.072,-0.0977,0.505,-0.0038,-0.1145,0.5039,-0.0549,-0.0931,0.505,-0.0032,-0.1587,0.3614,-0.0588,-0.2096,0.2076,-0.0481,-0.1705,0.2022,-0.0424,-0.1903,0.103,-0.0767,-0.231,0.0958,-0.0546,-0.1069,0.8532,0.0769,-0.1588,0.8852,0.0376,-0.1555,0.8852,0.0342,-0.201,0.7724,-0.0682,-0.2061,0.6659,-0.0603
,-0.1967,0.5726,-0.0342,-0.2079,0.5089,-0.0246,-0.1621,0.5245,0.0433,-0.2043,0.5181,0.0214,-0.2013,0.5181,0.0192,-0.2272,0.2076,-0.0125,-0.2024,0.3749,-0.0587,-0.2373,0.3898,-0.0044,-0.2412,0.0965,-0.0096,-0.1046,0.8373,0.0736,-0.1623,0.8568,0.0379,-0.1053,0.8372,0.0791,-0.1843,0.7645,0.0212,-0.1942,0.6629,0.0059,-0.1915,0.5789,0.0055,-0.2013,0.5181,0.0192,-0.1334,0.4517,0.0427
,-0.1037,0.442,0.0046,-0.1075,0.442,0.0035,-0.2251,0.2033,0.0158,-0.221,0.3981,0.0451,-0.2285,0.0939,0.0231,-0.0315,0.8603,-0.1039,-0.089,0.8812,-0.1256,-0.0283,0.8603,-0.108,-0.1495,0.6644,0.0441,-0.1313,0.7485,0.0576,-0.1512,0.5942,0.0322,-0.1621,0.5245,0.0433,-0.1725,0.4609,0.0541,-0.214,0.462,0.0346,-0.1733,0.4609,0.0589,-0.1847,0.3894,0.0672,-0.1907,0.1991,0.0396
,-0.2001,0.0943,0.0461,-0.033,0.8299,-0.083,-0.0906,0.7625,-0.1195,-0.0365,0.76,-0.0717,-0.0605,0.6597,-0.0654,-0.0958,0.5762,-0.0599,-0.1509,0.5092,-0.0786,-0.1863,0.5068,-0.0764,-0.1502,0.5092,-0.0834,-0.1252,0.4366,-0.0438,-0.1195,0.3593,-0.0334,-0.16,0.1926,-0.022,-0.1702,0.1006,-0.0501,-0.0571,0.7485,0.0321,-0.0368,0.8281,0.0466,-0.0854,0.6691,0.0294,-0.1052,0.5825,0.0214
,-0.1075,0.442,0.0035,-0.1227,0.4367,-0.0461,-0.1376,0.3771,0.0558,-0.1607,0.1919,0.0226,-0.5387,1.0257,-0.2476,-0.5301,1.0341,-0.2221,-0.5381,1.0137,-0.2336,-0.5333,1.0349,-0.265,-0.5139,1.0609,-0.2641,-0.5202,1.061,-0.2473,-0.5048,1.0514,-0.2949,-0.4878,1.0728,-0.2717,-0.4588,1.0409,-0.2788,-0.4495,1.0501,-0.2926,-0.4551,1.0378,-0.2885,-0.4874,1.0362,-0.2376,-0.4664,1.0679,-0.217
,-0.4669,1.0441,-0.2512,-0.4635,1.051,-0.3031,-0.4422,1.0381,-0.3103,-0.4602,1.0682,-0.2652,-0.4676,1.0574,-0.2944,-0.4522,1.0563,-0.2829,-0.4707,1.0402,-0.2968,-0.4792,1.041,-0.2924,-0.4404,1.0193,-0.3241,-0.4477,1.0211,-0.3364,-0.4528,1.0224,-0.3314,-0.5579,0.9491,-0.2801,-0.5528,0.9433,-0.2772,-0.5504,0.9485,-0.2777,-0.4376,1.027,-0.3262,-0.4466,1.0305,-0.3051,-0.4362,1.022,-0.332
,-0.4388,1.0183,-0.3311,-0.4477,1.0211,-0.3364,-0.4489,1.0301,-0.3343,-0.4528,1.0224,-0.3314,-0.446,1.0249,-0.3387,-0.4626,1.0325,-0.3116,-0.5117,0.9818,-0.3744,-0.5199,0.9746,-0.3718,-0.5132,0.9762,-0.3753,-0.5115,1.0003,-0.3583,-0.522,0.9772,-0.3672,-0.4626,1.0325,-0.3116,-0.4707,1.0402,-0.2968,-0.5426,0.945,-0.354,-0.549,0.9435,-0.3513,-0.5456,0.9422,-0.3491,-0.4792,1.041,-0.2924
,-0.5322,0.9667,-0.3368,-0.5459,0.9505,-0.3557,-0.5399,0.9466,-0.3536,-0.5105,1.0288,-0.3246,-0.5247,1.0107,-0.3299,-0.5138,1.0195,-0.3382,-0.5275,1.0194,-0.3035,-0.5109,1.0116,-0.3106,-0.522,1.0203,-0.3149,-0.5146,1.0211,-0.2127,-0.4895,1.0488,-0.1936,-0.5012,1.0215,-0.2191,-0.5178,0.9724,-0.3697,-0.5085,0.9775,-0.3712,-0.5119,0.9751,-0.3734,-0.5192,0.9743,-0.3636,-0.5055,0.9931,-0.3532
,-0.524,0.9926,-0.3499,-0.5057,1.0066,-0.3324,-0.5055,0.9931,-0.3532,-0.5404,0.9854,-0.2745,-0.5568,0.9802,-0.2844,-0.5494,0.9947,-0.2734,-0.5196,0.9871,-0.3466,-0.5057,1.0066,-0.3324,-0.5173,1.0028,-0.3258,-0.5026,1.0153,-0.3183,-0.5057,1.0066,-0.3324,-0.5465,0.976,-0.2536,-0.5512,0.9866,-0.2511,-0.5438,0.9822,-0.2503,-0.5572,0.9435,-0.2788,-0.5549,0.9419,-0.2733,-0.5486,0.9657,-0.3307
,-0.5505,0.9455,-0.3483,-0.5452,0.9459,-0.3554,-0.5001,1.0212,-0.3134,-0.4792,1.041,-0.2924,-0.5119,0.9751,-0.3734,-0.5378,0.9928,-0.3253,-0.5467,0.9867,-0.3139,-0.5203,0.9984,-0.3068,-0.5351,0.9801,-0.3095,-0.5329,0.9925,-0.2959,-0.5539,0.9536,-0.2966,-0.5473,0.9751,-0.2822,-0.5444,0.9437,-0.344,-0.5306,1.0085,-0.3113,-0.5394,0.9998,-0.2974,-0.5612,0.9348,-0.311,-0.5633,0.9539,-0.3021
,-0.5399,0.9466,-0.3536,-0.5456,0.9422,-0.3491,-0.5444,0.9437,-0.344,-0.5322,0.9667,-0.3368,-0.5444,0.9437,-0.344,-0.5392,0.9606,-0.3271,-0.5178,0.9724,-0.3697,-0.5271,0.985,-0.3194,-0.5671,0.9377,-0.314,-0.5616,0.9361,-0.3226,-0.5602,0.9402,-0.3232,-0.5473,0.9578,-0.3073,-0.5612,0.9348,-0.311,-0.5539,0.9536,-0.2966,-0.5507,0.9863,-0.2985,-0.5556,0.9587,-0.3137,-0.5608,0.9462,-0.2725
,-0.5564,0.9642,-0.2741,-0.5388,0.9863,-0.2615,-0.5465,0.976,-0.2536,-0.5438,0.9822,-0.2503,-0.5538,0.9842,-0.2664,-0.5464,0.9634,-0.2718,-0.5423,0.9791,-0.2653,-0.5473,0.9578,-0.3073,-0.5409,0.9799,-0.2943,-0.5388,0.9863,-0.2615,-0.5473,1.0021,-0.263,-0.5511,0.9915,-0.263,-0.5026,1.0153,-0.3183,-0.5452,1.0003,-0.2884,-0.5344,0.9873,-0.2827,-0.5296,0.9938,-0.2827,-0.5392,0.9606,-0.3271
,-0.5173,1.0028,-0.3258,-0.5597,0.9348,-0.3204,-0.5612,0.9348,-0.311,-0.5565,0.9375,-0.3198,-0.5409,0.9799,-0.2943,-0.5539,0.9536,-0.2966,-0.5473,0.9751,-0.2822,-0.5328,0.9913,-0.2617,-0.5351,0.9801,-0.3095,-0.5404,0.9724,-0.3411,-0.5271,0.985,-0.3194,-0.5173,1.0028,-0.3258,-0.5134,1.0064,-0.3007,-0.5203,0.9984,-0.3068,-0.5192,0.9743,-0.3636,-0.5548,0.9788,-0.2552,-0.5528,0.9433,-0.2772
,-0.5549,0.9451,-0.2697,-0.5504,0.9485,-0.2777,-0.5464,0.9634,-0.2718,-0.5497,0.9611,-0.2611,-0.4692,1.0844,-0.2283,-0.4528,1.0224,-0.3314,-0.4566,1.0412,-0.3179,-0.4626,1.0325,-0.3116,-0.5549,0.9451,-0.2697,-0.5577,0.9604,-0.2632,-0.5497,0.9611,-0.2611,-0.5497,0.9611,-0.2611,-0.5026,1.0153,-0.3183,-0.0833,0.9399,-0.1235,-0.0468,0.9402,-0.1385,-0.0885,0.9399,-0.1291,-0.0796,0.9913,-0.125
,-0.0481,1.0607,-0.14,-0.0808,1.0611,-0.1276,-0.1495,0.9776,-0.055,-0.139,1.0274,0.0038,-0.1364,0.975,0.0173,-0.1104,1.0632,-0.1123,-0.1132,0.987,-0.1102,-0.1016,1.0309,0.0458,-0.139,1.0274,0.0038,-0.1469,0.9276,0.0307,-0.0953,0.9687,0.0749,-0.0577,1.0373,0.0608,-0.048,0.9579,0.0928,0.1648,0.9278,-0.0597,0.1562,0.9276,0.0346,0.1751,0.9278,-0.0613,-0.048,0.9579,0.0928
,0,0.9559,0.0858,-0.051,0.9579,0.1007,-0.1772,0.8935,-0.0577,-0.1728,0.8935,-0.0563,-0.0315,0.8603,-0.1039,0.0032,0.8271,-0.0153,-0.0016,0.8271,-0.0161,-0.0534,0.6613,-0.016,-0.0237,0.7474,-0.0174,-0.0237,0.7474,-0.0174,-0.0773,0.5712,-0.0116,-0.0534,0.6613,-0.016,-0.0977,0.505,-0.0038,-0.1176,0.5039,-0.052,-0.0773,0.5712,-0.0116,-0.1509,0.5092,-0.0786,-0.1176,0.5039,-0.052
,-0.1917,0.4453,-0.0636,-0.1575,0.4407,-0.07,-0.194,0.4453,-0.0674,-0.1083,0.3681,0.0119,-0.1558,0.1926,0.0003,-0.1558,0.1926,0.0003,-0.1697,0.0924,0.0211,-0.1627,0.0948,-0.0266,-0.1627,0.0948,-0.0266,-0.2254,0.0699,-0.0905,-0.1923,0.103,-0.063,-0.2238,0.0957,-0.0459,-0.203,0.0631,-0.1485,-0.2375,0.0562,-0.1443,-0.1675,0.0689,-0.0861,-0.1934,0.08,-0.0992,-0.1622,0.0647,-0.1533
,-0.2143,0.0579,0.029,-0.1999,0.0943,0.0321,-0.1987,0.0581,0.0442,-0.1743,0.0558,0.0232,-0.1763,0.0924,0.0127,-0.1947,-0.0001,0.0339,-0.1741,0,0.0214,-0.2286,0.0548,0.0018,-0.2219,0.094,0.0143,-0.2133,-0.0001,0.0292,-0.2302,0,0.0073,-0.2371,0.0581,-0.0309,-0.2317,0.0965,-0.0111,-0.2394,0.0002,-0.032,-0.2453,0.0471,-0.0789,-0.2594,0.0457,-0.12,-0.2553,0.0005,-0.1161
,-0.2438,0.0003,-0.0697,-0.1686,0.056,-0.0229,-0.171,0.0948,-0.0242,-0.1768,0.1005,-0.0424,-0.1728,0.0001,-0.0124,-0.171,0.0005,-0.0837,-0.1566,0.0008,-0.1451,-0.2366,0.0009,-0.199,-0.2045,0.0432,-0.2066,-0.2408,0.0418,-0.198,-0.2001,0.001,-0.206,-0.1703,0.0438,-0.194,-0.2516,0.0008,-0.1739,-0.2542,0.0419,-0.1713,-0.1936,0.0001,-0.0038,-0.1967,0.0004,-0.0777,-0.191,0.0007,-0.1342
,-0.2259,0.0006,-0.1213,-0.2262,0.0004,-0.0702,-0.2384,0.0487,-0.1662,-0.205,0.0526,-0.1833,-0.1642,0.0546,-0.1849,-0.2582,0.0465,-0.1531,-0.2527,0.0007,-0.1513,-0.1633,0.001,-0.187,-0.1678,0.001,-0.1887,-0.1991,0.005,-0.1725,-0.2309,0.005,-0.1649,-0.5119,0.9751,-0.3734,-0.5178,0.9724,-0.3697,-0.5247,1.0053,-0.2275,-0.5477,0.9971,-0.2467,-0.5329,0.9925,-0.2959,-0.5271,0.985,-0.3194
,-0.5203,0.9984,-0.3068,-0.5055,0.9931,-0.3532,-0.5085,0.9775,-0.3712,-0.5597,0.9348,-0.3204,-0.566,0.9337,-0.3167,-0.5633,0.9331,-0.3154,-0.5388,0.9863,-0.2615,-0.5098,1.0335,-0.3174,-0.541,1.0074,-0.2855,-0.5282,1.048,-0.2323,-0.5146,1.0211,-0.2127,-0.5565,0.9375,-0.3198,-0.5597,0.9348,-0.3204,-0.5296,0.9938,-0.2827,-0.5404,0.9854,-0.2745,-0.5328,0.9913,-0.2617,-0.5134,1.0064,-0.3007
,-0.5296,0.9938,-0.2827,-0.5001,1.0212,-0.3134,-0.5109,1.0116,-0.3106,-0.5134,1.0064,-0.3007,-0.4707,1.0402,-0.2968,-0.4792,1.041,-0.2924,-0.5549,0.9451,-0.2697,-0.5593,0.9424,-0.2741,-0.5095,1.0175,-0.2579,-0.5328,0.9913,-0.2617,-0.5148,1.007,-0.2393,-0.5134,1.0064,-0.3007,-0.497,1.0254,-0.2769,-0.5001,1.0212,-0.3134,-0.5414,0.9859,-0.248,-0.5247,1.0053,-0.2275,-0.5438,0.9822,-0.2503
,-0.5254,1.0429,-0.2812,-0.5344,0.9873,-0.2827,-0.5473,0.9751,-0.2822,-0.5404,0.9854,-0.2745,-0.5247,1.0053,-0.2275,-0.0226,1.6296,-0.1412,-0.0267,1.6328,-0.1425,-0.049,1.6313,-0.1365,-0.0375,1.6343,-0.1428,-0.0381,1.6277,-0.1414,-0.0386,1.6268,-0.1448,-0.0307,1.6281,-0.1424,-0.1986,1.3775,0.0453,-0.2993,1.3198,0.0131,-0.2311,1.4057,0.0157,-0.3406,1.1762,-0.0076,-0.3249,1.1749,-0.0311
,-0.326,1.1749,-0.031,-0.3407,1.2197,0.0202,-0.3121,1.2013,0.0125,-0.3412,1.2199,0.0253,-0.3519,1.2539,0.0044,-0.3505,1.2636,-0.0542,-0.3536,1.254,0.008,-0.3809,1.229,-0.0118,-0.3768,1.2288,-0.0136,-0.3768,1.2288,-0.0136,-0.4268,1.1545,-0.0543,-0.4286,1.1902,-0.0805,-0.3034,1.2209,-0.06,-0.3063,1.221,-0.0574,-0.2983,1.2062,-0.042,-0.3017,1.2063,-0.041,-0.367,1.1937,0.0035
,-0.341,1.1762,-0.0054,-0.3406,1.1762,-0.0076,-0.5565,0.9375,-0.3198,-0.5473,0.9578,-0.3073,-0.3519,1.2539,0.0044,-0.3505,1.2636,-0.0542,-0.3143,1.2012,0.0086,-0.2988,1.1995,-0.0152,-0.3121,1.2013,0.0125,-0.4664,1.0679,-0.217,-0.3725,1.1584,-0.1172,-0.4692,1.0844,-0.2283,-0.3834,1.1825,-0.1172,-0.3292,1.1971,-0.0681,-0.3233,1.1818,-0.0567,-0.3285,1.197,-0.0719,-0.4692,1.0844,-0.2283
,-0.4046,1.1987,-0.1086,-0.497,1.0886,-0.2256,-0.2538,1.2821,-0.0613,-0.5114,1.0671,-0.2003,-0.5083,1.0795,-0.2123,-0.4748,1.0559,-0.205,-0.374,1.1271,-0.0897,-0.4981,1.0524,-0.1888,-0.3923,1.1283,-0.0653,0.1088,0.987,-0.1102,0.0847,0.9913,-0.1308,0.1205,0.987,-0.115,-0.0891,0.8812,-0.1207,-0.1244,0.9359,-0.1124,-0.1392,0.8966,-0.1057,-0.1132,0.987,-0.1102,-0.0847,0.9913,-0.1308
,-0.0796,0.9913,-0.125,-0.4981,1.0524,-0.1888,-0.2172,0.0001,-0.0058,-0.0244,1.5609,-0.1421,-0.0229,1.5604,-0.1474,-0.0103,1.5632,-0.1492,-0.0191,1.5603,-0.1429,-0.0101,1.5596,-0.1483,-0.0253,1.5613,-0.1482,-0.0189,1.563,-0.1453,-0.0252,1.5607,-0.1425,0,1.5824,-0.1617,0,1.5837,-0.1657,-0.0101,1.5431,-0.1517,-0.0767,1.6777,-0.0902,-0.0829,1.6575,-0.0704,0.1236,1.3974,-0.087
,0.1494,1.332,-0.1081,0.1494,1.3294,-0.1036,-0.0842,1.6245,-0.0352,-0.08,1.5987,-0.0398,-0.0806,1.6162,-0.0644,-0.0823,1.6154,-0.0585,-0.0738,1.6647,-0.1143,-0.0829,1.6575,-0.0704,-0.0671,1.6972,-0.1207,-0.0506,1.7052,-0.1389,-0.0281,1.7078,-0.1467,-0.0293,1.4432,-0.0747,-0.0196,1.4693,-0.0816,-0.0466,1.5162,0.0089,-0.0641,1.5115,-0.0078,-0.0642,1.5478,-0.0249,-0.059,1.4892,-0.0498
,-0.0396,1.4764,-0.0715,-0.0275,1.5053,-0.0867,-0.0196,1.4693,-0.0816,0,1.5395,0.0202,0.0488,0.99,-0.1346,0,0.9906,-0.1453,0.052,0.99,-0.1411,-0.0081,0.8213,-0.0116,0,1.5591,-0.1493,0,1.5608,-0.1568,0.0001,1.5652,-0.1486,0,1.5626,-0.1573,-0.0109,1.5566,-0.157,0,1.6093,-0.1682,0,1.6225,-0.159,-0.0826,1.1176,-0.1289,-0.0907,1.1815,-0.137
,0,0.9906,-0.1386,-0.0488,0.99,-0.1346,0,1.6377,-0.1527,0,1.7,0.0302,0,0.9559,0.0789,-0.0577,1.0373,0.0608,0,1.052,0.0583,-0.0281,1.7078,-0.1467,0,1.7275,-0.1065,0,1.052,0.0583,0,1.1048,0.0547,-0.1455,1.3936,0.0676,0,1.4649,-0.0841,-0.0002,1.4346,-0.0777,0.0001,1.5652,-0.1486,-0.0101,1.5596,-0.1483,0,1.5273,-0.0786
,0,1.65,-0.1559,0,1.5441,-0.153,0,1.5312,-0.1537,0,1.5762,-0.1605,0,1.677,-0.1567,0,1.7278,-0.0013,-0.0219,1.5156,0.0223,0,1.476,0.0342,-0.0333,1.478,0.0335,-0.0796,0.9913,-0.125,-0.0519,0.99,-0.1411,-0.0488,0.99,-0.1346,0,1.567,-0.1626,0,1.5519,-0.1584,0,1.556,-0.159,0,1.5852,-0.1689,0,1.5903,-0.1737
,0,1.5949,-0.1732,0,1.5208,-0.146,0,1.5137,-0.1261,0,1.5098,-0.108,-0.0117,1.514,-0.1265,-0.1646,0.9277,-0.0598,-0.09,1.4503,0.0579,-0.1043,1.4775,0.0111,-0.0548,1.295,0.077,0,1.2643,0.0683,0,1.2039,0.0657,0,1.707,-0.15,-0.0219,1.5156,0.0223,0,1.4962,-0.0913,-0.0196,1.4693,-0.0816,0,1.4649,-0.0841,-0.0441,0.9402,-0.1323
,0,0.8739,-0.121,0,0.9451,-0.138,0.0003,0.8375,-0.0128,-0.0315,0.8603,-0.1039,-0.1132,0.987,-0.1102,-0.1413,1.0446,-0.0629,-0.1413,1.0446,-0.0629,-0.0232,0.8405,0.0592,-0.0002,0.8605,0.0518,-0.0443,0.8825,0.0978,-0.1817,0.858,-0.0558,-0.1587,0.8568,0.0345,-0.1418,0.8966,-0.1099,0,1.2972,0.0676,-0.1582,1.2837,0.035,-0.1673,1.2878,-0.0517,-0.0446,1.4007,0.0641
,-0.1408,1.4609,0.0286,0,1.4017,0.053,-0.0507,1.4513,-0.0654,-0.0722,1.4334,-0.0736,-0.0703,1.4296,-0.0731,-0.0853,1.4815,-0.0249,-0.0784,1.4623,-0.0487,-0.0763,1.4585,-0.0483,0,1.3307,0.0659,-0.2451,1.4017,-0.0454,-0.2222,1.3847,-0.0843,-0.2449,1.4115,-0.0467,-0.1408,1.4609,0.0286,-0.1454,1.415,0.0738,-0.1483,1.4799,0.0322,-0.1595,1.4604,-0.0294,-0.1711,1.4793,-0.0299
,-0.2068,1.3094,-0.0502,-0.2138,1.3287,-0.0777,-0.2138,1.3313,-0.0744,-0.2068,1.3094,-0.0502,-0.1906,1.3045,-0.0237,-0.2068,1.3053,-0.0519,-0.2224,1.3736,-0.0804,-0.1643,1.4564,-0.0701,-0.157,1.4323,-0.0671,-0.1582,1.2837,0.035,-0.1673,1.2823,-0.0534,-0.1584,1.2779,0.0392,-0.1567,1.3951,-0.0894,-0.1698,1.329,-0.0923,-0.1699,1.3316,-0.0881,-0.1455,1.3936,0.0676,-0.1584,1.2779,0.0392
,-0.1454,1.415,0.0738,-0.1764,1.315,0.017,-0.1984,1.3887,0.0501,-0.1764,1.3113,0.0197,-0.1673,1.2878,-0.0517,-0.1673,1.2823,-0.0534,-0.1565,1.4099,-0.0939,-0.2311,1.4057,0.0157,-0.2309,1.4155,0.0188,-0.2311,1.4057,0.0157,-0.1986,1.3775,0.0453,-0.1764,1.315,0.017,-0.1906,1.3086,-0.0238,-0.0081,0.8213,-0.0116,-0.0002,0.8605,0.0518,0.0011,0.8977,0.0694,-0.0806,1.6162,-0.0644
,-0.0865,1.5902,-0.0537,-0.0921,1.6,-0.0415,-0.0883,1.6266,-0.0558,-0.0823,1.6153,-0.0568,-0.0759,1.5771,-0.059,-0.0695,1.5618,-0.0438,-0.0962,1.2423,-0.1096,-0.5423,0.9791,-0.2653,-0.5465,0.976,-0.2536,-0.5414,0.9859,-0.248,-0.4477,1.0211,-0.3364,-0.5146,1.0211,-0.2127,-0.5114,1.0671,-0.2003,-0.4981,1.0524,-0.1888,-0.5114,1.0671,-0.2003,-0.5083,1.0795,-0.2123,-0.5083,1.0795,-0.2123
,-0.497,1.0886,-0.2256,-0.497,1.0886,-0.2256,-0.1215,1.2902,-0.1048,-0.1365,1.2981,-0.1065,-0.1238,1.2687,-0.1177,-0.1195,1.2419,-0.1235,-0.0976,1.253,-0.1119,-0.1138,1.2568,-0.1049,-0.0191,1.5603,-0.1429,-0.0244,1.5609,-0.1421,-0.0191,1.5603,-0.1429,0,1.5823,-0.0627,-0.0874,1.2089,-0.1343,-0.1246,1.1889,-0.1292,-0.1494,1.3294,-0.1035,-0.1567,1.3951,-0.0894,-0.1699,1.3316,-0.0881
,-0.1595,1.4604,-0.0294,-0.1134,1.4348,-0.0617,-0.1158,1.4636,-0.0288,-0.1246,1.2129,-0.1317,-0.1499,1.19,-0.113,-0.1246,1.1891,-0.1342,0,1.1871,-0.1277,-0.0874,1.1878,-0.1368,-0.1365,1.2981,-0.1065,-0.1621,1.2822,-0.0724,-0.0619,1.0936,0.0523,-0.1075,1.0899,0.0281,-0.1621,1.2822,-0.0724,-0.1699,1.3316,-0.0881,-0.1673,1.2878,-0.0517,0,1.1498,0.0661,-0.1075,1.0899,0.0281
,-0.1331,1.089,-0.0145,-0.1408,1.4609,0.0286,-0.1043,1.4775,0.0111,-0.0717,1.4703,0.0377,-0.0779,1.4908,0.0063,-0.0579,1.4852,0.0266,-0.0368,1.4621,0.0407,-0.0579,1.4852,0.0266,-0.0333,1.478,0.0335,0,1.4594,0.0376,-0.0333,1.478,0.0335,0,1.476,0.0342,-0.0507,1.4513,-0.0654,-0.0331,1.4275,-0.0796,-0.0293,1.4432,-0.0747,0.1157,1.4635,-0.0288,0.1166,1.4386,-0.0622
,0.1134,1.4348,-0.0617,-0.0002,1.4346,-0.0777,-0.0331,1.4275,-0.0796,0,1.416,-0.086,-0.1236,1.3974,-0.087,-0.157,1.4323,-0.0671,-0.1567,1.3951,-0.0894,0.021,1.5425,-0.0679,0.0103,1.6009,-0.0856,0.0189,1.563,-0.1453,0.0103,1.5632,-0.1492,0.0262,1.5599,-0.1403,0.0285,1.5527,-0.0693,0.0244,1.5609,-0.1421,0.0273,1.5915,-0.0744,0.0193,1.5972,-0.0806,0.0252,1.5607,-0.1425
,0.0265,1.6328,-0.1436,0.0386,1.6424,-0.1495,0.0229,1.6401,-0.1505,0.0457,1.6331,-0.142,0.0506,1.6416,-0.1446,0.0237,1.6222,-0.1442,0.0212,1.6293,-0.1424,0.0136,1.6301,-0.1451,0.052,1.6311,-0.137,0.0495,1.6214,-0.1364,0.0598,1.6327,-0.1327,0.0477,1.6263,-0.1395,0.035,1.6198,-0.1421,0.0368,1.4621,0.0407,0.0274,1.5602,-0.1467,0.0295,1.5641,-0.1479,0.0269,1.5625,-0.1489
,0.0278,1.556,-0.1472,0.0318,1.5602,-0.1454,0.0191,1.5684,-0.1565,0.0089,1.5665,-0.1608,0.019,1.5657,-0.156,0.0195,1.5525,-0.1518,0.0246,1.5582,-0.1493,0.0195,1.5571,-0.1529,0.0113,1.5523,-0.1559,0.0109,1.5566,-0.157,0.0102,1.5626,-0.1557,0.0194,1.5623,-0.1523,0.0253,1.5613,-0.1482,0.0261,1.5604,-0.1468,0.0105,1.5616,-0.1529,0.0185,1.5616,-0.1486,0.0308,1.5512,-0.1441
,0.042,1.5568,-0.1384,0.0192,1.5452,-0.1491,0.0101,1.5431,-0.1517,0.0087,1.6394,-0.151,0.0165,1.6497,-0.1558,0.0405,1.6528,-0.1516,0.0568,1.6513,-0.1416,0.067,1.6417,-0.1274,0.0128,1.5897,-0.1649,0.0063,1.586,-0.1659,0.0101,1.5877,-0.1621,0.012,1.5875,-0.1565,0.0168,1.5891,-0.1561,0.0126,1.5839,-0.1551,0.0183,1.5863,-0.1513,0.0066,1.5854,-0.1615,0.0066,1.5815,-0.1597
,0.0157,1.5951,-0.1623,0.0081,1.6086,-0.1659,0.0091,1.5947,-0.1704,0.0084,1.59,-0.1697,0.0244,1.5159,-0.1234,0.0337,1.5242,-0.1286,0.0232,1.5233,-0.1361,0.0117,1.514,-0.1265,0.0137,1.5224,-0.1431,0.0468,1.5264,-0.1192,0.0409,1.5178,-0.116,0.0343,1.5318,-0.1324,0.0238,1.5323,-0.1421,0.0124,1.5317,-0.1498,0.0375,1.5701,-0.143,0.0259,1.5763,-0.1505,0.049,1.5801,-0.1362
,0.0562,1.5519,-0.1229,0.0315,1.5858,-0.1456,0.0423,1.6042,-0.1433,0.0686,1.5545,-0.1048,0.0764,1.5546,-0.0644,0.0749,1.5733,-0.0875,0.0626,1.5217,-0.098,0.0627,1.584,-0.1218,0.0586,1.6093,-0.1342,0.0731,1.5966,-0.1009,0.0696,1.6173,-0.1173,0.0142,1.605,-0.1576,0.0191,1.5938,-0.1548,0.0209,1.5965,-0.1486,0.0165,1.5764,-0.1564,0.0086,1.571,-0.1617,0.0804,1.6353,-0.0768
,0.0806,1.6162,-0.0644,0.0847,1.6349,-0.0584,0.0773,1.6182,-0.0882,0.0749,1.6329,-0.1082,0.0079,1.6229,-0.1567,0.0134,1.6208,-0.1521,0.0203,1.6146,-0.1475,0.0082,1.5767,-0.1605,0.0787,1.6469,-0.0958,0.0207,1.6759,-0.1549,0.0455,1.6785,-0.1474,0.0615,1.6748,-0.1343,0.0738,1.6647,-0.1143,0.0695,1.5618,-0.0438,0.0605,1.5261,-0.0515,0.0642,1.5478,-0.0249,0.0695,1.5618,-0.0438
,0.07,1.5848,-0.0215,0.08,1.5987,-0.0398,0.0409,1.5178,-0.116,0.0296,1.5127,-0.1,0.0514,1.5153,-0.0896,0.0244,1.5159,-0.1234,0.0127,1.5107,-0.1072,0.0514,1.5153,-0.0896,0.0727,1.5332,-0.0774,0.0514,1.5153,-0.0896,0.0658,1.5312,-0.0607,0.0658,1.5312,-0.0607,0.0506,1.5122,-0.0678,0.0695,1.5618,-0.0438,0.0686,1.7117,-0.0489,0.0793,1.6881,-0.0582,0.0779,1.6965,-0.0303
,0.0271,1.7285,-0.104,0.0506,1.7052,-0.1389,0.0491,1.7231,-0.0998,0.0492,1.7237,-0.0503,0.0679,1.7115,-0.083,0.0671,1.6972,-0.1207,0.0786,1.6156,-0.0171,0.0567,1.7182,-0.0124,0.0393,1.7258,-0.0062,0.092,1.6366,-0.0511,0.0847,1.6349,-0.0584,0.0883,1.6294,-0.0572,0.0857,1.6392,-0.0483,0.0941,1.626,-0.0381,0.0842,1.6245,-0.0352,0.0865,1.5844,-0.0546,0.08,1.5987,-0.0398
,0.0921,1.5965,-0.0396,0.0767,1.6777,-0.0902,0.0829,1.6575,-0.0704,0.0857,1.6392,-0.0483,0.0836,1.6639,-0.0502,0.081,1.6414,-0.0155,0.0842,1.6245,-0.0352,0.0332,1.6945,0.0272,0.0282,1.7313,-0.0504,0.0329,1.6542,0.0342,0.056,1.6132,0.0134,0.0251,1.6118,0.0291,0.0438,1.5704,0.0003,0.0214,1.5681,0.0149,0.0823,1.67,-0.0197,0.0598,1.6492,0.0171,0.0618,1.6827,0.01
,0.0154,1.5015,-0.0906,0.0275,1.5053,-0.0867,0.0642,1.5478,-0.0249,0.0429,1.5423,0.001,0.0211,1.5401,0.0165,0.0579,1.4852,0.0266,0.0219,1.5156,0.0223,0.0466,1.5162,0.0089,0.0779,1.4908,0.0063,0.0641,1.5115,-0.0078,0.0654,1.5023,-0.0321,0.059,1.4892,-0.0498,0.0853,1.4815,-0.0249,0.0654,1.5023,-0.0321,0.0507,1.4513,-0.0654,0.0396,1.4764,-0.0715,0.1319,1.2653,-0.114
,0.1621,1.2823,-0.0725,0.1365,1.2981,-0.1116,0.1246,1.2101,-0.1267,0.15,1.1901,-0.1085,0.1246,1.1889,-0.1292,0.1383,1.0947,-0.0644,0.1402,1.1478,-0.0102,0.1404,1.151,-0.0685,0.1075,1.0899,0.0281,0.139,1.0274,0.0038,0.1016,1.0309,0.0458,0.144,1.2084,-0.072,0.1182,1.1698,-0.1212,0.0619,1.0936,0.0523,0.0577,1.0373,0.0608,0.1147,1.1522,0.0402,0.1469,1.1922,-0.01
,0.1503,1.2441,-0.0676,0.1195,1.2421,-0.1237,0.0717,1.4703,0.0377,0.0424,1.4344,0.0511,0.1589,1.2561,0.0104,0.1165,1.1948,0.0455,0.1527,1.2235,-0.0038,0.0533,1.2613,0.0773,0.1176,1.2797,0.0711,0.1154,1.2417,0.0622,0.0575,1.2012,0.0709,0.1111,1.1142,-0.1137,0.0808,1.0611,-0.1276,0.1104,1.0632,-0.1123,0.1331,1.089,-0.0145,0.1413,1.0446,-0.0629,0.0585,1.1487,0.062
,0.0012,0.8977,0.076,0.3,1.2083,-0.0409,0.3189,1.2063,-0.0565,0.3046,1.223,-0.0576,0.3671,1.1396,-0.1083,0.3457,1.1824,-0.0868,0.3407,1.1658,-0.0749,0.1904,1.3086,-0.0241,0.2491,1.266,-0.0391,0.2068,1.3095,-0.0503,0.2682,1.3037,-0.0695,0.2139,1.3314,-0.0745,0.2538,1.2821,-0.0614,0.2969,1.3164,-0.0483,0.2226,1.3737,-0.0804,0,1.416,-0.086,0.0331,1.43,-0.084
,0.0331,1.4275,-0.0796,0.384,1.2248,-0.0821,0.4027,1.2143,-0.0386,0.3885,1.2248,-0.0872,0.2818,1.229,-0.0403,0.2504,1.2543,-0.0143,0.2825,1.2203,-0.0157,0.1005,1.3949,0.0838,0.0527,1.3332,0.0764,0.0446,1.4007,0.0641,0.2556,1.2579,0.0192,0.1757,1.3148,0.0163,0.2903,1.2895,0.0325,0.2556,1.2579,0.0192,0.1555,0.8852,0.0342,0.1774,0.8935,-0.0577,0.1589,0.8852,0.0377
,0.1112,0.659,-0.1122,0.1639,0.774,-0.1137,0.0906,0.7625,-0.1195,0.1371,0.5823,-0.0985,0.1687,0.664,-0.1072,0.1509,0.5092,-0.0786,0.1792,0.5733,-0.0854,0.0977,0.505,-0.0038,0.1202,0.5154,0.0356,0.0927,0.505,-0.0031,0.2096,0.2076,-0.0481,0.1587,0.3614,-0.0588,0.1705,0.2022,-0.0424,0.1906,0.103,-0.0741,0.0368,0.8281,0.0466,0.0035,0.8213,-0.0106,0.0338,0.8281,0.0509
,0.201,0.7724,-0.0682,0.2061,0.6659,-0.0603,0.1967,0.5726,-0.0342,0.1846,0.5068,-0.072,0.2079,0.5089,-0.0246,0.2105,0.462,0.0314,0.2252,0.4521,-0.0157,0.2205,0.4521,-0.0154,0.2272,0.2076,-0.0125,0.2024,0.3749,-0.0587,0.2297,0.0958,-0.0529,0.2394,0.0965,-0.0099,0.0906,0.8485,-0.1201,0.0296,0.8299,-0.086,0.033,0.8299,-0.083,0.1843,0.7645,0.0212,0.1942,0.6629,0.0059
