{"producer":{"name":"Blender","version":"2.76 (sub 0)","exporter_version":"5.4.0","file":"trump_new1f.babylon"},
"autoClear":true,"clearColor":[0.0509,0.0509,0.0509],"ambientColor":[0,0,0],"gravity":[0,-9.81,0],
"materials":[{"name":"trump_new1f.skin","id":"trump_new1f.skin","ambient":[0.11,0.11,0.11],"diffuse":[1,1,1],"specular":[0,0,0],"emissive":[0,0,0],"specularPower":491,"alpha":1,"backFaceCulling":true,"checkReadyOnlyOnce":false,"maxSimultaneousLights":4, 
"diffuseTexture":{"name":"vc_baked_1024_uvs_trump2.png","level":1,"hasAlpha":1,"coordinatesMode":0,"uOffset":0,"vOffset":0,"uScale":1,"vScale":1,"uAng":0,"vAng":0,"wAng":0,"wrapU":1,"wrapV":1,"coordinatesIndex":0}},
{"name":"trump_new1f.nappy","id":"trump_new1f.nappy","ambient":[0.8,0.8,0.8],"diffuse":[0.8,0.8,0.8],"specular":[0,0,0],"emissive":[0,0,0],"specularPower":50,"alpha":1,"backFaceCulling":true,"checkReadyOnlyOnce":false,"maxSimultaneousLights":4, 
"diffuseTexture":{"name":"balloon1_uv.png","level":1,"hasAlpha":1,"coordinatesMode":0,"uOffset":0,"vOffset":0,"uScale":1,"vScale":1,"uAng":0,"vAng":0,"wAng":0,"wrapU":1,"wrapV":1,"coordinatesIndex":0}},
{"name":"trump_new1f.string","id":"trump_new1f.string","ambient":[0,0.8,0.4615],"diffuse":[0,0.64,0.3692],"specular":[0.5,0.5,0.5],"emissive":[0,0,0],"specularPower":50,"alpha":1,"backFaceCulling":true,"checkReadyOnlyOnce":false,"maxSimultaneousLights":4}],
"multiMaterials":[{"name":"trump_new1f.Multimaterial#0","id":"trump_new1f.Multimaterial#0","materials":["trump_new1f.nappy","trump_new1f.string"]}],
"skeletons":[{"name":"Trump2","id":0,"dimensionsAtRest":[0.9639,1.6683,0.3639],"bones":[
{"name":"Hips","index":0,"matrix":[1,0,0,0,0,0.9386,0.3451,0,0,0.3451,-0.9386,0,0,0.9249,-0.0031,1],"rest":[1,0,0,0,0,0.9386,0.3451,0,0,0.3451,-0.9386,0,0,0.9249,-0.0031,1],"parentBoneIndex":-1,"length":0.0927},
{"name":"LHipJoint","index":1,"matrix":[-0.1818,-0.0277,-0.9829,0,0.9618,-0.213,-0.1719,0,-0.2046,-0.9767,0.0653,0,0,0,0,1],"rest":[-0.1818,-0.0277,-0.9829,0,0.9618,-0.213,-0.1719,0,-0.2046,-0.9767,0.0653,0,0,0,0,1],"parentBoneIndex":0,"length":0.1221},
{"name":"LeftUpLeg","index":2,"matrix":[-0.2591,0.9267,-0.2722,0,0.2696,0.34,0.9009,0,0.9275,0.16,-0.338,0,0,0.1221,0,1],"rest":[-0.2591,0.9267,-0.2722,0,0.2696,0.34,0.9009,0,0.9275,0.16,-0.338,0,0,0.1221,0,1],"parentBoneIndex":1,"length":0.3739},
{"name":"LeftLeg","index":3,"matrix":[0.9971,0.0545,0.0527,0,-0.0616,0.9874,0.1455,0,-0.0441,-0.1483,0.988,0,0,0.3739,0,1],"rest":[0.9971,0.0545,0.0527,0,-0.0616,0.9874,0.1455,0,-0.0441,-0.1483,0.988,0,0,0.3739,0,1],"parentBoneIndex":2,"length":0.4583},
{"name":"LeftFoot","index":4,"matrix":[0.9966,-0.0173,0.0804,0,0.0822,0.2094,-0.9744,0,0,0.9777,0.2101,0,0,0.4583,0,1],"rest":[0.9966,-0.0173,0.0804,0,0.0822,0.2094,-0.9744,0,0,0.9777,0.2101,0,0,0.4583,0,1],"parentBoneIndex":3,"length":0.1465},
{"name":"LeftToeBase","index":5,"matrix":[0.9984,0.056,-0.0058,0,-0.056,0.9984,-0.0006,0,0.0057,0.0009,1,0,0,0.1465,0,1],"rest":[0.9984,0.056,-0.0058,0,-0.056,0.9984,-0.0006,0,0.0057,0.0009,1,0,0,0.1465,0,1],"parentBoneIndex":4,"length":0.0201},
{"name":"LowerBack","index":6,"matrix":[1,0,0,0,0,0.995,0.1002,0,0,-0.1002,0.995,0,0,0.0927,0,1],"rest":[1,0,0,0,0,0.995,0.1002,0,0,-0.1002,0.995,0,0,0.0927,0,1],"parentBoneIndex":0,"length":0.1243},
{"name":"Spine","index":7,"matrix":[1,0,0,0,0,0.9953,0.0971,0,0,-0.0971,0.9953,0,0,0.1243,0,1],"rest":[1,0,0,0,0,0.9953,0.0971,0,0,-0.0971,0.9953,0,0,0.1243,0,1],"parentBoneIndex":6,"length":0.1315},
{"name":"Spine1","index":8,"matrix":[1,0,0,0,0,0.8452,0.5345,0,0,-0.5345,0.8452,0,0,0.1315,0,1],"rest":[1,0,0,0,0,0.8452,0.5345,0,0,-0.5345,0.8452,0,0,0.1315,0,1],"parentBoneIndex":7,"length":0.2121},
{"name":"LeftShoulder","index":9,"matrix":[-0.1597,-0.8983,0.4094,0,0.9783,-0.1994,-0.0559,0,0.1319,0.3916,0.9107,0,0.0231,0.1552,0.0477,1],"rest":[-0.1597,-0.8983,0.4094,0,0.9783,-0.1994,-0.0559,0,0.1319,0.3916,0.9106,0,0.0231,0.1552,0.0477,1],"parentBoneIndex":8,"length":0.1601},
{"name":"LeftArm","index":10,"matrix":[0.786,-0.6182,-0.0088,0,0.6118,0.7757,0.1551,0,-0.0891,-0.1272,0.9879,0,0,0.1601,0,1],"rest":[0.786,-0.6182,-0.0088,0,0.6118,0.7757,0.1551,0,-0.0891,-0.1272,0.9879,0,0,0.1601,0,1],"parentBoneIndex":9,"length":0.2342},
{"name":"LeftForeArm","index":11,"matrix":[0.9998,-0.0214,0.0002,0,0.0157,0.7411,0.6712,0,-0.0145,-0.6711,0.7413,0,0,0.2342,0,1],"rest":[0.9998,-0.0214,0.0002,0,0.0157,0.7411,0.6712,0,-0.0145,-0.6711,0.7413,0,0,0.2342,0,1],"parentBoneIndex":10,"length":0.2276},
{"name":"LeftHand","index":12,"matrix":[0.9953,-0.0891,-0.0389,0,0.0945,0.9801,0.1746,0,0.0225,-0.1774,0.9839,0,0,0.2276,0,1],"rest":[0.9953,-0.0891,-0.0389,0,0.0945,0.9801,0.1746,0,0.0225,-0.1774,0.9839,0,0,0.2276,0,1],"parentBoneIndex":11,"length":0.0287},
{"name":"LThumb","index":13,"matrix":[-0.5576,0.8278,0.0627,0,0.6928,0.4223,0.5846,0,0.4574,0.3694,-0.8089,0,0.0015,0.0351,0.0179,1],"rest":[-0.5576,0.8278,0.0627,0,0.6928,0.4223,0.5846,0,0.4574,0.3694,-0.8089,0,0.0015,0.0351,0.0179,1],"parentBoneIndex":12,"length":0.0273},
{"name":"LeftFingerBase","index":14,"matrix":[-0.2305,0.2008,-0.9521,0,0.007,0.9788,0.2048,0,0.9731,0.0405,-0.227,0,0,0.0287,0,1],"rest":[-0.2305,0.2008,-0.9521,0,0.007,0.9788,0.2048,0,0.9731,0.0405,-0.227,0,0,0.0287,0,1],"parentBoneIndex":12,"length":0.0653},
{"name":"LeftHandFinger1","index":15,"matrix":[0.9955,-0.0945,-0.0036,0,0.0919,0.9583,0.2705,0,-0.0221,-0.2696,0.9627,0,0,0.0653,0,1],"rest":[0.9955,-0.0945,-0.0036,0,0.0919,0.9583,0.2705,0,-0.0221,-0.2696,0.9627,0,0,0.0653,0,1],"parentBoneIndex":14,"length":0.0207},
{"name":"Neck","index":16,"matrix":[1,0,0,0,0,0.9994,-0.036,0,0,0.036,0.9994,0,0,0.2121,0,1],"rest":[1,0,0,0,0,0.9994,-0.036,0,0,0.036,0.9994,0,0,0.2121,0,1],"parentBoneIndex":8,"length":0.0386},
{"name":"Neck1","index":17,"matrix":[1,0,0,0,0,1,0,0,0,0,1,0,0,0.0386,0,1],"rest":[1,0,0,0,0,1,0,0,0,0,1,0,0,0.0386,0,1],"parentBoneIndex":16,"length":0.0386},
{"name":"Head","index":18,"matrix":[1,0,0,0,0,0.9444,-0.3289,0,0,0.3289,0.9444,0,0,0.0386,0,1],"rest":[1,0,0,0,0,0.9444,-0.3289,0,0,0.3289,0.9444,0,0,0.0386,0,1],"parentBoneIndex":17,"length":0.1602},
{"name":"RightShoulder","index":19,"matrix":[-0.1599,0.8988,-0.4081,0,-0.9783,-0.1994,-0.0559,0,-0.1316,0.3903,0.9112,0,-0.0231,0.1552,0.0477,1],"rest":[-0.1599,0.8988,-0.4081,0,-0.9783,-0.1994,-0.0559,0,-0.1316,0.3903,0.9112,0,-0.0231,0.1552,0.0477,1],"parentBoneIndex":8,"length":0.1601},
{"name":"RightArm","index":20,"matrix":[0.7861,0.6181,0.0084,0,-0.6116,0.7757,0.1559,0,0.0899,-0.1277,0.9877,0,0,0.1601,0,1],"rest":[0.7861,0.6181,0.0084,0,-0.6116,0.7757,0.1559,0,0.0899,-0.1277,0.9877,0,0,0.1601,0,1],"parentBoneIndex":19,"length":0.2342},
{"name":"RightForeArm","index":21,"matrix":[0.9998,0.0213,-0.0001,0,-0.0157,0.7412,0.6711,0,0.0144,-0.671,0.7414,0,0,0.2342,0,1],"rest":[0.9998,0.0213,-0.0001,0,-0.0157,0.7412,0.6711,0,0.0144,-0.671,0.7413,0,0,0.2342,0,1],"parentBoneIndex":20,"length":0.2274},
{"name":"RightHand","index":22,"matrix":[0.9962,0.0791,0.0366,0,-0.0843,0.9807,0.1762,0,-0.022,-0.1786,0.9837,0,0,0.2274,0,1],"rest":[0.9962,0.0791,0.0366,0,-0.0843,0.9807,0.1762,0,-0.022,-0.1786,0.9837,0,0,0.2274,0,1],"parentBoneIndex":21,"length":0.0281},
{"name":"RThumb","index":23,"matrix":[-0.5423,-0.8378,-0.0625,0,-0.701,0.4102,0.5834,0,-0.4631,0.3602,-0.8098,0,-0.0015,0.0344,0.0176,1],"rest":[-0.5423,-0.8378,-0.0625,0,-0.701,0.4102,0.5834,0,-0.4631,0.3602,-0.8098,0,-0.0015,0.0344,0.0176,1],"parentBoneIndex":22,"length":0.0268},
{"name":"RightFingerBase","index":24,"matrix":[-0.2218,-0.2028,0.9538,0,-0.0177,0.9788,0.204,0,-0.9749,0.0284,-0.2207,0,0,0.0281,0,1],"rest":[-0.2218,-0.2028,0.9538,0,-0.0177,0.9788,0.204,0,-0.9749,0.0284,-0.2207,0,0,0.0281,0,1],"parentBoneIndex":22,"length":0.0639},
{"name":"RightHandFinger1","index":25,"matrix":[0.9956,0.0934,0.0033,0,-0.0907,0.958,0.2722,0,0.0223,-0.2713,0.9622,0,0,0.0639,0,1],"rest":[0.9956,0.0934,0.0033,0,-0.0907,0.958,0.2722,0,0.0223,-0.2713,0.9622,0,0,0.0639,0,1],"parentBoneIndex":24,"length":0.0195},
{"name":"RHipJoint","index":26,"matrix":[-0.1818,0.0277,0.9829,0,-0.9618,-0.213,-0.1719,0,0.2046,-0.9767,0.0653,0,0,0,0,1],"rest":[-0.1818,0.0277,0.9829,0,-0.9618,-0.213,-0.1719,0,0.2046,-0.9767,0.0653,0,0,0,0,1],"parentBoneIndex":0,"length":0.1221},
{"name":"RightUpLeg","index":27,"matrix":[-0.2591,-0.9267,0.2722,0,-0.2696,0.34,0.9009,0,-0.9275,0.16,-0.338,0,0,0.1221,0,1],"rest":[-0.2591,-0.9267,0.2722,0,-0.2696,0.34,0.9009,0,-0.9275,0.16,-0.338,0,0,0.1221,0,1],"parentBoneIndex":26,"length":0.3739},
{"name":"RightLeg","index":28,"matrix":[0.9971,-0.0545,-0.0527,0,0.0616,0.9874,0.1455,0,0.0441,-0.1483,0.988,0,0,0.3739,0,1],"rest":[0.9971,-0.0545,-0.0527,0,0.0616,0.9874,0.1455,0,0.0441,-0.1483,0.988,0,0,0.3739,0,1],"parentBoneIndex":27,"length":0.4583},
{"name":"RightFoot","index":29,"matrix":[0.9966,0.0173,-0.0804,0,-0.0822,0.2094,-0.9744,0,0,0.9777,0.2101,0,0,0.4583,0,1],"rest":[0.9966,0.0173,-0.0804,0,-0.0822,0.2094,-0.9744,0,0,0.9777,0.2101,0,0,0.4583,0,1],"parentBoneIndex":28,"length":0.1465},
{"name":"RightToeBase","index":30,"matrix":[0.9984,-0.056,0.0058,0,0.056,0.9984,-0.0006,0,-0.0057,0.0009,1,0,0,0.1465,0,1],"rest":[0.9984,-0.056,0.0058,0,0.056,0.9984,-0.0006,0,-0.0057,0.0009,1,0,0,0.1465,0,1],"parentBoneIndex":29,"length":0.0201}]}],
"meshes":[{"name":"Trump2:Male_elegantsuit01","id":"Trump2:Male_elegantsuit01","materialId":"trump_new1f.skin","billboardMode":0,"position":[0,0,0],"rotation":[0,0,0],"scaling":[1,1,1],"isVisible":true,"freezeWorldMatrix":false,"isEnabled":true,"checkCollisions":false,"receiveShadows":false,"tags":"","skeletonId":0,"numBoneInfluencers":8
,"positions":[0.2177,0.4742,0.0345,0.232,0.4741,0.0042,0.2327,0.4476,0.0099,0.2177,0.4504,0.0384,0.2318,0.4168,0.016,0.2157,0.4209,0.0435,0.1956,0.4226,0.0597,0.1982,0.4507,0.0558,0.1969,0.4725,0.0541,0.1826,0.6683,0.0418,0.2081,0.6705,-0.0032,0.2096,0.629,0.0008,0.1849,0.6288,0.0467,0.2165,0.5873,0.0037,0.1942,0.5867,0.0542,0.1661,0.5779,0.0582,0.1606,0.6201,0.0593
,0.1576,0.6645,0.0649,0.1208,0.9515,0.085,0.1547,0.955,0.0491,0.1544,0.9166,0.0628,0.1258,0.9094,0.0919,0.1035,0.9136,0.0991,0.1016,0.9547,0.0925,0.1076,1.0108,0.0777,0.1259,1.0089,0.064,0.1404,1.0069,0.0441,0.1928,0.623,-0.0893,0.1892,0.6681,-0.0956,0.1808,0.6647,-0.1117,0.1852,0.6192,-0.1061,0.1952,0.58,-0.1019,0.2016,0.5832,-0.0844,0.2105,0.5845,-0.0631
,0.2009,0.6264,-0.0696,0.1958,0.6714,-0.0778,0.2276,0.1758,0.0027,0.218,0.1748,0.0239,0.2272,0.2175,0.0266,0.2294,0.2681,0.027,0.2239,0.2669,0.0005,0.2268,0.22,-0.0021,0.2198,0.2619,-0.0171,0.2179,0.2183,-0.0189,0.2217,0.1801,-0.0254,0.1818,0.8875,0.0339,0.1958,0.8932,-0.0117,0.1994,0.8587,-0.0102,0.1769,0.8504,0.0374,0.1495,0.8451,0.069,0.1503,0.8742,0.069
,0.1794,0.9217,0.0265,0.1893,0.9271,-0.0101,0.1816,0.1399,-0.0763,0.1936,0.1384,-0.0797,0.1958,0.1682,-0.0771,0.1989,0.0764,-0.094,0.2056,0.0736,-0.0911,0.1994,0.0895,-0.0876,0.187,0.7019,-0.101,0.1765,0.7014,-0.1181,0.1966,0.7025,-0.0823,0.1946,0.7339,-0.0873,0.183,0.7346,-0.105,0.1712,0.7361,-0.1196,0.1327,0.121,-0.0076,0.1333,0.1204,0.0243,0.1301,0.0961,0.0215
,0.1242,0.0758,0.0237,0.1279,0.074,-0.0106,0.1412,0.0707,-0.0502,0.134,0.0925,-0.0478,0.1278,0.0965,-0.0133,0.13,0.1207,-0.0459,0.123,0.8659,0.0867,0.1231,0.8437,0.0871,0.1017,0.8484,0.0936,0.1013,0.87,0.0934,0.1661,0.9593,0.0235,0.1536,1.0063,0.0187,0.1631,1.007,-0.0085,0.1772,0.9573,-0.0086,0.1937,0.0916,-0.0896,0.1963,0.1087,-0.082,0.1098,0.7356,-0.1142
,0.136,0.7339,-0.126,0.1323,0.7781,-0.1243,0.1079,0.7852,-0.1121,0.1319,0.8068,-0.125,0.1561,0.5354,-0.112,0.1599,0.5033,-0.1129,0.1831,0.5077,-0.1157,0.2194,0.1358,-0.0509,0.2195,0.1769,-0.043,0.2161,0.1736,-0.0601,0.2135,0.1375,-0.0655,0.2105,0.1028,-0.0709,0.2152,0.0983,-0.0613,0.2192,0.0967,-0.0474,0.2225,0.1337,-0.0315,0.0106,0.8085,0.0098,0.0056,0.8178,0.0054
,0.0116,0.8198,0.0351,0.0175,0.8102,0.0383,0.0205,0.8232,0.0559,0.0284,0.8152,0.0594,0.038,0.7993,0.0625,0.0266,0.7908,0.048,0.0191,0.7882,0.0187,0.2346,0.349,-0.0064,0.2243,0.345,-0.0346,0.2275,0.3045,-0.0226,0.2296,0.3083,-0.0014,0.2301,0.3134,0.0251,0.2324,0.3529,0.0246,0.0135,0.8512,0.1042,0.0151,0.8734,0.1061,0.0273,0.8679,0.1074,0.026,0.8495,0.1024
,0.024,0.8365,0.0919,0.0119,0.8401,0.0934,-0.0002,0.841,0.0931,-0.0002,0.8559,0.1032,0.0002,0.8793,0.1055,0.0024,0.8202,-0.0183,-0.0004,0.8206,-0.0184,-0.0006,0.8222,0.0016,0.0004,0.8218,0.0022,0.004,0.8223,-0.0192,0.0054,0.8171,-0.0402,0.0027,0.8183,-0.0411,0.0008,0.818,-0.0409,0.2242,0.1346,-0.0082,0.2253,0.0979,-0.027,0.2264,0.0991,0.0215,0.2218,0.139,0.0218
,0.1307,0.4654,-0.1051,0.13,0.4417,-0.1027,0.146,0.4447,-0.111,0.1477,0.4676,-0.1125,0.1478,0.5017,-0.1111,0.1304,0.4995,-0.1047,0.1091,0.4974,-0.0915,0.1078,0.4645,-0.0915,0.1116,0.4391,-0.0896,0.0291,0.7564,0.0185,0.0411,0.7146,0.0209,0.0369,0.7136,-0.0095,0.0247,0.7587,-0.0115,0.0388,0.717,-0.0408,0.0217,0.761,-0.0407,0.0079,0.8003,-0.0384,0.0121,0.7942,-0.0107
,0.0475,0.8139,0.0753,0.054,0.8243,0.0886,0.0705,0.8194,0.0878,0.059,0.7996,0.0764,0.0897,0.8049,0.0849,0.075,0.7812,0.0798,0.0613,0.7719,0.0737,0.0488,0.7801,0.0676,0.1758,0.8275,-0.0996,0.1591,0.8278,-0.1106,0.1621,0.801,-0.113,0.1752,0.7986,-0.1022,0.1876,0.7959,-0.0865,0.1872,0.8246,-0.0856,0.1866,0.8585,-0.0861,0.1741,0.8573,-0.0987,0.1602,0.8559,-0.1085
,0.0049,0.825,0.0577,0.0001,0.8288,0.0555,-0.0004,0.8325,0.0759,0.0085,0.8287,0.0774,0.023,0.8306,0.0771,0.0406,0.8454,0.1013,0.0422,0.8631,0.1108,0.0608,0.8586,0.1086,0.0583,0.8347,0.101,0.0375,0.8315,0.0899,0.0808,0.8518,0.102,0.097,0.8306,0.0895,0.1446,0.5345,0.0686,0.1134,0.5247,0.0596,0.1042,0.5602,0.0646,0.1357,0.5693,0.0672,0.1748,0.5429,0.063
,0.1826,0.5131,0.0575,0.1517,0.5066,0.0631,0.1199,0.4996,0.0514,0.026,0.8992,0.1063,0.0124,0.9036,0.1034,-0.0002,0.9097,0.1022,0.0053,0.9353,0.1016,0.012,0.9338,0.1022,0.0242,0.9313,0.1048,0.0384,0.9616,0.1037,0.0362,1.0129,0.0886,0.056,1.013,0.086,0.0586,0.961,0.1032,0.0594,0.925,0.1104,0.0397,0.9291,0.1085,0.0208,0.9625,0.1006,0.0194,1.014,0.0889
,0.0819,1.0126,0.0832,0.0825,0.9195,0.1068,0.0808,0.9586,0.0996,0.1556,0.4851,0.0629,0.1229,0.4785,0.0511,0.1925,0.492,0.054,0.163,0.4672,0.0662,0.1236,0.4587,0.0519,0.1874,0.6988,0.0395,0.1574,0.6958,0.0682,0.1578,0.7281,0.0693,0.1929,0.7299,0.0369,0.2087,0.7335,-0.017,0.2118,0.7018,-0.0117,0.1788,0.7677,-0.1037,0.1657,0.7703,-0.1173,0.1904,0.7645,-0.0874
,0.0371,0.8739,-0.144,0.0377,0.8588,-0.1368,0.0569,0.8629,-0.1327,0.0748,0.8625,-0.1241,0.0756,0.8745,-0.1298,0.0788,0.9105,-0.1335,0.0598,0.9107,-0.1407,0.0584,0.8746,-0.1385,0.0411,0.9074,-0.1477,0.0097,0.8335,-0.1253,0.0172,0.8537,-0.1451,0.0001,0.8485,-0.1453,-0.0004,0.8318,-0.1264,0.0005,0.8215,-0.1046,0.005,0.821,-0.1017,0.0045,0.821,-0.102,0.0295,0.84,-0.1379
,0.2091,0.1378,0.0477,0.2146,0.1007,0.0457,0.1985,0.1043,0.0609,0.1951,0.1374,0.0642,0.1945,0.1722,0.0633,0.2084,0.1734,0.0459,0.1345,0.1443,0.0048,0.1364,0.1436,0.0318,0.1234,0.1453,-0.035,0.1173,0.1735,-0.0217,0.123,0.1719,0.0092,0.1342,0.1721,0.0361,0.1768,0.1367,0.073,0.1741,0.1714,0.0735,0.1801,0.1005,0.0726,0.1627,0.0992,0.0751,0.1523,0.1336,0.0749
,0.142,0.1742,0.0702,0.1453,0.1466,-0.0559,0.1552,0.1445,-0.063,0.151,0.1729,-0.0617,0.1349,0.1739,-0.0466,0.1173,0.1735,-0.0217,0.1234,0.1453,-0.035,0.1234,0.1453,-0.035,0.13,0.1207,-0.0459,0.1455,0.1189,-0.0629,0.1562,0.1159,-0.0737,0.0765,0.5911,0.0444,0.0665,0.5871,0.0209,0.0558,0.6291,0.0239,0.0721,0.6363,0.0426,0.0915,0.6456,0.0592,0.0965,0.6006,0.0615
,0.0888,0.5548,0.0414,0.0796,0.5531,0.019,0.2088,0.7361,-0.0587,0.2073,0.7052,-0.0522,0.2024,0.6724,-0.0469,0.0635,0.7552,0.0727,0.0719,0.7197,0.0713,0.0515,0.7178,0.0499,0.0401,0.7608,0.0554,0.1781,0.5398,-0.1165,0.1705,0.5743,-0.1192,0.1383,0.6055,-0.1134,0.1474,0.5691,-0.1121,0.0617,0.5845,-0.0052,0.062,0.5795,-0.0352,0.0516,0.6245,-0.0373,0.0494,0.6244,-0.0044
,0.0732,0.5515,-0.005,0.0705,0.5472,-0.0322,0.2205,0.55,-0.0613,0.2253,0.5189,-0.06,0.2311,0.5218,-0.0349,0.2279,0.5522,-0.0311,0.2301,0.5203,0.001,0.2246,0.5516,0.0045,0.2175,0.5877,-0.0328,0.1017,0.4715,0.031,0.0862,0.467,0.0095,0.0894,0.4887,0.0057,0.1032,0.4934,0.028,0.0997,0.4512,0.0339,0.0844,0.4469,0.0129,0.2122,0.217,0.0457,0.1919,0.2148,0.0637
,0.1925,0.2619,0.064,0.2133,0.2664,0.0493,0.226,0.0762,-0.0351,0.2206,0.0768,-0.0549,0.2204,0.0672,-0.0543,0.2251,0.0671,-0.0357,0.228,0.0658,0.0067,0.2295,0.0762,0.0105,0.1977,0.0784,0.0592,0.2135,0.0739,0.0474,0.2126,0.0624,0.046,0.192,0.0642,0.0628,0.139,0.2111,0.066,0.1373,0.1733,0.0536,0.1309,0.2086,0.049,0.1228,0.2043,0.0332,0.1138,0.2477,0.0276
,0.1218,0.2486,0.0487,0.1316,0.2534,0.0662,0.215,0.5175,0.0333,0.2158,0.4949,0.0317,0.2311,0.4955,0.0003,0.141,0.3129,-0.0748,0.1542,0.3152,-0.0795,0.1464,0.3498,-0.0912,0.1285,0.3543,-0.0798,0.1424,0.3907,-0.0948,0.1298,0.3908,-0.0855,0.116,0.3912,-0.0746,0.1137,0.3522,-0.0636,0.116,0.3153,-0.0596,0.196,0.3651,-0.0661,0.1964,0.3979,-0.0693,0.1873,0.3947,-0.0889
,0.1845,0.3607,-0.0874,0.1759,0.3932,-0.0999,0.1736,0.3575,-0.0934,0.1793,0.3254,-0.0845,0.1894,0.3287,-0.0819,0.2024,0.3349,-0.0673,0.0457,0.6718,-0.0376,0.0516,0.6245,-0.0373,0.0613,0.6278,-0.0724,0.0528,0.6761,-0.0725,0.0815,0.6372,-0.0957,0.0712,0.6851,-0.0969,0.0614,0.7336,-0.0988,0.041,0.7215,-0.0724,0.0388,0.717,-0.0408,0.0819,0.4636,-0.0376,0.0792,0.487,-0.0392
,0.0799,0.49,-0.0136,0.0779,0.466,-0.0078,0.0781,0.444,-0.0035,0.0799,0.4455,-0.0334,0.2321,0.3804,-0.0121,0.232,0.3867,0.0199,0.2305,0.4106,-0.0145,0.2211,0.4061,-0.0366,0.2199,0.3751,-0.0331,0.1598,0.3787,0.075,0.1917,0.3896,0.063,0.189,0.3516,0.0639,0.1618,0.3428,0.0756,0.1254,0.3322,0.0603,0.1237,0.3677,0.0565,0.1228,0.4054,0.0547,0.1613,0.4162,0.0707
,0.0796,0.4229,-0.0007,0.0866,0.4255,0.016,0.0894,0.3933,0.0178,0.0818,0.3893,-0.001,0.0823,0.3877,-0.024,0.0775,0.4228,-0.0274,0.2319,0.4687,-0.0273,0.232,0.4929,-0.0332,0.2247,0.4895,-0.0587,0.224,0.4639,-0.051,0.2013,0.8238,-0.0063,0.1813,0.8172,0.0389,0.2031,0.7921,-0.0096,0.1851,0.7858,0.039,0.1512,0.7874,0.0676,0.149,0.8204,0.0653,0.0096,0.9634,0.0988
,0.0081,1.0148,0.0893,0.0026,0.9652,0.0966,0,1.0155,0.0896,0.1539,0.7598,0.0714,0.1133,0.7243,0.0832,0.1047,0.7636,0.0831,0.1154,0.7906,0.077,0.1761,0.9459,-0.099,0.1535,0.9443,-0.1132,0.161,0.9114,-0.1088,0.1797,0.9138,-0.102,0.1872,0.9173,-0.086,0.1836,0.9479,-0.0823,0.1627,1.0013,-0.0785,0.1529,1.0008,-0.0955,0.1406,1.0019,-0.104,0.1995,0.4329,-0.0781
,0.2028,0.456,-0.0843,0.1975,0.4536,-0.1002,0.1929,0.4288,-0.0949,0.1834,0.4511,-0.115,0.1803,0.4285,-0.1089,0.2146,0.3886,0.0477,0.2132,0.3529,0.05,0.0872,0.3509,-0.0174,0.0949,0.3563,0.0187,0.0883,0.3527,0.0044,0.1005,0.3221,0.017,0.0954,0.3203,0.0053,0.0901,0.3193,-0.0139,0.0962,0.3503,-0.0395,0.0928,0.3872,-0.051,0.0823,0.3877,-0.024,0.0872,0.3509,-0.0174
,0.0901,0.3193,-0.0139,0.098,0.3169,-0.0356,0.2071,0.6282,-0.0389,0.163,0.4453,0.0678,0.1242,0.4381,0.0536,0.1959,0.8913,-0.058,0.1929,0.9233,-0.0528,0.1835,0.8865,-0.0857,0.2021,0.8614,-0.0577,0.1378,0.1403,0.0546,0.1363,0.1148,0.059,0.0775,0.4228,-0.0274,0.0823,0.3877,-0.024,0.0916,0.4198,-0.0619,0.1153,0.4183,-0.0833,0.0881,0.4426,-0.0629,0.0799,0.4455,-0.0334
,0.2076,0.0869,-0.0842,0.2157,0.0847,-0.0776,0.2033,0.1056,-0.0781,0.2105,0.0714,-0.0859,0.2143,0.0681,-0.0788,0.2085,0.7639,-0.0584,0.2047,0.763,-0.0159,0.2061,0.7949,-0.0554,0.2114,0.2943,-0.0698,0.2122,0.2491,-0.062,0.2164,0.2558,-0.0392,0.2214,0.3005,-0.0516,0.2135,0.3407,-0.0518,0.16,0.6121,-0.1228,0.1514,0.6572,-0.1272,0.1276,0.6493,-0.1183,0.1123,0.8783,-0.128
,0.1103,0.8562,-0.1249,0.1329,0.8548,-0.1233,0.1856,0.9518,-0.05,0.1677,1.0047,-0.0429,0.1715,0.0749,0.0769,0.1741,0.0667,0.0774,0.1459,0.0702,0.0626,0.1416,0.0862,0.0638,0.2154,0.485,-0.0752,0.2175,0.5146,-0.0786,0.2091,0.5126,-0.0927,0.2086,0.4793,-0.091,0.2129,0.4593,-0.0675,0.2127,0.5491,0.0421,0.1875,0.76,0.0412,0.1451,0.4211,-0.1039,0.1314,0.4194,-0.0948
,0.0903,0.4896,-0.0664,0.0899,0.4653,-0.0625,0.0792,0.487,-0.0392,0.0819,0.4636,-0.0376,0.0799,0.4455,-0.0334,0.103,0.3983,0.0362,0.1005,0.4314,0.0349,0.0217,0.761,-0.0407,0.0388,0.717,-0.0408,0.0276,0.7685,-0.0719,0.0564,0.7778,-0.1065,0.0326,0.8099,-0.1062,0.0131,0.8037,-0.0692,0.0079,0.8003,-0.0384,0.122,0.8277,0.0774,0.2092,0.2085,-0.0557,0.2107,0.2133,-0.0337
,0.0822,0.517,-0.0158,0.0753,0.5172,-0.035,0.0909,0.5203,0.0086,0.2226,0.4387,-0.0428,0.2309,0.4431,-0.0217,0.1467,0.879,-0.121,0.1457,0.8557,-0.1192,0.1629,0.8811,-0.1109,0.1454,0.9111,-0.1196,0.1307,0.9117,-0.1223,0.1323,0.8789,-0.1247,0.041,0.8948,0.1115,0.0597,0.8895,0.1114,0.1911,0.5414,-0.114,0.2048,0.5441,-0.0967,0.1801,0.5749,-0.1194,0.1983,0.511,-0.1089
,0.0063,0.8223,0.0329,-0.0008,0.8239,0.0294,0.099,0.5236,0.0357,0.0658,0.6784,0.0469,0.0831,0.6811,0.066,0.0506,0.6734,0.0235,0.0974,0.2867,-0.0115,0.1025,0.287,0.0056,0.1098,0.2861,0.0244,0.1086,0.2503,0.0102,0.1057,0.2514,-0.0095,0.0067,0.8138,-0.0168,0.0063,0.819,-0.041,0.1002,0.2827,-0.0352,0.0974,0.2867,-0.0115,0.1057,0.2514,-0.0095,0.1095,0.2467,-0.0358
,0.1265,0.244,-0.0557,0.123,0.2804,-0.0552,0.0901,0.3193,-0.0139,0.0974,0.2867,-0.0115,0.0001,0.8143,-0.0743,0.0008,0.818,-0.0409,0.0027,0.8183,-0.0411,0.0027,0.8183,-0.0411,0.0054,0.8171,-0.0402,0.0036,0.8151,-0.0722,0.0034,0.815,-0.074,0.0808,0.8804,0.1041,0.2129,0.3129,0.0505,0.1915,0.3091,0.0639,0.1114,0.9112,-0.1258,0.1289,0.9479,-0.1214,0.0407,0.9326,-0.1591
,0.0653,0.9356,-0.1519,0.0814,0.9441,-0.1446,0.0802,0.9981,-0.1551,0.0643,0.9915,-0.1641,0.043,0.9895,-0.1709,0.0178,0.8752,-0.1469,0.019,0.9037,-0.1516,-0.0015,0.9031,-0.1511,0.0005,0.8741,-0.149,0.1661,0.3014,0.0763,0.1661,0.2577,0.0747,0.1275,0.2948,0.0643,0.2047,0.8227,-0.0561,0.1103,0.9493,-0.1296,0.1195,1.0044,-0.1198,0.1169,0.6925,-0.121,0.0346,0.8232,0.0744
,0.1195,0.2859,0.0465,0.1138,0.3264,0.0404,0.0457,0.6718,-0.0376,0.0421,0.6702,-0.0073,0.0742,0.5487,-0.0693,0.0705,0.5472,-0.0322,0.0753,0.5172,-0.035,0.0846,0.5178,-0.0674,0.0753,0.5172,-0.035,0.0792,0.487,-0.0392,0.1041,0.527,-0.091,0.098,0.5593,-0.0923,0.0152,0.8156,-0.1063,0.0489,0.8447,-0.1302,0.0651,0.8426,-0.126,0.1435,0.6967,-0.129,0.1067,0.81,-0.115
,0.1321,0.8306,-0.1225,0.0063,0.819,-0.041,0.0079,0.8003,-0.0384,0.0068,0.8116,-0.071,0.0054,0.8171,-0.0402,0.1774,0.1693,-0.0752,0.1852,0.1978,-0.0772,0.1669,0.2126,0.0732,0.1691,0.2014,-0.0744,0.1802,0.2392,-0.0753,0.1637,0.2405,-0.0723,0.1797,0.2833,-0.0766,0.1289,0.6116,0.07,0.1244,0.6553,0.0675,0.1215,0.6872,0.0779,0.1847,0.0761,0.0697,0.1808,0.0646,0.0716
,0.1093,0.2078,-0.0153,0.1125,0.2066,0.0151,0.1075,0.3614,0.036,0.121,0.2059,-0.0409,0.1093,0.2078,-0.0153,0.1173,0.1735,-0.0217,0.1387,0.2048,-0.0568,0.1057,0.2514,-0.0095,0.1093,0.2078,-0.0153,0.1636,0.3185,-0.0826,0.1597,0.4715,-0.1163,0.1844,0.476,-0.118,0.062,0.5795,-0.0352,0.0705,0.5472,-0.0322,0.0679,0.5826,-0.0716,0.0909,0.5914,-0.0961,0.0516,0.6245,-0.0373
,0.1468,0.0941,-0.0655,0.1589,0.0961,-0.0786,0.13,0.1207,-0.0459,0.134,0.0925,-0.0478,0.134,0.0925,-0.0478,0.1412,0.0707,-0.0502,0.1467,0.0705,-0.0666,0.1578,0.0772,-0.0842,-0.0009,0.9329,-0.167,0.0235,0.9877,-0.1735,0.0213,0.9325,-0.166,0,0.9874,-0.1734,0.1705,0.6141,-0.1238,0.1647,0.6591,-0.127,0.1566,0.6989,-0.1304,0.1491,0.7342,-0.1296,0.2014,0.1398,-0.0758
,0.2067,0.1689,-0.0753,0.1474,0.8059,-0.1252,0.1473,0.8323,-0.1197,0.147,0.7763,-0.127,0.2088,0.4015,-0.0538,0.2085,0.3698,-0.0503,0.1436,0.9457,-0.1179,0.1287,1.0025,-0.1126,0.2111,0.4354,-0.0606,0.2159,0.08,-0.0677,0.2161,0.0663,-0.0672,0.1917,0.2437,-0.0744,0.1903,0.2861,-0.0803,0.2003,0.4785,-0.1089,0.1975,0.204,-0.0753,0.1738,0.883,-0.1002,0.2122,0.5474,-0.0801
,0.1615,0.1716,-0.0682,0.1652,0.1434,-0.0681,0.1681,0.1142,-0.082,0.1786,0.1103,-0.0859,0.1738,0.1424,-0.0739,0.1699,0.1705,-0.0726,0.1688,0.0811,-0.0916,0.1718,0.0946,-0.0866,0.1854,0.0798,-0.0939,0.1848,0.0957,-0.0895,0.0783,0.8088,-0.1147,0.0814,0.7393,-0.1055,0.0972,0.7367,-0.1111,0.0941,0.7856,-0.1094,0.0943,0.8099,-0.1128,0.1608,0.4462,-0.1156,0.1167,0.5628,-0.101
,0.1249,0.5298,-0.1029,0.1421,0.5335,-0.1089,0.1354,0.5668,-0.1076,0.1574,0.3524,-0.0952,0.1561,0.3897,-0.1023,0.1115,0.5985,-0.1024,0.1007,0.6415,-0.1044,0.1274,0.602,-0.1085,0.1163,0.6468,-0.1126,0.1594,0.422,-0.1095,0.1852,0.1097,-0.0858,0.0901,0.8751,-0.1264,0.0871,0.8597,-0.122,0.1002,0.858,-0.1234,0.1019,0.8774,-0.1276,0.1043,0.9109,-0.1258,0.0935,0.9108,-0.1287
,0.0957,0.9486,-0.136,0.106,0.949,-0.1322,0.098,1.002,-0.1371,0.0907,1.0007,-0.1462,0.1038,0.691,-0.1153,0.0885,0.6889,-0.1069,0.0961,0.8362,-0.1203,0.0802,0.8399,-0.122,0.1521,0.2037,-0.0658,0.1608,0.2009,-0.0709,0.1553,0.2412,-0.0691,0.1446,0.2417,-0.0646,0.1434,0.2781,-0.0626,0.1545,0.2797,-0.067,0.1054,1.0039,-0.1299,0.1073,0.8323,-0.1213,0.1626,0.2816,-0.0703
,-0.2236,0.4466,0.0094,-0.2246,0.4731,0.0046,-0.2099,0.4731,0.0337,-0.2099,0.4489,0.0381,-0.1896,0.4706,0.0522,-0.1898,0.4484,0.0548,-0.1873,0.4197,0.0597,-0.2088,0.4174,0.0432,-0.225,0.4126,0.0157,-0.2085,0.6272,0.0001,-0.208,0.6716,-0.003,-0.1784,0.6682,0.036,-0.1845,0.6267,0.0407,-0.1567,0.6632,0.0601,-0.1593,0.6198,0.0556,-0.1678,0.5797,0.061,-0.1963,0.5869,0.0498
,-0.2135,0.5872,0.0043,-0.1188,0.9478,0.0783,-0.12,0.9092,0.0844,-0.1543,0.9189,0.059,-0.15,0.9454,0.0491,-0.1418,1.0073,0.0454,-0.1262,1.0091,0.0643,-0.1073,1.0108,0.0774,-0.0984,0.9562,0.0899,-0.0986,0.9136,0.0979,-0.1943,0.6242,-0.0896,-0.1839,0.6194,-0.1067,-0.1797,0.6649,-0.1105,-0.19,0.6682,-0.0945,-0.1929,0.6707,-0.0769,-0.1997,0.6268,-0.0693,-0.2121,0.5858,-0.0634
,-0.2039,0.5833,-0.0854,-0.1949,0.5799,-0.1014,-0.2302,0.2221,0.0269,-0.2305,0.1768,0.0259,-0.2315,0.1789,-0.0006,-0.2226,0.1788,-0.0192,-0.218,0.2216,-0.0135,-0.2264,0.2233,0.0018,-0.2149,0.2663,-0.0154,-0.2248,0.2708,0.0021,-0.2327,0.2717,0.0283,-0.1827,0.8887,0.0352,-0.1785,0.852,0.0367,-0.1991,0.859,-0.0043,-0.2017,0.8917,-0.0043,-0.1954,0.9246,-0.0026,-0.1758,0.921,0.0325
,-0.1512,0.8777,0.0658,-0.1515,0.8443,0.0688,-0.1815,0.1013,-0.0957,-0.1767,0.1332,-0.0814,-0.1856,0.1303,-0.075,-0.1918,0.0988,-0.0916,-0.1976,0.0825,-0.1032,-0.1809,0.0823,-0.1089,-0.1866,0.7018,-0.1,-0.1748,0.7005,-0.1147,-0.1702,0.7354,-0.115,-0.1822,0.7344,-0.1014,-0.1911,0.7335,-0.0847,-0.1924,0.7008,-0.0811,-0.1323,0.0796,0.0272,-0.1339,0.1076,0.0333,-0.1303,0.1024,0.0059
,-0.1284,0.0695,-0.0052,-0.1321,0.1011,-0.0267,-0.1294,0.0653,-0.0295,-0.1284,0.057,-0.0292,-0.1289,0.0593,-0.0067,-0.1274,0.0639,0.0236,-0.1166,0.8651,0.0853,-0.1224,0.842,0.0871,-0.0985,0.8685,0.094,-0.1051,0.8455,0.1033,-0.1708,0.9506,0.0278,-0.1557,1.0067,0.0207,-0.1857,0.9523,-0.0028,-0.1645,1.0073,-0.0073,-0.1317,0.8074,-0.1303,-0.1335,0.7796,-0.1305,-0.118,0.7835,-0.128
,-0.2021,0.0679,-0.1071,-0.1216,0.735,-0.1278,-0.1717,0.5745,-0.1252,-0.1815,0.5398,-0.1229,-0.162,0.5364,-0.1292,-0.2112,0.1327,-0.0454,-0.2009,0.1335,-0.0556,-0.2023,0.1738,-0.047,-0.2126,0.1763,-0.0336,-0.2189,0.1356,-0.0317,-0.2207,0.092,-0.0493,-0.2146,0.0935,-0.0668,-0.207,0.0958,-0.0767,-0.0115,0.8203,0.0355,-0.0073,0.8188,0.0065,-0.0105,0.8091,0.01,-0.0147,0.8101,0.0392
,-0.0169,0.7884,0.0178,-0.0212,0.7893,0.0493,-0.0306,0.798,0.0692,-0.0245,0.812,0.0634,-0.0198,0.8217,0.0579,-0.2259,0.3103,-0.0019,-0.2191,0.3049,-0.0218,-0.2204,0.3379,-0.0284,-0.2287,0.3432,-0.0072,-0.23,0.3492,0.0245,-0.2312,0.312,0.0264,-0.0135,0.8496,0.1069,-0.0259,0.8462,0.1063,-0.0287,0.8671,0.1128,-0.0161,0.873,0.1117,0.0002,0.8793,0.1055,-0.0002,0.8559,0.1032
,-0.0002,0.8559,0.1032,-0.0002,0.841,0.0931,-0.0125,0.8391,0.0947,-0.0238,0.8352,0.0913,-0.0022,0.8234,-0.0201,-0.0022,0.8234,0.0026,-0.0006,0.8222,0.0016,-0.0004,0.8206,-0.0184,0.0008,0.818,-0.0409,-0.0003,0.8173,-0.041,-0.0031,0.8206,-0.0419,-0.0045,0.8212,-0.0178,-0.2289,0.1371,-0.009,-0.2291,0.1366,0.0209,-0.226,0.0948,0.023,-0.2289,0.0916,-0.0158,-0.1226,0.4651,-0.1119
,-0.1426,0.4677,-0.1228,-0.1405,0.4412,-0.1205,-0.1247,0.4392,-0.1119,-0.1004,0.4387,-0.0957,-0.1009,0.4638,-0.0949,-0.1014,0.493,-0.0959,-0.1224,0.4976,-0.1115,-0.1404,0.4991,-0.1209,-0.0356,0.7121,-0.0104,-0.0333,0.7125,0.0212,-0.0246,0.7564,0.0203,-0.023,0.7581,-0.012,-0.0125,0.7949,-0.0118,-0.0103,0.7987,-0.038,-0.022,0.7614,-0.0418,-0.0395,0.7157,-0.042,-0.0522,0.7962,0.0901
,-0.0676,0.8135,0.0998,-0.0527,0.8206,0.0936,-0.0433,0.8099,0.0855,-0.0412,0.7794,0.0772,-0.0558,0.7671,0.0828,-0.0738,0.7794,0.0918,-0.0926,0.8018,0.0933,-0.1702,0.8338,-0.0957,-0.1749,0.8,-0.1002,-0.1613,0.8032,-0.1117,-0.1589,0.8333,-0.1085,-0.1604,0.8608,-0.1076,-0.1725,0.8625,-0.0958,-0.1865,0.8625,-0.0797,-0.1855,0.8281,-0.0813,-0.1857,0.7965,-0.0846,-0.0004,0.8325,0.0759
,0.0001,0.8288,0.0555,-0.0068,0.8289,0.0567,-0.0196,0.8317,0.0731,-0.0103,0.8326,0.0755,-0.0002,0.841,0.0931,-0.0407,0.843,0.1042,-0.0579,0.8318,0.104,-0.0618,0.8595,0.1129,-0.0438,0.8641,0.1139,-0.0388,0.8313,0.0917,-0.0817,0.8523,0.1079,-0.0779,0.8267,0.1049,-0.1022,0.8285,0.0972,-0.1451,0.5333,0.0684,-0.1388,0.5711,0.0699,-0.1076,0.5587,0.0601,-0.1154,0.5246,0.0537
,-0.1185,0.497,0.046,-0.1482,0.5035,0.0587,-0.1797,0.5116,0.0544,-0.175,0.5422,0.0633,-0.029,0.9024,0.1103,-0.0159,0.904,0.1067,-0.0283,0.9315,0.1083,-0.0121,0.9335,0.1041,0.0053,0.9353,0.1016,-0.0002,0.9097,0.1022,-0.0002,0.9097,0.1022,0.0002,0.8793,0.1055,-0.0403,0.9619,0.1038,-0.0572,0.9621,0.1021,-0.056,1.013,0.086,-0.0362,1.0129,0.0886,-0.0194,1.014,0.0889
,-0.0247,0.9633,0.1023,-0.0421,0.9286,0.1114,-0.0575,0.9247,0.1123,-0.0818,1.0126,0.0832,-0.0769,0.9591,0.099,-0.077,0.9204,0.1091,-0.1502,0.483,0.0591,-0.1162,0.4763,0.0507,-0.117,0.4563,0.0538,-0.1569,0.4641,0.0631,-0.1852,0.4908,0.0522,-0.1814,0.6993,0.0356,-0.1862,0.7308,0.0366,-0.1601,0.7285,0.0687,-0.158,0.6954,0.0641,-0.2069,0.7043,0.0001,-0.2065,0.736,-0.0047
,-0.1765,0.768,-0.1012,-0.1636,0.771,-0.1118,-0.188,0.7645,-0.0868,-0.0521,0.8584,-0.1398,-0.0319,0.8567,-0.1425,-0.0352,0.8775,-0.1468,-0.052,0.8798,-0.1439,-0.0382,0.9057,-0.1513,-0.0603,0.9092,-0.1476,-0.0777,0.9107,-0.1407,-0.0718,0.8791,-0.139,-0.0676,0.856,-0.1377,-0.0097,0.833,-0.1285,-0.0004,0.8318,-0.1264,0.0001,0.8485,-0.1453,-0.0125,0.8501,-0.1411,-0.022,0.8337,-0.1315
,-0.0121,0.8201,-0.109,-0.0055,0.8216,-0.1063,0.0005,0.8215,-0.1046,-0.0004,0.8318,-0.1264,-0.2143,0.1373,0.0483,-0.1934,0.1385,0.0704,-0.1978,0.107,0.0611,-0.2188,0.0994,0.0468,-0.2133,0.1756,0.0507,-0.1941,0.1749,0.0704,-0.1303,0.1405,0.0106,-0.131,0.1394,0.0367,-0.1325,0.17,0.0326,-0.1277,0.1704,0.0132,-0.124,0.1716,-0.0154,-0.1301,0.1403,-0.0207,-0.1735,0.174,0.0845
,-0.1382,0.1722,0.0773,-0.1488,0.1311,0.0783,-0.1738,0.1332,0.0808,-0.1564,0.1062,0.0784,-0.1775,0.1011,0.0726,-0.1323,0.1411,-0.0545,-0.1306,0.1738,-0.0425,-0.1338,0.1736,-0.0612,-0.141,0.1419,-0.072,-0.1413,0.1071,-0.078,-0.1305,0.1028,-0.0611,-0.1321,0.1011,-0.0267,-0.1301,0.1403,-0.0207,-0.124,0.1716,-0.0154,-0.0767,0.5894,0.0471,-0.0621,0.631,0.0515,-0.0525,0.6278,0.0245
,-0.0644,0.5852,0.0201,-0.0785,0.5484,0.0148,-0.09,0.5533,0.0385,-0.0967,0.5983,0.0696,-0.0941,0.6428,0.07,-0.204,0.7053,-0.0504,-0.2071,0.7367,-0.0544,-0.1993,0.6724,-0.0462,-0.0429,0.7177,0.0583,-0.0669,0.7167,0.0797,-0.0594,0.7534,0.0807,-0.0347,0.7595,0.0592,-0.1678,0.5038,-0.1271,-0.1373,0.6519,-0.1335,-0.1524,0.6567,-0.1318,-0.1602,0.6112,-0.1276,-0.059,0.5817,-0.0075
,-0.049,0.623,-0.0079,-0.0536,0.6233,-0.0396,-0.0608,0.5781,-0.0401,-0.0714,0.544,-0.0371,-0.0709,0.546,-0.0078,-0.2311,0.5217,-0.0338,-0.2262,0.5202,-0.0611,-0.2229,0.5499,-0.061,-0.2167,0.5875,-0.0317,-0.2283,0.5532,-0.0303,-0.2215,0.5534,0.0056,-0.2269,0.5217,0.0033,-0.0907,0.4682,0.033,-0.0942,0.4904,0.028,-0.0811,0.4873,0.0067,-0.0805,0.4648,0.0082,-0.0804,0.4448,0.0122
,-0.0915,0.449,0.0347,-0.209,0.2685,0.0516,-0.1811,0.2689,0.0716,-0.189,0.2181,0.0678,-0.2129,0.2142,0.0482,-0.2252,0.072,-0.0486,-0.2301,0.0731,0.0186,-0.231,0.0701,-0.0137,-0.2256,0.0645,0.018,-0.2279,0.0631,-0.0127,-0.2219,0.064,-0.0473,-0.1999,0.0793,0.0605,-0.1944,0.0613,0.0633,-0.2143,0.0615,0.0448,-0.2201,0.0749,0.0471,-0.1331,0.1713,0.056,-0.1321,0.213,0.0712
,-0.1356,0.2558,0.064,-0.1263,0.2518,0.0458,-0.1263,0.2104,0.0497,-0.1207,0.2487,0.0321,-0.1234,0.206,0.034,-0.2112,0.5172,0.0332,-0.2106,0.4944,0.0305,-0.2264,0.4965,0.0006,-0.1156,0.3472,-0.0925,-0.1332,0.3459,-0.107,-0.1289,0.3159,-0.0986,-0.1095,0.3162,-0.086,-0.0964,0.3157,-0.0599,-0.0985,0.3485,-0.0684,-0.099,0.3842,-0.0788,-0.1189,0.3945,-0.1063,-0.1359,0.3891,-0.115
,-0.1917,0.3882,-0.0919,-0.2013,0.3941,-0.0743,-0.2001,0.3597,-0.068,-0.2008,0.3288,-0.0609,-0.1884,0.3258,-0.0745,-0.177,0.3231,-0.0836,-0.1786,0.3526,-0.0933,-0.1883,0.3559,-0.083,-0.1833,0.3865,-0.103,-0.0643,0.6289,-0.0737,-0.0536,0.6233,-0.0396,-0.0468,0.6698,-0.0395,-0.0575,0.676,-0.0738,-0.0395,0.7157,-0.042,-0.0469,0.7214,-0.074,-0.0618,0.7334,-0.0967,-0.0703,0.6831,-0.0975
,-0.0791,0.6361,-0.0984,-0.0781,0.4871,-0.016,-0.0775,0.4864,-0.0379,-0.0756,0.4626,-0.035,-0.0765,0.4643,-0.0087,-0.075,0.4434,-0.0299,-0.0761,0.4429,-0.004,-0.2293,0.3751,-0.01,-0.227,0.3826,0.0219,-0.2211,0.3697,-0.0327,-0.2199,0.4023,-0.0358,-0.2272,0.4065,-0.0134,-0.1532,0.3747,0.0728,-0.1523,0.3392,0.0806,-0.1846,0.3472,0.0694,-0.1863,0.3843,0.065,-0.1547,0.4102,0.0684
,-0.1181,0.4009,0.0595,-0.1207,0.3644,0.0613,-0.1235,0.3307,0.062,-0.0796,0.4213,-0.0022,-0.0826,0.4237,0.016,-0.0778,0.4216,-0.0263,-0.0821,0.3853,-0.021,-0.0834,0.3872,0.0027,-0.0853,0.3908,0.0195,-0.2279,0.469,-0.0263,-0.2301,0.4941,-0.032,-0.2236,0.4633,-0.0525,-0.2259,0.4906,-0.0598,-0.1998,0.8205,-0.0046,-0.1531,0.8231,0.0674,-0.1847,0.8189,0.0379,-0.158,0.7885,0.0713
,-0.185,0.7854,0.0377,-0.2046,0.7894,-0.0056,-0.0091,0.9642,0.0984,-0.0081,1.0148,0.0893,0,1.0155,0.0896,0.0026,0.9652,0.0966,0.0026,0.9652,0.0966,0.0053,0.9353,0.1016,-0.1148,0.7223,0.0903,-0.1585,0.7577,0.0711,-0.1179,0.7902,0.0815,-0.1039,0.7636,0.093,-0.1788,0.9205,-0.096,-0.1683,0.9197,-0.1067,-0.1655,0.9417,-0.1066,-0.1406,1.0019,-0.104,-0.1529,1.0008,-0.0955
,-0.1787,0.9446,-0.0963,-0.1627,1.0013,-0.0784,-0.1855,0.9453,-0.089,-0.1892,0.9201,-0.0806,-0.1965,0.4272,-0.0988,-0.1987,0.4526,-0.1037,-0.2054,0.4544,-0.0885,-0.2032,0.4303,-0.0815,-0.1893,0.427,-0.1122,-0.1902,0.4507,-0.1169,-0.2086,0.384,0.0478,-0.2067,0.349,0.0517,-0.0885,0.3486,-0.0141,-0.095,0.3175,-0.0106,-0.0951,0.319,0.0063,-0.089,0.3504,0.0063,-0.0947,0.3203,0.0256
,-0.0899,0.3534,0.0223,-0.0885,0.3477,-0.0397,-0.0885,0.3486,-0.0141,-0.0821,0.3853,-0.021,-0.087,0.3835,-0.0484,-0.0925,0.3156,-0.0319,-0.095,0.3175,-0.0106,-0.0885,0.3486,-0.0141,-0.2051,0.6272,-0.0381,-0.1577,0.4425,0.0668,-0.1171,0.4341,0.0573,-0.2036,0.8923,-0.0484,-0.1877,0.8904,-0.0801,-0.2001,0.9227,-0.0461,-0.2029,0.8615,-0.0485,-0.1377,0.1333,0.0607,-0.1424,0.1082,0.0621
,-0.0821,0.3853,-0.021,-0.0778,0.4216,-0.0263,-0.0844,0.419,-0.0579,-0.0778,0.4216,-0.0263,-0.075,0.4434,-0.0299,-0.0811,0.4393,-0.0628,-0.1011,0.4175,-0.0928,-0.1981,0.0958,-0.0869,-0.2139,0.0797,-0.0875,-0.2035,0.0809,-0.0978,-0.209,0.0661,-0.0887,-0.206,0.0677,-0.1007,-0.2057,0.7649,-0.0544,-0.2047,0.7934,-0.0518,-0.2058,0.7615,-0.0059,-0.2063,0.2604,-0.0329,-0.1969,0.2526,-0.0468
,-0.1999,0.2927,-0.0548,-0.2108,0.2987,-0.0398,-0.2117,0.3333,-0.046,-0.1456,0.6058,-0.1298,-0.1253,0.9101,-0.1276,-0.1267,0.8819,-0.1307,-0.1166,0.8823,-0.1341,-0.1918,0.9514,-0.0435,-0.1682,1.0049,-0.0425,-0.1391,0.0643,0.0546,-0.1624,0.0661,0.0892,-0.1573,0.0773,0.0839,-0.1382,0.084,0.0596,-0.2167,0.4859,-0.0775,-0.2087,0.4804,-0.0933,-0.2085,0.5136,-0.0931,-0.2181,0.5151,-0.0795
,-0.2143,0.4591,-0.0714,-0.2107,0.5486,0.0414,-0.1866,0.7585,0.0376,-0.1397,0.4203,-0.1176,-0.1249,0.4185,-0.1098,-0.0811,0.4874,-0.0672,-0.0821,0.4616,-0.0653,-0.075,0.4434,-0.0299,-0.0756,0.4626,-0.035,-0.0756,0.4626,-0.035,-0.0775,0.4864,-0.0379,-0.0955,0.3948,0.0406,-0.0929,0.4282,0.0374,-0.0395,0.7157,-0.042,-0.022,0.7614,-0.0418,-0.0296,0.7681,-0.0723,-0.022,0.7614,-0.0418
,-0.0103,0.7987,-0.038,-0.0173,0.8034,-0.0701,-0.0416,0.8102,-0.108,-0.0542,0.7775,-0.101,-0.1259,0.828,0.0852,-0.1988,0.2106,-0.0432,-0.2082,0.2163,-0.0282,-0.0761,0.515,-0.015,-0.0776,0.5146,-0.0386,-0.0816,0.5162,0.0078,-0.2194,0.4353,-0.0442,-0.2262,0.4418,-0.0197,-0.1428,0.8826,-0.126,-0.1649,0.8884,-0.1065,-0.1468,0.8575,-0.1222,-0.1312,0.8562,-0.1307,-0.1414,0.912,-0.1257
,-0.0435,0.8952,0.1139,-0.0607,0.8894,0.1135,-0.1911,0.5424,-0.1127,-0.1818,0.5768,-0.1166,-0.2034,0.5449,-0.0971,-0.1975,0.5102,-0.1081,-0.188,0.5079,-0.1192,-0.0047,0.8243,0.0318,0.0001,0.8288,0.0555,-0.0008,0.8239,0.0294,-0.0006,0.8222,0.0016,-0.0941,0.5233,0.0297,-0.0516,0.6743,0.0581,-0.084,0.6793,0.0759,-0.0428,0.6696,0.0233,-0.101,0.2862,-0.0071,-0.1007,0.2863,0.0136
,-0.1098,0.2475,-0.004,-0.1152,0.2478,0.0167,-0.1038,0.2863,0.0309,-0.0078,0.812,-0.016,-0.0065,0.8095,-0.0383,-0.1016,0.2833,-0.0286,-0.1095,0.2455,-0.0276,-0.1098,0.2475,-0.004,-0.101,0.2862,-0.0071,-0.095,0.3175,-0.0106,-0.1017,0.2817,-0.0554,-0.1096,0.2456,-0.0521,-0.0017,0.8137,-0.0756,0.0001,0.8143,-0.0743,0.0005,0.8215,-0.1046,-0.0055,0.8124,-0.075,-0.0031,0.8206,-0.0419
,-0.0003,0.8173,-0.041,0.0008,0.818,-0.0409,0.0001,0.8143,-0.0743,-0.0799,0.8803,0.1067,-0.2071,0.3105,0.0517,-0.1847,0.3077,0.0702,-0.1195,1.0044,-0.1198,-0.1305,0.9466,-0.1266,-0.1185,0.9492,-0.1319,-0.1172,0.8555,-0.1351,-0.0426,0.9333,-0.1616,-0.0657,0.9359,-0.1555,-0.043,0.9895,-0.1709,-0.0643,0.9915,-0.1641,-0.0802,0.9981,-0.1551,-0.0792,0.9414,-0.1475,-0.019,0.8777,-0.147
,0.0001,0.8485,-0.1453,0.0005,0.8741,-0.149,0.0005,0.8741,-0.149,-0.0015,0.9031,-0.1511,-0.021,0.9051,-0.1508,-0.1552,0.3016,0.085,-0.1662,0.2582,0.084,-0.1294,0.2947,0.0617,-0.2045,0.8243,-0.0498,-0.1377,0.7347,-0.1306,-0.1468,0.6968,-0.1328,-0.1292,0.694,-0.1344,-0.1157,0.9115,-0.13,-0.0361,0.8169,0.0775,-0.1147,0.2882,0.0468,-0.1062,0.3235,0.0456,-0.0468,0.6698,-0.0395
,-0.0468,0.6698,-0.0395,-0.0422,0.6695,-0.0084,-0.0798,0.5176,-0.0677,-0.0776,0.5146,-0.0386,-0.0714,0.544,-0.0371,-0.0747,0.5473,-0.0684,-0.093,0.5554,-0.0962,-0.0994,0.5246,-0.0963,-0.0775,0.4864,-0.0379,-0.0776,0.5146,-0.0386,-0.0208,0.8236,-0.1051,-0.037,0.8359,-0.1349,-0.0599,0.835,-0.1284,-0.1315,0.8306,-0.1272,-0.0103,0.7987,-0.038,-0.0065,0.8095,-0.0383,-0.0065,0.8095,-0.0383
,-0.0031,0.8206,-0.0419,-0.1771,0.242,-0.0642,-0.1806,0.202,-0.0631,-0.1702,0.2023,-0.0713,-0.117,0.808,-0.1293,-0.1684,0.2151,0.0818,-0.1739,0.2851,-0.0719,-0.1577,0.2841,-0.0842,-0.1853,0.1689,-0.0673,-0.1733,0.1691,-0.0773,-0.1324,0.6099,0.065,-0.1263,0.6553,0.0684,-0.1231,0.6869,0.0809,-0.1833,0.075,0.0767,-0.1809,0.0618,0.0794,-0.121,0.2058,0.0176,-0.1174,0.2049,-0.0078
,-0.1007,0.357,0.0429,-0.1225,0.2048,-0.0351,-0.124,0.1716,-0.0154,-0.1174,0.2049,-0.0078,-0.1098,0.2475,-0.004,-0.1222,0.2058,-0.0553,-0.1638,0.2416,-0.0728,-0.17,0.4713,-0.1327,-0.1903,0.4761,-0.1202,-0.0714,0.544,-0.0371,-0.0608,0.5781,-0.0401,-0.0693,0.5814,-0.073,-0.0608,0.5781,-0.0401,-0.0536,0.6233,-0.0396,-0.0872,0.59,-0.1006,-0.1361,0.0712,-0.0753,-0.1424,0.075,-0.0883
,-0.1457,0.061,-0.1072,-0.1407,0.0608,-0.0912,-0.1284,0.057,-0.0292,-0.1294,0.0653,-0.0295,-0.1321,0.1011,-0.0267,-0.0015,0.9031,-0.1511,-0.0009,0.9329,-0.167,-0.0009,0.9329,-0.167,0,0.9874,-0.1734,-0.0235,0.9877,-0.1735,-0.0216,0.9323,-0.1661,-0.1709,0.6142,-0.1197,-0.1651,0.6604,-0.1231,-0.1544,0.7352,-0.125,-0.1609,0.6984,-0.1251,-0.1918,0.1311,-0.0681,-0.1931,0.1713,-0.0587
,-0.145,0.8323,-0.1231,-0.1474,0.8058,-0.1257,-0.1491,0.7749,-0.1253,-0.2111,0.3985,-0.0558,-0.2113,0.3644,-0.0514,-0.1287,1.0025,-0.1126,-0.1465,0.9456,-0.1226,-0.211,0.4338,-0.0636,-0.2174,0.0759,-0.0732,-0.2132,0.0659,-0.0719,-0.1856,0.2466,-0.0573,-0.1852,0.2881,-0.0649,-0.1987,0.4788,-0.1099,-0.1889,0.2059,-0.0548,-0.1754,0.8906,-0.0964,-0.2133,0.5467,-0.0824,-0.1444,0.1719,-0.0766
,-0.152,0.1403,-0.082,-0.1566,0.1722,-0.081,-0.1609,0.1377,-0.0852,-0.1675,0.1024,-0.098,-0.153,0.1106,-0.0871,-0.1487,0.0757,-0.1009,-0.152,0.0624,-0.1158,-0.1612,0.0807,-0.1078,-0.1612,0.0648,-0.1166,-0.0721,0.8082,-0.1188,-0.0757,0.7831,-0.1121,-0.0879,0.8082,-0.1241,-0.0901,0.7826,-0.1216,-0.0967,0.7361,-0.1226,-0.0783,0.7368,-0.1122,-0.1536,0.4693,-0.1272,-0.1707,0.4458,-0.1304
