{"producer":{"name":"Blender","version":"2.76 (sub 0)","exporter_version":"5.4.0","file":"sword_anim2new.babylon"},
"autoClear":true,"clearColor":[0.0509,0.0509,0.0509],"ambientColor":[0,0,0],"gravity":[0,-9.81,0],
"materials":[{"name":"sword_anim2new.Material","id":"sword_anim2new.Material","ambient":[0.8,0,0],"diffuse":[0.64,0,0],"specular":[0.5,0.5,0.5],"emissive":[0,0,0],"specularPower":50,"alpha":1,"backFaceCulling":true,"checkReadyOnlyOnce":false,"maxSimultaneousLights":4},
{"name":"sword_anim2new.top","id":"sword_anim2new.top","ambient":[0.8,0.3899,0],"diffuse":[0.8,0.3899,0],"specular":[0,0.002,0.5],"emissive":[0,0,0],"specularPower":50,"alpha":1,"backFaceCulling":true,"checkReadyOnlyOnce":false,"maxSimultaneousLights":4},
{"name":"sword_anim2new.green","id":"sword_anim2new.green","ambient":[0,0.8,0.0014],"diffuse":[0,0.64,0.0011],"specular":[0.5,0.5,0.5],"emissive":[0,0,0],"specularPower":50,"alpha":1,"backFaceCulling":true,"checkReadyOnlyOnce":false,"maxSimultaneousLights":4},
{"name":"sword_anim2new.base_clothes:Low-Poly:Eye_brown","id":"sword_anim2new.base_clothes:Low-Poly:Eye_brown","ambient":[1,1,1],"diffuse":[1,1,1],"specular":[1,1,1],"emissive":[0,0,0],"specularPower":511,"alpha":1,"backFaceCulling":true,"checkReadyOnlyOnce":false,"maxSimultaneousLights":4, 
"diffuseTexture":{"name":"brown_eye.png","level":1,"hasAlpha":1,"coordinatesMode":0,"uOffset":0,"vOffset":0,"uScale":1,"vScale":1,"uAng":0,"vAng":0,"wAng":0,"wrapU":1,"wrapV":1,"coordinatesIndex":0}},
{"name":"sword_anim2new.base_clothes:mhair02:mhair02black","id":"sword_anim2new.base_clothes:mhair02:mhair02black","ambient":[1,1,1],"diffuse":[1,1,1],"specular":[0.051,0.051,0.051],"emissive":[0,0,0],"specularPower":491,"alpha":1,"backFaceCulling":true,"checkReadyOnlyOnce":false,"maxSimultaneousLights":4, 
"diffuseTexture":{"name":"male02_diffuse_black.png","level":1,"hasAlpha":1,"coordinatesMode":0,"uOffset":0,"vOffset":0,"uScale":1,"vScale":1,"uAng":0,"vAng":0,"wAng":0,"wrapU":1,"wrapV":1,"coordinatesIndex":0}},
{"name":"sword_anim2new.base_clothes:Tshirt01:TShirtWhite","id":"sword_anim2new.base_clothes:Tshirt01:TShirtWhite","ambient":[1,1,1],"diffuse":[0.8,0.8,0.8],"specular":[0,0,0],"emissive":[0,0,0],"specularPower":50,"alpha":1,"backFaceCulling":true,"checkReadyOnlyOnce":false,"maxSimultaneousLights":4, 
"diffuseTexture":{"name":"tshirt02_texture5.png","level":1,"hasAlpha":1,"coordinatesMode":0,"uOffset":0,"vOffset":0,"uScale":1,"vScale":1,"uAng":0,"vAng":0,"wAng":0,"wrapU":1,"wrapV":1,"coordinatesIndex":0}, 
"bumpTexture":{"name":"tshirt02_texture5.png","level":0.1,"hasAlpha":1,"coordinatesMode":0,"uOffset":0,"vOffset":0,"uScale":1,"vScale":1,"uAng":0,"vAng":0,"wAng":0,"wrapU":1,"wrapV":1,"coordinatesIndex":0}},
{"name":"sword_anim2new.base_clothes:jeans01:jeans01Material","id":"sword_anim2new.base_clothes:jeans01:jeans01Material","ambient":[1,1,1],"diffuse":[1,1,1],"specular":[0.0275,0.0275,0.0275],"emissive":[0,0,0],"specularPower":100,"alpha":1,"backFaceCulling":true,"checkReadyOnlyOnce":false,"maxSimultaneousLights":4, 
"diffuseTexture":{"name":"jeans_basic_diffuse.png","level":1,"hasAlpha":1,"coordinatesMode":0,"uOffset":0,"vOffset":0,"uScale":1,"vScale":1,"uAng":0,"vAng":0,"wAng":0,"wrapU":1,"wrapV":1,"coordinatesIndex":0}, 
"bumpTexture":{"name":"jeans01_normals.png","level":0.1,"hasAlpha":1,"coordinatesMode":0,"uOffset":0,"vOffset":0,"uScale":1,"vScale":1,"uAng":0,"vAng":0,"wAng":0,"wrapU":1,"wrapV":1,"coordinatesIndex":0}},
{"name":"sword_anim2new.base_clothes:shoes02:SportShoes","id":"sword_anim2new.base_clothes:shoes02:SportShoes","ambient":[1,1,1],"diffuse":[1,1,1],"specular":[0.051,0.0471,0.0471],"emissive":[0,0,0],"specularPower":409,"alpha":1,"backFaceCulling":true,"checkReadyOnlyOnce":false,"maxSimultaneousLights":4, 
"diffuseTexture":{"name":"shoes02_default.png","level":1,"hasAlpha":1,"coordinatesMode":0,"uOffset":0,"vOffset":0,"uScale":1,"vScale":1,"uAng":0,"vAng":0,"wAng":0,"wrapU":1,"wrapV":1,"coordinatesIndex":0}},
{"name":"sword_anim2new.base_clothes:Skin","id":"sword_anim2new.base_clothes:Skin","ambient":[0.7749,0.44,0.338],"diffuse":[0.7749,0.44,0.338],"specular":[0.3,0.3,0.3],"emissive":[0,0,0],"specularPower":491,"alpha":1,"backFaceCulling":true,"checkReadyOnlyOnce":false,"maxSimultaneousLights":4}],
"multiMaterials":[{"name":"sword_anim2new.Multimaterial#0","id":"sword_anim2new.Multimaterial#0","materials":["sword_anim2new.Material","sword_anim2new.top","sword_anim2new.green"]}],
"skeletons":[{"name":"base_clothes","id":0,"dimensionsAtRest":[1.0852,1.7169,0.3522],"bones":[
{"name":"hips","index":0,"matrix":[1,0,0,0,0,0.9895,0.1443,0,0,0.1443,-0.9895,0,0,0.9236,-0.003,1],"rest":[1,0,0,0,0,0.9895,0.1443,0,0,0.1443,-0.9895,0,0,0.9236,-0.003,1],"parentBoneIndex":-1,"length":0.1589
,"animation":{"dataType":3,"framePerSecond":30,"keys":[
{"frame":1,"values":[1,0,0,0,0,0.9895,0.1443,0,0,0.1443,-0.9895,0,0,0.9236,-0.003,1]},
{"frame":31,"values":[1,0,0,0,0,0.9895,0.1443,0,0,0.1443,-0.9895,0,0,0.9236,-0.003,1]}],"loopBehavior":1,"name":"anim","property":"_matrix"}},
{"name":"thigh.L","index":1,"matrix":[0.9938,0.0996,0.0483,0,0.1025,-0.9928,-0.0612,0,0.0419,0.0658,-0.997,0,0.1085,-0.0034,-0.0113,1],"rest":[0.9938,0.0997,0.0483,0,0.1025,-0.9928,-0.0612,0,0.0419,0.0658,-0.997,0,0.1085,-0.0034,-0.0113,1],"parentBoneIndex":0,"length":0.4176
,"animation":{"dataType":3,"framePerSecond":30,"keys":[
{"frame":1,"values":[0.9938,0.0996,0.0483,0,0.1025,-0.9928,-0.0612,0,0.0419,0.0658,-0.997,0,0.1085,-0.0034,-0.0113,1]},
{"frame":31,"values":[0.9938,0.0996,0.0483,0,0.1025,-0.9928,-0.0612,0,0.0419,0.0658,-0.997,0,0.1085,-0.0034,-0.0113,1]}],"loopBehavior":1,"name":"anim","property":"_matrix"}},
{"name":"shin.L","index":2,"matrix":[1,0,0,0,0,0.994,0.1094,0,0,-0.1094,0.994,0,0,0.4176,0,1],"rest":[1,0,0,0,0,0.994,0.1093,0,0,-0.1094,0.994,0,0,0.4176,0,1],"parentBoneIndex":1,"length":0.4362
,"animation":{"dataType":3,"framePerSecond":30,"keys":[
{"frame":1,"values":[1,0,0,0,0,0.994,0.1094,0,0,-0.1094,0.994,0,0,0.4176,0,1]},
{"frame":31,"values":[1,0,0,0,0,0.994,0.1094,0,0,-0.1094,0.994,0,0,0.4176,0,1]}],"loopBehavior":1,"name":"anim","property":"_matrix"}},
{"name":"foot.L","index":3,"matrix":[0.9993,0.0265,0.0248,0,0.0112,0.4262,-0.9046,0,-0.0345,0.9042,0.4256,0,0,0.4362,0,1],"rest":[0.9993,0.0265,0.0248,0,0.0112,0.4262,-0.9046,0,-0.0345,0.9043,0.4256,0,0,0.4362,0,1],"parentBoneIndex":2,"length":0.1406
,"animation":{"dataType":3,"framePerSecond":30,"keys":[
{"frame":1,"values":[0.9993,0.0265,0.0248,0,0.0112,0.4262,-0.9046,0,-0.0345,0.9042,0.4256,0,0,0.4362,0,1]},
{"frame":31,"values":[0.9993,0.0265,0.0248,0,0.0112,0.4262,-0.9046,0,-0.0345,0.9042,0.4256,0,0,0.4362,0,1]}],"loopBehavior":1,"name":"anim","property":"_matrix"}},
{"name":"toe.L","index":4,"matrix":[1,0,0,0,0,0.8924,-0.4511,0,0,0.4511,0.8925,0,0,0.1406,0,1],"rest":[0.9993,0,0,0,0,0.8924,-0.4511,0,0,0.4511,0.8924,0,0,0.1406,0,1],"parentBoneIndex":3,"length":0.082
,"animation":{"dataType":3,"framePerSecond":30,"keys":[
{"frame":1,"values":[1,0,0,0,0,0.8924,-0.4511,0,0,0.4511,0.8925,0,0,0.1406,0,1]},
{"frame":31,"values":[1,0,0,0,0,0.8924,-0.4511,0,0,0.4511,0.8925,0,0,0.1406,0,1]}],"loopBehavior":1,"name":"anim","property":"_matrix"}},
{"name":"thigh.R","index":5,"matrix":[0.9938,-0.0996,-0.0483,0,-0.1025,-0.9928,-0.0612,0,-0.0419,0.0658,-0.997,0,-0.1085,-0.0034,-0.0113,1],"rest":[0.9938,-0.0997,-0.0483,0,-0.1025,-0.9928,-0.0612,0,-0.0419,0.0658,-0.997,0,-0.1085,-0.0034,-0.0113,1],"parentBoneIndex":0,"length":0.4176
,"animation":{"dataType":3,"framePerSecond":30,"keys":[
{"frame":1,"values":[0.9938,-0.0996,-0.0483,0,-0.1025,-0.9928,-0.0612,0,-0.0419,0.0658,-0.997,0,-0.1085,-0.0034,-0.0113,1]},
{"frame":31,"values":[0.9938,-0.0996,-0.0483,0,-0.1025,-0.9928,-0.0612,0,-0.0419,0.0658,-0.997,0,-0.1085,-0.0034,-0.0113,1]}],"loopBehavior":1,"name":"anim","property":"_matrix"}},
{"name":"shin.R","index":6,"matrix":[1,0,0,0,0,0.994,0.1094,0,0,-0.1094,0.994,0,0,0.4176,0,1],"rest":[1,0,0,0,0,0.994,0.1093,0,0,-0.1094,0.994,0,0,0.4176,0,1],"parentBoneIndex":5,"length":0.4362
,"animation":{"dataType":3,"framePerSecond":30,"keys":[
{"frame":1,"values":[1,0,0,0,0,0.994,0.1094,0,0,-0.1094,0.994,0,0,0.4176,0,1]},
{"frame":31,"values":[1,0,0,0,0,0.994,0.1094,0,0,-0.1094,0.994,0,0,0.4176,0,1]}],"loopBehavior":1,"name":"anim","property":"_matrix"}},
{"name":"foot.R","index":7,"matrix":[0.9993,-0.0265,-0.0248,0,-0.0112,0.4262,-0.9046,0,0.0345,0.9042,0.4256,0,0,0.4362,0,1],"rest":[0.9993,-0.0265,-0.0248,0,-0.0112,0.4262,-0.9046,0,0.0345,0.9043,0.4256,0,0,0.4362,0,1],"parentBoneIndex":6,"length":0.1406
,"animation":{"dataType":3,"framePerSecond":30,"keys":[
{"frame":1,"values":[0.9993,-0.0265,-0.0248,0,-0.0112,0.4262,-0.9046,0,0.0345,0.9042,0.4256,0,0,0.4362,0,1]},
{"frame":31,"values":[0.9993,-0.0265,-0.0248,0,-0.0112,0.4262,-0.9046,0,0.0345,0.9042,0.4256,0,0,0.4362,0,1]}],"loopBehavior":1,"name":"anim","property":"_matrix"}},
{"name":"toe.R","index":8,"matrix":[1,0,0,0,0,0.8924,-0.4511,0,0,0.4511,0.8925,0,0,0.1406,0,1],"rest":[0.9993,0,0,0,0,0.8924,-0.4511,0,0,0.4511,0.8924,0,0,0.1406,0,1],"parentBoneIndex":7,"length":0.082
,"animation":{"dataType":3,"framePerSecond":30,"keys":[
{"frame":1,"values":[1,0,0,0,0,0.8924,-0.4511,0,0,0.4511,0.8925,0,0,0.1406,0,1]},
{"frame":31,"values":[1,0,0,0,0,0.8924,-0.4511,0,0,0.4511,0.8925,0,0,0.1406,0,1]}],"loopBehavior":1,"name":"anim","property":"_matrix"}},
{"name":"spine","index":9,"matrix":[1,0,0,0,0,1,0.0011,0,0,-0.0011,1,0,0,0.1589,0,1],"rest":[1,0,0,0,0,1,0.0011,0,0,-0.0011,1,0,0,0.1589,0,1],"parentBoneIndex":0,"length":0.0605
,"animation":{"dataType":3,"framePerSecond":30,"keys":[
{"frame":1,"values":[1,0,0,0,0,1,0.0011,0,0,-0.0011,1,0,0,0.1589,0,1]},
{"frame":31,"values":[1,0,0,0,0,1,0.0011,0,0,-0.0011,1,0,0,0.1589,0,1]}],"loopBehavior":1,"name":"anim","property":"_matrix"}},
{"name":"chest","index":10,"matrix":[1,0,0,0,0,0.9664,0.2572,0,0,-0.2572,0.9664,0,0,0.0605,0,1],"rest":[1,0,0,0,0,0.9664,0.2572,0,0,-0.2572,0.9664,0,0,0.0605,0,1],"parentBoneIndex":9,"length":0.3452
,"animation":{"dataType":3,"framePerSecond":30,"keys":[
{"frame":1,"values":[1,0,0,0,0,0.9664,0.2572,0,0,-0.2572,0.9664,0,0,0.0605,0,1]},
{"frame":31,"values":[1,0,0,0,0,0.9664,0.2572,0,0,-0.2572,0.9664,0,0,0.0605,0,1]}],"loopBehavior":1,"name":"anim","property":"_matrix"}},
{"name":"clavicle.R","index":11,"matrix":[0.2259,-0.2535,-0.9406,0,-0.9637,-0.1994,-0.1777,0,-0.1425,0.9466,-0.2893,0,-0.0228,0.2759,0.0486,1],"rest":[0.2259,-0.2535,-0.9406,0,-0.9637,-0.1994,-0.1777,0,-0.1425,0.9466,-0.2893,0,-0.0228,0.2759,0.0486,1],"parentBoneIndex":10,"length":0.1699
,"animation":{"dataType":3,"framePerSecond":30,"keys":[
{"frame":1,"values":[0.2259,-0.2535,-0.9406,0,-0.9637,-0.1994,-0.1777,0,-0.1425,0.9466,-0.2893,0,-0.0228,0.2759,0.0486,1]},
{"frame":31,"values":[0.2259,-0.2535,-0.9406,0,-0.9637,-0.1994,-0.1777,0,-0.1425,0.9466,-0.2893,0,-0.0228,0.2759,0.0486,1]}],"loopBehavior":1,"name":"anim","property":"_matrix"}},
{"name":"upper_arm.R","index":12,"matrix":[-0.1819,0.6234,0.7605,0,-0.0328,0.7691,-0.6383,0,-0.9828,-0.141,-0.1195,0,0,0.1699,0,1],"rest":[-0.1819,0.6234,0.7605,0,-0.0328,0.7691,-0.6383,0,-0.9828,-0.141,-0.1195,0,0,0.1699,0,1],"parentBoneIndex":11,"length":0.252
,"animation":{"dataType":3,"framePerSecond":30,"keys":[
{"frame":1,"values":[-0.1819,0.6234,0.7605,0,-0.0328,0.7691,-0.6383,0,-0.9828,-0.141,-0.1195,0,0,0.1699,0,1]},
{"frame":31,"values":[-0.1819,0.6234,0.7605,0,-0.0328,0.7691,-0.6383,0,-0.9828,-0.141,-0.1195,0,0,0.1699,0,1]}],"loopBehavior":1,"name":"anim","property":"_matrix"}},
{"name":"forearm.R","index":13,"matrix":[1,0.0001,0,0,0,0.6876,0.7261,0,0.0001,-0.7261,0.6876,0,0,0.252,0,1],"rest":[1,0.0001,0,0,0,0.6876,0.7261,0,0.0001,-0.7261,0.6876,0,0,0.252,0,1],"parentBoneIndex":12,"length":0.2665
,"animation":{"dataType":3,"framePerSecond":30,"keys":[
{"frame":1,"values":[1,0.0001,0,0,0,0.6876,0.7261,0,0.0001,-0.7261,0.6876,0,0,0.252,0,1]},
{"frame":31,"values":[1,0.0001,0,0,0,0.6876,0.7261,0,0.0001,-0.7261,0.6876,0,0,0.252,0,1]}],"loopBehavior":1,"name":"anim","property":"_matrix"}},
{"name":"hand.R","index":14,"matrix":[0.0809,-0.0651,0.9946,0,-0.2497,0.9647,0.0835,0,-0.9649,-0.2551,0.0618,0,0,0.2665,0,1],"rest":[0.0809,-0.0651,0.9946,0,-0.2497,0.9647,0.0835,0,-0.9649,-0.2551,0.0618,0,0,0.2665,0,1],"parentBoneIndex":13,"length":0.1124
,"animation":{"dataType":3,"framePerSecond":30,"keys":[
{"frame":1,"values":[0.0809,-0.0651,0.9946,0,-0.2497,0.9647,0.0835,0,-0.9649,-0.2551,0.0618,0,0,0.2665,0,1]},
{"frame":2,"values":[0.0748,-0.0682,0.9949,0,-0.2443,0.966,0.0846,0,-0.9668,-0.2493,0.0556,0,0,0.2665,0,1]},
{"frame":3,"values":[0.0559,-0.077,0.9955,0,-0.228,0.9697,0.0878,0,-0.9721,-0.2319,0.0367,0,0,0.2665,0,1]},
{"frame":4,"values":[0.0239,-0.0901,0.9956,0,-0.2008,0.9752,0.0931,0,-0.9793,-0.2021,0.0052,0,0,0.2665,0,1]},
{"frame":5,"values":[-0.0214,-0.1052,0.9942,0,-0.163,0.9815,0.1003,0,-0.9864,-0.1599,-0.0381,0,0,0.2665,0,1]},
{"frame":6,"values":[-0.0792,-0.1187,0.9898,0,-0.1158,0.9873,0.1091,0,-0.9901,-0.1059,-0.0919,0,0,0.2665,0,1]},
{"frame":7,"values":[-0.1473,-0.1269,0.9809,0,-0.0609,0.991,0.1191,0,-0.9872,-0.0422,-0.1537,0,0,0.2665,0,1]},
{"frame":8,"values":[-0.2219,-0.1267,0.9668,0,-0.0012,0.9916,0.1296,0,-0.9751,0.0276,-0.2202,0,0,0.2665,0,1]},
{"frame":9,"values":[-0.2979,-0.1163,0.9475,0,0.0601,0.9883,0.1402,0,-0.9527,0.0987,-0.2874,0,0,0.2665,0,1]},
{"frame":10,"values":[-0.3699,-0.0965,0.924,0,0.1193,0.9814,0.1503,0,-0.9214,0.1659,-0.3515,0,0,0.2665,0,1]},
{"frame":11,"values":[-0.4334,-0.07,0.8985,0,0.1733,0.9719,0.1594,0,-0.8844,0.2248,-0.4091,0,0,0.2665,0,1]},
{"frame":12,"values":[-0.4855,-0.0409,0.8733,0,0.2196,0.9612,0.1671,0,-0.8462,0.2729,-0.4576,0,0,0.2665,0,1]},
{"frame":13,"values":[-0.5249,-0.0136,0.851,0,0.2563,0.9509,0.1733,0,-0.8116,0.3091,-0.4957,0,0,0.2665,0,1]},
{"frame":14,"values":[-0.552,0.0084,0.8338,0,0.2827,0.9426,0.1777,0,-0.7845,0.3338,-0.5227,0,0,0.2665,0,1]},
{"frame":15,"values":[-0.5676,0.0224,0.823,0,0.2984,0.9372,0.1803,0,-0.7673,0.348,-0.5387,0,0,0.2665,0,1]},
{"frame":16,"values":[-0.5726,0.0272,0.8194,0,0.3036,0.9354,0.1812,0,-0.7615,0.3525,-0.5439,0,0,0.2665,0,1]},
{"frame":17,"values":[-0.5676,0.0224,0.823,0,0.2984,0.9372,0.1803,0,-0.7673,0.348,-0.5387,0,0,0.2665,0,1]},
{"frame":18,"values":[-0.552,0.0084,0.8338,0,0.2827,0.9426,0.1777,0,-0.7845,0.3338,-0.5227,0,0,0.2665,0,1]},
{"frame":19,"values":[-0.5249,-0.0136,0.851,0,0.2563,0.9509,0.1733,0,-0.8116,0.3091,-0.4957,0,0,0.2665,0,1]},
{"frame":20,"values":[-0.4855,-0.0409,0.8733,0,0.2196,0.9612,0.1671,0,-0.8462,0.2729,-0.4576,0,0,0.2665,0,1]},
{"frame":21,"values":[-0.4334,-0.07,0.8985,0,0.1733,0.9719,0.1594,0,-0.8844,0.2248,-0.4091,0,0,0.2665,0,1]},
{"frame":22,"values":[-0.3699,-0.0965,0.924,0,0.1193,0.9814,0.1503,0,-0.9214,0.1659,-0.3515,0,0,0.2665,0,1]},
{"frame":23,"values":[-0.2979,-0.1163,0.9475,0,0.0601,0.9883,0.1402,0,-0.9527,0.0987,-0.2874,0,0,0.2665,0,1]},
{"frame":24,"values":[-0.2219,-0.1267,0.9668,0,-0.0012,0.9916,0.1296,0,-0.9751,0.0276,-0.2202,0,0,0.2665,0,1]},
{"frame":25,"values":[-0.1473,-0.1269,0.9809,0,-0.0609,0.991,0.1191,0,-0.9872,-0.0422,-0.1537,0,0,0.2665,0,1]},
{"frame":26,"values":[-0.0792,-0.1187,0.9898,0,-0.1158,0.9873,0.1091,0,-0.9901,-0.1059,-0.0919,0,0,0.2665,0,1]},
{"frame":27,"values":[-0.0214,-0.1052,0.9942,0,-0.163,0.9815,0.1003,0,-0.9864,-0.1599,-0.0381,0,0,0.2665,0,1]},
{"frame":28,"values":[0.0239,-0.0901,0.9956,0,-0.2008,0.9752,0.0931,0,-0.9793,-0.2021,0.0052,0,0,0.2665,0,1]},
{"frame":29,"values":[0.0559,-0.077,0.9955,0,-0.228,0.9697,0.0878,0,-0.9721,-0.2319,0.0367,0,0,0.2665,0,1]},
{"frame":30,"values":[0.0748,-0.0682,0.9949,0,-0.2443,0.966,0.0846,0,-0.9668,-0.2493,0.0556,0,0,0.2665,0,1]},
{"frame":31,"values":[0.0809,-0.0651,0.9946,0,-0.2497,0.9647,0.0835,0,-0.9649,-0.2551,0.0618,0,0,0.2665,0,1]}],"loopBehavior":1,"name":"anim","property":"_matrix"}},
{"name":"thumb.02.R","index":15,"matrix":[-0.0737,-0.4265,0.9015,0,0.3982,0.8162,0.4187,0,-0.9143,0.3898,0.1097,0,0.0397,0.0563,0.0205,1],"rest":[-0.0737,-0.4265,0.9015,0,0.3982,0.8162,0.4187,0,-0.9143,0.3898,0.1097,0,0.0397,0.0563,0.0205,1],"parentBoneIndex":14,"length":0.0362
,"animation":{"dataType":3,"framePerSecond":30,"keys":[
{"frame":1,"values":[-0.0737,-0.4265,0.9015,0,0.3982,0.8162,0.4187,0,-0.9143,0.3898,0.1097,0,0.0397,0.0563,0.0205,1]},
{"frame":31,"values":[-0.0737,-0.4265,0.9015,0,0.3982,0.8162,0.4187,0,-0.9143,0.3898,0.1097,0,0.0397,0.0563,0.0205,1]}],"loopBehavior":1,"name":"anim","property":"_matrix"}},
{"name":"thumb.03.R","index":16,"matrix":[0.9991,-0.0164,-0.0387,0,0.0191,0.9974,0.0702,0,0.0374,-0.0709,0.9968,0,0,0.0362,0,1],"rest":[0.9991,-0.0164,-0.0387,0,0.0191,0.9974,0.0702,0,0.0374,-0.0709,0.9968,0,0,0.0362,0,1],"parentBoneIndex":15,"length":0.0223
,"animation":{"dataType":3,"framePerSecond":30,"keys":[
{"frame":1,"values":[0.9991,-0.0164,-0.0387,0,0.0191,0.9974,0.0702,0,0.0374,-0.0709,0.9968,0,0,0.0362,0,1]},
{"frame":31,"values":[0.9991,-0.0164,-0.0387,0,0.0191,0.9974,0.0702,0,0.0374,-0.0709,0.9968,0,0,0.0362,0,1]}],"loopBehavior":1,"name":"anim","property":"_matrix"}},
{"name":"f_ring.01.R","index":17,"matrix":[0.9454,0.3097,-0.1011,0,-0.3151,0.9482,-0.0418,0,0.083,0.0714,0.994,0,-0.021,0.0948,-0.014,1],"rest":[0.9454,0.3097,-0.1011,0,-0.3151,0.9482,-0.0418,0,0.083,0.0714,0.994,0,-0.021,0.0948,-0.014,1],"parentBoneIndex":14,"length":0.028
,"animation":{"dataType":3,"framePerSecond":30,"keys":[
{"frame":1,"values":[0.9454,0.3097,-0.1011,0,-0.3151,0.9482,-0.0418,0,0.083,0.0714,0.994,0,-0.021,0.0948,-0.014,1]},
{"frame":23,"values":[0.9454,0.3097,-0.1011,0,-0.3151,0.9482,-0.0418,0,0.0829,0.0714,0.994,0,-0.021,0.0948,-0.014,1]},
{"frame":24,"values":[0.9454,0.3097,-0.1011,0,-0.3151,0.9482,-0.0418,0,0.083,0.0714,0.994,0,-0.021,0.0948,-0.014,1]},
{"frame":31,"values":[0.9454,0.3097,-0.1011,0,-0.3151,0.9482,-0.0418,0,0.083,0.0714,0.994,0,-0.021,0.0948,-0.014,1]}],"loopBehavior":1,"name":"anim","property":"_matrix"}},
{"name":"f_index.01.R","index":18,"matrix":[0.9123,-0.1461,0.3825,0,0.1212,0.9887,0.0885,0,-0.3911,-0.0344,0.9197,0,0.025,0.104,-0.0076,1],"rest":[0.9123,-0.1461,0.3825,0,0.1212,0.9887,0.0885,0,-0.3911,-0.0344,0.9197,0,0.025,0.104,-0.0076,1],"parentBoneIndex":14,"length":0.0244
,"animation":{"dataType":3,"framePerSecond":30,"keys":[
{"frame":1,"values":[0.9123,-0.1461,0.3825,0,0.1212,0.9887,0.0885,0,-0.3911,-0.0344,0.9197,0,0.025,0.104,-0.0076,1]},
{"frame":31,"values":[0.9123,-0.1461,0.3825,0,0.1212,0.9887,0.0885,0,-0.3911,-0.0344,0.9197,0,0.025,0.104,-0.0076,1]}],"loopBehavior":1,"name":"anim","property":"_matrix"}},
{"name":"clavicle.L","index":19,"matrix":[0.2259,0.2535,0.9406,0,0.9637,-0.1994,-0.1777,0,0.1425,0.9466,-0.2893,0,0.0228,0.2759,0.0486,1],"rest":[0.2259,0.2535,0.9406,0,0.9637,-0.1994,-0.1777,0,0.1425,0.9466,-0.2893,0,0.0228,0.2759,0.0486,1],"parentBoneIndex":10,"length":0.1699
,"animation":{"dataType":3,"framePerSecond":30,"keys":[
{"frame":1,"values":[0.2259,0.2535,0.9406,0,0.9637,-0.1994,-0.1777,0,0.1425,0.9466,-0.2893,0,0.0228,0.2759,0.0486,1]},
{"frame":31,"values":[0.2259,0.2535,0.9406,0,0.9637,-0.1994,-0.1777,0,0.1425,0.9466,-0.2893,0,0.0228,0.2759,0.0486,1]}],"loopBehavior":1,"name":"anim","property":"_matrix"}},
{"name":"upper_arm.L","index":20,"matrix":[-0.1823,-0.6233,-0.7604,0,0.0328,0.7691,-0.6383,0,0.9827,-0.1413,-0.1198,0,0,0.1699,0,1],"rest":[-0.1823,-0.6233,-0.7604,0,0.0328,0.7691,-0.6383,0,0.9827,-0.1413,-0.1198,0,0,0.1699,0,1],"parentBoneIndex":19,"length":0.252
,"animation":{"dataType":3,"framePerSecond":30,"keys":[
{"frame":1,"values":[-0.1823,-0.6233,-0.7604,0,0.0328,0.7691,-0.6383,0,0.9827,-0.1413,-0.1198,0,0,0.1699,0,1]},
{"frame":31,"values":[-0.1823,-0.6233,-0.7604,0,0.0328,0.7691,-0.6383,0,0.9827,-0.1413,-0.1198,0,0,0.1699,0,1]}],"loopBehavior":1,"name":"anim","property":"_matrix"}},
{"name":"forearm.L","index":21,"matrix":[1,0,0,0,0,0.6877,0.726,0,0,-0.726,0.6877,0,0,0.252,0,1],"rest":[1,0,0,0,0,0.6877,0.726,0,0,-0.726,0.6877,0,0,0.252,0,1],"parentBoneIndex":20,"length":0.2663
,"animation":{"dataType":3,"framePerSecond":30,"keys":[
{"frame":1,"values":[1,0,0,0,0,0.6877,0.726,0,0,-0.726,0.6877,0,0,0.252,0,1]},
{"frame":31,"values":[1,0,0,0,0,0.6877,0.726,0,0,-0.726,0.6877,0,0,0.252,0,1]}],"loopBehavior":1,"name":"anim","property":"_matrix"}},
{"name":"hand.L","index":22,"matrix":[0.081,0.0653,-0.9946,0,0.2484,0.965,0.0836,0,0.9653,-0.2538,0.062,0,0,0.2663,0,1],"rest":[0.081,0.0653,-0.9946,0,0.2484,0.965,0.0836,0,0.9653,-0.2538,0.062,0,0,0.2663,0,1],"parentBoneIndex":21,"length":0.111
,"animation":{"dataType":3,"framePerSecond":30,"keys":[
{"frame":1,"values":[0.081,0.0653,-0.9946,0,0.2484,0.965,0.0836,0,0.9653,-0.2538,0.062,0,0,0.2663,0,1]},
{"frame":31,"values":[0.081,0.0653,-0.9946,0,0.2484,0.965,0.0836,0,0.9653,-0.2538,0.062,0,0,0.2663,0,1]}],"loopBehavior":1,"name":"anim","property":"_matrix"}},
{"name":"thumb.02.L","index":23,"matrix":[-0.0748,0.4266,-0.9014,0,-0.3985,0.8158,0.4192,0,0.9141,0.3905,0.1089,0,-0.0393,0.0556,0.0203,1],"rest":[-0.0748,0.4266,-0.9014,0,-0.3985,0.8158,0.4192,0,0.9141,0.3905,0.1089,0,-0.0393,0.0556,0.0203,1],"parentBoneIndex":22,"length":0.0358
,"animation":{"dataType":3,"framePerSecond":30,"keys":[
{"frame":1,"values":[-0.0748,0.4266,-0.9014,0,-0.3985,0.8158,0.4192,0,0.9141,0.3905,0.1089,0,-0.0393,0.0556,0.0203,1]},
{"frame":31,"values":[-0.0748,0.4266,-0.9014,0,-0.3985,0.8158,0.4192,0,0.9141,0.3905,0.1089,0,-0.0393,0.0556,0.0203,1]}],"loopBehavior":1,"name":"anim","property":"_matrix"}},
{"name":"thumb.03.L","index":24,"matrix":[0.9991,0.0163,0.0383,0,-0.0189,0.9974,0.0702,0,-0.037,-0.0709,0.9968,0,0,0.0358,0,1],"rest":[0.9991,0.0163,0.0383,0,-0.0189,0.9974,0.0702,0,-0.037,-0.0709,0.9968,0,0,0.0358,0,1],"parentBoneIndex":23,"length":0.0221
,"animation":{"dataType":3,"framePerSecond":30,"keys":[
{"frame":1,"values":[0.9991,0.0163,0.0383,0,-0.0189,0.9974,0.0702,0,-0.037,-0.0709,0.9968,0,0,0.0358,0,1]},
{"frame":31,"values":[0.9991,0.0163,0.0383,0,-0.0189,0.9974,0.0702,0,-0.037,-0.0709,0.9968,0,0,0.0358,0,1]}],"loopBehavior":1,"name":"anim","property":"_matrix"}},
{"name":"f_ring.01.L","index":25,"matrix":[0.9456,-0.3097,0.0999,0,0.3149,0.9482,-0.0408,0,-0.0821,0.07,0.9942,0,0.0207,0.0936,-0.0138,1],"rest":[0.9456,-0.3097,0.0999,0,0.3149,0.9482,-0.0408,0,-0.0821,0.07,0.9942,0,0.0207,0.0936,-0.0138,1],"parentBoneIndex":22,"length":0.0277
,"animation":{"dataType":3,"framePerSecond":30,"keys":[
{"frame":1,"values":[0.9456,-0.3097,0.0999,0,0.3149,0.9482,-0.0408,0,-0.0821,0.07,0.9942,0,0.0207,0.0936,-0.0138,1]},
{"frame":31,"values":[0.9456,-0.3097,0.0999,0,0.3149,0.9482,-0.0408,0,-0.0821,0.07,0.9942,0,0.0207,0.0936,-0.0138,1]}],"loopBehavior":1,"name":"anim","property":"_matrix"}},
{"name":"f_index.01.L","index":26,"matrix":[0.9126,0.1462,-0.3819,0,-0.1211,0.9886,0.0891,0,0.3905,-0.0351,0.9199,0,-0.0247,0.1028,-0.0074,1],"rest":[0.9126,0.1462,-0.3819,0,-0.1211,0.9886,0.0891,0,0.3905,-0.0351,0.9199,0,-0.0247,0.1028,-0.0074,1],"parentBoneIndex":22,"length":0.0242
,"animation":{"dataType":3,"framePerSecond":30,"keys":[
{"frame":1,"values":[0.9126,0.1462,-0.3819,0,-0.1211,0.9886,0.0891,0,0.3905,-0.0351,0.9199,0,-0.0247,0.1028,-0.0074,1]},
{"frame":31,"values":[0.9126,0.1462,-0.3819,0,-0.1211,0.9886,0.0891,0,0.3905,-0.0351,0.9199,0,-0.0247,0.1028,-0.0074,1]}],"loopBehavior":1,"name":"anim","property":"_matrix"}},
{"name":"neck","index":27,"matrix":[1,0,0,0,0,0.9814,-0.1919,0,0,0.1919,0.9814,0,0,0.3452,0,1],"rest":[1,0,0,0,0,0.9814,-0.1919,0,0,0.1919,0.9814,0,0,0.3452,0,1],"parentBoneIndex":10,"length":0.1096
,"animation":{"dataType":3,"framePerSecond":30,"keys":[
{"frame":1,"values":[1,0,0,0,0,0.9814,-0.1919,0,0,0.1919,0.9814,0,0,0.3452,0,1]},
{"frame":31,"values":[1,0,0,0,0,0.9814,-0.1919,0,0,0.1919,0.9814,0,0,0.3452,0,1]}],"loopBehavior":1,"name":"anim","property":"_matrix"}},
{"name":"head","index":28,"matrix":[1,0,0,0,0,0.9955,0.0951,0,0,-0.0951,0.9955,0,0,0.1096,0,1],"rest":[1,0,0,0,0,0.9955,0.0951,0,0,-0.0951,0.9955,0,0,0.1096,0,1],"parentBoneIndex":27,"length":0.1318
,"animation":{"dataType":3,"framePerSecond":30,"keys":[
{"frame":1,"values":[1,0,0,0,0,0.9955,0.0951,0,0,-0.0951,0.9955,0,0,0.1096,0,1]},
{"frame":31,"values":[1,0,0,0,0,0.9955,0.0951,0,0,-0.0951,0.9955,0,0,0.1096,0,1]}],"loopBehavior":1,"name":"anim","property":"_matrix"}},
{"name":"jaw","index":29,"matrix":[1,0,0,0,0,-0.6887,0.7251,0,0,-0.7251,-0.6887,0,0,-0.0035,0.0557,1],"rest":[1,0,0,0,0,-0.6887,0.7251,0,0,-0.7251,-0.6887,0,0,-0.0035,0.0557,1],"parentBoneIndex":28,"length":0.1155
,"animation":{"dataType":3,"framePerSecond":30,"keys":[
{"frame":1,"values":[1,0,0,0,0,-0.6887,0.7251,0,0,-0.7251,-0.6887,0,0,-0.0035,0.0557,1]},
{"frame":31,"values":[1,0,0,0,0,-0.6887,0.7251,0,0,-0.7251,-0.6887,0,0,-0.0035,0.0557,1]}],"loopBehavior":1,"name":"anim","property":"_matrix"}},
{"name":"eye.R","index":30,"matrix":[0.8219,-0.5675,0.0491,0,-0.0944,-0.0507,0.9942,0,-0.5618,-0.8218,-0.0952,0,-0.0294,0.0309,0.1227,1],"rest":[0.8219,-0.5675,0.0491,0,-0.0944,-0.0507,0.9942,0,-0.5618,-0.8218,-0.0952,0,-0.0294,0.0309,0.1227,1],"parentBoneIndex":28,"length":0.0233
,"animation":{"dataType":3,"framePerSecond":30,"keys":[
{"frame":1,"values":[0.8219,-0.5675,0.0491,0,-0.0944,-0.0507,0.9942,0,-0.5618,-0.8218,-0.0952,0,-0.0294,0.0309,0.1227,1]},
{"frame":31,"values":[0.8219,-0.5675,0.0491,0,-0.0944,-0.0507,0.9942,0,-0.5618,-0.8218,-0.0952,0,-0.0294,0.0309,0.1227,1]}],"loopBehavior":1,"name":"anim","property":"_matrix"}},
{"name":"eye.L","index":31,"matrix":[0.8219,0.5675,-0.0491,0,0.0944,-0.0507,0.9942,0,0.5618,-0.8218,-0.0952,0,0.0294,0.0309,0.1227,1],"rest":[0.8219,0.5675,-0.0491,0,0.0944,-0.0507,0.9942,0,0.5618,-0.8218,-0.0952,0,0.0294,0.0309,0.1227,1],"parentBoneIndex":28,"length":0.0233
,"animation":{"dataType":3,"framePerSecond":30,"keys":[
{"frame":1,"values":[0.8219,0.5675,-0.0491,0,0.0944,-0.0507,0.9942,0,0.5618,-0.8218,-0.0952,0,0.0294,0.0309,0.1227,1]},
{"frame":31,"values":[0.8219,0.5675,-0.0491,0,0.0944,-0.0507,0.9942,0,0.5618,-0.8218,-0.0952,0,0.0294,0.0309,0.1227,1]}],"loopBehavior":1,"name":"anim","property":"_matrix"}}]
,"ranges":[{"name":"stand","from":0,"to":31}]}],
"meshes":[{"name":"swordx1","id":"swordx1","materialId":"sword_anim2new.Material","billboardMode":0,"position":[0,0,0],"rotation":[0,0,0],"scaling":[1,1,1],"isVisible":false,"freezeWorldMatrix":false,"isEnabled":true,"checkCollisions":false,"receiveShadows":false,"tags":""
,"positions":[-0.1,0.025,-0.025,-0.1,-0.025,-0.025,0.9,-0.025,-0.025,-0.1,0.025,0.025,-0.1,-0.025,0.025,-0.1,-0.025,-0.025,0.9,0.025,0.025,0.9,-0.025,0.025,-0.1,-0.025,0.025,0.9,0.025,-0.025,0.9,-0.025,-0.025,0.9,-0.025,0.025,-0.1,-0.025,-0.025,-0.1,-0.025,0.025,0.9,-0.025,0.025,-0.1,0.025,0.025,-0.1,0.025,-0.025
,0.9,0.025,-0.025,0.9,0.025,-0.025,-0.1,0.025,-0.025,0.9,-0.025,-0.025,-0.1,0.025,-0.025,-0.1,0.025,0.025,-0.1,-0.025,-0.025,-0.1,0.025,0.025,0.9,0.025,0.025,-0.1,-0.025,0.025,0.9,0.025,0.025,0.9,0.025,-0.025,0.9,-0.025,0.025,0.9,-0.025,-0.025,-0.1,-0.025,-0.025,0.9,-0.025,0.025,0.9,0.025,0.025
,-0.1,0.025,0.025,0.9,0.025,-0.025]
,"normals":[0,0,-1,0,0,-1,0,0,-1,-1,0,0,-1,0,0,-1,0,0,0,0,1,0,0,1,0,0,1,1,0,0,1,0,0,1,0,0,0,-1,0,0,-1,0,0,-1,0,0,1,0,0,1,0
,0,1,0,0,0,-1,0,0,-1,0,0,-1,-1,0,0,-1,0,0,-1,0,0,0,0,1,0,0,1,0,0,1,1,0,0,1,0,0,1,0,0,0,-1,0,0,-1,0,0,-1,0,0,1,0
,0,1,0,0,1,0]
,"indices":[0,1,2,3,4,5,6,7,8,9,10,11,12,13,14,15,16,17,18,19,20,21,22,23,24,25,26,27,28,29,30,31,32,33,34,35]
,"subMeshes":[{"materialIndex":0,"verticesStart":0,"verticesCount":36,"indexStart":0,"indexCount":36}]
,"instances":[]}
,{"name":"swordz","id":"swordz","materialId":"sword_anim2new.Material","billboardMode":0,"position":[0,0,0],"rotation":[1.5708,0,0],"scaling":[1,1,1],"isVisible":false,"freezeWorldMatrix":false,"isEnabled":true,"checkCollisions":false,"receiveShadows":false,"tags":""
,"positions":[-0.025,0.025,0.1,-0.025,-0.025,0.1,-0.025,-0.025,-0.9,0.025,0.025,0.1,0.025,-0.025,0.1,0.025,0.025,-0.9,0.025,-0.025,-0.9,-0.025,0.025,-0.9]
,"normals":[-0.5773,0.5773,0.5773,-0.5773,-0.5773,0.5773,-0.5773,-0.5773,-0.5773,0.5773,0.5773,0.5773,0.5773,-0.5773,0.5773,0.5773,0.5773,-0.5773,0.5773,-0.5773,-0.5773,-0.5773,0.5773,-0.5773]
,"indices":[0,1,2,3,4,1,5,6,4,7,2,6,1,4,6,3,0,7,7,0,2,0,3,1,3,5,4,5,7,6,2,1,6,5,3,7]
,"subMeshes":[{"materialIndex":0,"verticesStart":0,"verticesCount":8,"indexStart":0,"indexCount":36}]
,"instances":[]}
,{"name":"swordx","id":"swordx","materialId":"sword_anim2new.Multimaterial#0","billboardMode":0,"position":[0,0,0],"rotation":[0,0,0],"scaling":[1,1,1],"isVisible":true,"freezeWorldMatrix":false,"isEnabled":true,"checkCollisions":false,"receiveShadows":false,"tags":""
,"positions":[0.0957,0.025,-0.0295,0.0957,-0.025,-0.0295,-0.844,-0.025,0.3125,0.0786,0.025,-0.0765,0.0786,-0.025,-0.0765,0.0957,-0.025,-0.0295,-0.844,0.025,0.3125,-0.844,-0.025,0.3125,-0.8611,-0.025,0.2655,0.0957,-0.025,-0.0295,0.0786,-0.025,-0.0765,-0.8611,-0.025,0.2655,-0.844,0.025,0.3125,0.0957,0.025,-0.0295,-0.844,-0.025,0.3125,0.0957,0.025,-0.0295,0.0786,0.025,-0.0765
,0.0957,-0.025,-0.0295,-0.8611,0.025,0.2655,-0.844,0.025,0.3125,-0.8611,-0.025,0.2655,-0.844,-0.025,0.3125,0.0957,-0.025,-0.0295,-0.8611,-0.025,0.2655,-0.8611,0.025,0.2655,0.0786,0.025,-0.0765,0.0957,0.025,-0.0295,-0.844,0.025,0.3125,-0.8611,0.025,0.2655,0.0957,0.025,-0.0295,-0.8611,0.025,0.2655,-0.8611,-0.025,0.2655,0.0786,-0.025,-0.0765,0.0786,0.025,-0.0765
,-0.8611,0.025,0.2655,0.0786,-0.025,-0.0765]
,"normals":[0.342,0,0.9397,0.342,0,0.9397,0.342,0,0.9397,0.9397,0,-0.342,0.9397,0,-0.342,0.9397,0,-0.342,-0.9397,0,0.342,-0.9397,0,0.342,-0.9397,0,0.342,0,-1,0,0,-1,0,0,-1,0,0.342,0,0.9397,0.342,0,0.9397,0.342,0,0.9397,0.9397,0,-0.342,0.9397,0,-0.342
,0.9397,0,-0.342,-0.9397,0,0.342,-0.9397,0,0.342,-0.9397,0,0.342,0,-1,0,0,-1,0,0,-1,0,0,1,0,0,1,0,0,1,0,0,1,0,0,1,0,0,1,0,-0.342,0,-0.9397,-0.342,0,-0.9397,-0.342,0,-0.9397,-0.342,0,-0.9397
,-0.342,0,-0.9397,-0.342,0,-0.9397]
,"indices":[0,1,2,3,4,5,6,7,8,9,10,11,12,13,14,15,16,17,18,19,20,21,22,23,24,25,26,27,28,29,30,31,32,33,34,35]
,"subMeshes":[{"materialIndex":0,"verticesStart":0,"verticesCount":24,"indexStart":0,"indexCount":24},{"materialIndex":1,"verticesStart":24,"verticesCount":6,"indexStart":24,"indexCount":6},{"materialIndex":2,"verticesStart":30,"verticesCount":6,"indexStart":30,"indexCount":6}]
,"instances":[]}
,{"name":"swordy","id":"swordy","materialId":"sword_anim2new.Material","billboardMode":0,"position":[0,0,0],"rotation":[0,0,0],"scaling":[1,1,1],"isVisible":false,"freezeWorldMatrix":false,"isEnabled":true,"checkCollisions":false,"receiveShadows":false,"tags":""
,"positions":[-0.025,0.025,0.1,-0.025,-0.025,0.1,-0.025,-0.025,-0.9,0.025,0.025,0.1,0.025,-0.025,0.1,0.025,0.025,-0.9,0.025,-0.025,-0.9,-0.025,0.025,-0.9]
,"normals":[-0.5773,0.5773,0.5773,-0.5773,-0.5773,0.5773,-0.5773,-0.5773,-0.5773,0.5773,0.5773,0.5773,0.5773,-0.5773,0.5773,0.5773,0.5773,-0.5773,0.5773,-0.5773,-0.5773,-0.5773,0.5773,-0.5773]
,"indices":[0,1,2,3,4,1,5,6,4,7,2,6,1,4,6,3,0,7,7,0,2,0,3,1,3,5,4,5,7,6,2,1,6,5,3,7]
,"subMeshes":[{"materialIndex":0,"verticesStart":0,"verticesCount":8,"indexStart":0,"indexCount":36}]
,"instances":[]}
,{"name":"base_clothes:Low-Poly","id":"base_clothes:Low-Poly","materialId":"sword_anim2new.base_clothes:Low-Poly:Eye_brown","billboardMode":0,"position":[0,0,0],"rotation":[0,0,0],"scaling":[1,1,1],"isVisible":true,"freezeWorldMatrix":false,"isEnabled":true,"checkCollisions":false,"receiveShadows":false,"tags":"","skeletonId":0,"numBoneInfluencers":2
,"positions":[0.0163,1.616,-0.1334,0.0147,1.616,-0.1274,0.0231,1.6077,-0.1259,0.015,1.6169,-0.1213,0.023,1.6093,-0.1199,0.0245,1.6341,-0.1341,0.0263,1.6307,-0.1388,0.0348,1.6307,-0.1379,0.0286,1.6259,-0.1415,0.0201,1.625,-0.1389,0.0251,1.6228,-0.1417,0.0164,1.6266,-0.1342,0.0234,1.6356,-0.1281,0.0148,1.6276,-0.1283,0.0152,1.6276,-0.1221,0.0422,1.617,-0.1185,0.0423,1.6276,-0.1194
,0.0441,1.6276,-0.1254,0.0436,1.6266,-0.1315,0.0434,1.616,-0.1306,0.044,1.616,-0.1244,0.0409,1.6249,-0.1368,0.0408,1.6168,-0.1361,0.0364,1.6228,-0.1406,0.0363,1.6184,-0.1402,0.0332,1.6259,-0.1412,0.0357,1.6341,-0.1331,0.0342,1.6093,-0.1188,0.0353,1.6078,-0.1247,0.0355,1.6083,-0.1309,0.0242,1.6083,-0.1321,0.0356,1.6356,-0.127,0.0345,1.611,-0.1363,0.026,1.611,-0.1372
,0.0331,1.6153,-0.1403,0.0285,1.6153,-0.1407,0.02,1.6168,-0.1382,0.0251,1.6185,-0.1414,0.0337,1.6216,-0.1416,0.0321,1.6232,-0.1419,0.0344,1.6351,-0.1208,0.0233,1.6351,-0.122,0.0337,1.6194,-0.1414,0.032,1.6178,-0.1415,0.0296,1.6178,-0.1418,0.0279,1.6194,-0.142,0.0279,1.6216,-0.1422,0.0297,1.6232,-0.1422,-0.0231,1.6077,-0.1259,-0.0147,1.616,-0.1274,-0.0163,1.616,-0.1334
,-0.023,1.6093,-0.1199,-0.015,1.6169,-0.1213,-0.0348,1.6307,-0.1379,-0.0263,1.6307,-0.1388,-0.0245,1.6341,-0.1341,-0.0332,1.6259,-0.1412,-0.0286,1.6259,-0.1415,-0.0251,1.6228,-0.1417,-0.0201,1.625,-0.1389,-0.0234,1.6356,-0.1281,-0.0164,1.6266,-0.1342,-0.0148,1.6276,-0.1283,-0.0152,1.6276,-0.1221,-0.0422,1.617,-0.1185,-0.044,1.616,-0.1244,-0.0441,1.6276,-0.1254,-0.0436,1.6266,-0.1315
,-0.0434,1.616,-0.1306,-0.0408,1.6168,-0.1361,-0.0363,1.6184,-0.1402,-0.0364,1.6228,-0.1406,-0.0409,1.6249,-0.1368,-0.0357,1.6341,-0.1331,-0.0353,1.6078,-0.1247,-0.0342,1.6093,-0.1188,-0.0355,1.6083,-0.1309,-0.0356,1.6356,-0.127,-0.0344,1.6351,-0.1208,-0.0423,1.6276,-0.1194,-0.0345,1.611,-0.1363,-0.0242,1.6083,-0.1321,-0.0285,1.6153,-0.1407,-0.0331,1.6153,-0.1403,-0.02,1.6168,-0.1382
,-0.0251,1.6185,-0.1414,-0.0337,1.6216,-0.1416,-0.0321,1.6232,-0.1419,-0.026,1.611,-0.1372,-0.0337,1.6194,-0.1414,-0.032,1.6178,-0.1415,-0.0296,1.6178,-0.1418,-0.0279,1.6194,-0.142,-0.0279,1.6216,-0.1422,-0.0297,1.6232,-0.1422,-0.0233,1.6351,-0.122]
,"normals":[-0.8226,-0.3876,-0.4159,-0.9196,-0.3881,-0.0596,-0.3794,-0.9245,0.0367,-0.9224,-0.3692,0.1133,-0.3921,-0.8927,0.222,-0.2999,0.8367,-0.4582,-0.1953,0.6321,-0.7498,0.335,0.6284,-0.702,-0.0694,0.3748,-0.9245,-0.5977,0.2414,-0.7645,-0.3268,0.1159,-0.938,-0.8126,0.3374,-0.4752,-0.3615,0.9254,-0.1135,-0.9088,0.3975,-0.1267,-0.9131,0.4029,0.0616,0.872,-0.3676,0.3231,0.8731,0.4101,0.2634
,0.916,0.3958,0.0658,0.8919,0.3322,-0.3069,0.8829,-0.3986,-0.2481,0.9116,-0.3925,0.1221,0.7368,0.2307,-0.6355,0.7343,-0.3448,-0.5847,0.5045,0.1052,-0.857,0.5001,-0.2595,-0.8261,0.2576,0.3682,-0.8933,0.3858,0.8336,-0.3953,0.3362,-0.8939,0.2966,0.3701,-0.9222,0.1119,0.3801,-0.8887,-0.2561,-0.3158,-0.8907,-0.3269,0.3752,0.9261,-0.0386,0.3236,-0.7347,-0.5962,-0.2068,-0.7309,-0.6504
,0.2557,-0.507,-0.8231,-0.077,-0.5095,-0.857,-0.6031,-0.3383,-0.7224,-0.3272,-0.2562,-0.9095,0.2626,-0.02,-0.9647,0.1719,0.1065,-0.9793,0.3477,0.9264,0.1444,-0.3675,0.927,0.0741,0.2643,-0.1567,-0.9516,0.169,-0.2435,-0.955,0.0169,-0.2472,-0.9688,-0.063,-0.1654,-0.9842,-0.0658,-0.0084,-0.9978,0.0246,0.1127,-0.9933,0.3794,-0.9245,0.0367,0.9196,-0.3881,-0.0596,0.8226,-0.3876,-0.4159
,0.3921,-0.8927,0.222,0.9224,-0.3692,0.1133,-0.335,0.6284,-0.702,0.1953,0.6321,-0.7498,0.2999,0.8367,-0.4582,-0.2576,0.3682,-0.8933,0.0694,0.3748,-0.9245,0.3268,0.1159,-0.938,0.5977,0.2414,-0.7645,0.3615,0.9254,-0.1135,0.8126,0.3374,-0.4752,0.9088,0.3975,-0.1267,0.9131,0.4029,0.0616,-0.872,-0.3676,0.3231,-0.9116,-0.3925,0.1221,-0.916,0.3958,0.0658,-0.8919,0.3322,-0.3069
,-0.8829,-0.3986,-0.2481,-0.7343,-0.3448,-0.5847,-0.5001,-0.2595,-0.8261,-0.5045,0.1052,-0.857,-0.7368,0.2307,-0.6355,-0.3858,0.8336,-0.3953,-0.3701,-0.9222,0.1119,-0.3362,-0.8939,0.2966,-0.3801,-0.8887,-0.2561,-0.3752,0.9261,-0.0386,-0.3477,0.9264,0.1444,-0.8731,0.4101,0.2634,-0.3236,-0.7347,-0.5962,0.3158,-0.8907,-0.3269,0.077,-0.5095,-0.857,-0.2557,-0.507,-0.8231,0.6031,-0.3383,-0.7224
,0.3272,-0.2562,-0.9095,-0.2626,-0.02,-0.9647,-0.1719,0.1065,-0.9793,0.2068,-0.7309,-0.6504,-0.2643,-0.1567,-0.9516,-0.169,-0.2435,-0.955,-0.0169,-0.2472,-0.9688,0.063,-0.1654,-0.9842,0.0658,-0.0084,-0.9978,-0.0246,0.1127,-0.9933,0.3675,0.927,0.0741]
,"uvs":[0.1278,0.3332,0.0765,0.3146,0.3103,0.0882,0.0348,0.2947,0.2789,0.0486,0.3281,0.872,0.3721,0.7879,0.6123,0.7946,0.4259,0.6673,0.2092,0.6237,0.3302,0.5659,0.1316,0.6608,0.2997,0.9158,0.0793,0.6897,0.0351,0.7153,0.9453,0.2955,0.9437,0.7256,0.9088,0.7063,0.8495,0.6725,0.8683,0.3399,0.9152,0.3069,0.7849,0.6311,0.7886,0.3778,0.6639,0.5705,0.6634,0.4318
,0.5673,0.6681,0.6584,0.8732,0.6962,0.0399,0.6835,0.0796,0.6642,0.1314,0.3352,0.1285,0.6813,0.9121,0.6221,0.2141,0.3768,0.211,0.5695,0.3337,0.4282,0.3312,0.2077,0.3724,0.3331,0.4282,0.582,0.5366,0.5322,0.5862,0.7074,0.9525,0.2808,0.9613,0.5822,0.4653,0.5329,0.4148,0.462,0.414,0.4128,0.4638,0.4124,0.5347,0.4616,0.5852,0.3103,0.0882,0.0765,0.3146
,0.1278,0.3332,0.2789,0.0486,0.0348,0.2947,0.6123,0.7946,0.3721,0.7879,0.3281,0.872,0.5673,0.6681,0.4259,0.6673,0.3302,0.5659,0.2092,0.6237,0.2997,0.9158,0.1316,0.6608,0.0793,0.6897,0.0351,0.7153,0.9453,0.2955,0.9152,0.3069,0.9088,0.7063,0.8495,0.6725,0.8683,0.3399,0.7886,0.3778,0.6634,0.4318,0.6639,0.5705,0.7849,0.6311,0.6584,0.8732,0.6835,0.0796
,0.6962,0.0399,0.6642,0.1314,0.6813,0.9121,0.7074,0.9525,0.9437,0.7256,0.6221,0.2141,0.3352,0.1285,0.4282,0.3312,0.5695,0.3337,0.2077,0.3724,0.3331,0.4282,0.582,0.5366,0.5322,0.5862,0.3768,0.211,0.5822,0.4653,0.5329,0.4148,0.462,0.414,0.4128,0.4638,0.4124,0.5347,0.4616,0.5852,0.2808,0.9613]
,"matricesWeights":[1,0,0,0,1,0,0,0,1,0,0,0,1,0,0,0,1,0,0,0,1,0,0,0,1,0,0,0,1,0,0,0,1,0,0,0,1,0,0,0,1,0,0,0,1,0,0,0,1,0
,0,0,1,0,0,0,1,0,0,0,1,0,0,0,1,0,0,0,1,0,0,0,1,0,0,0,1,0,0,0,1,0,0,0,1,0.0927,0,0,1,0,0,0,1,0.1871,0,0,1,0.0061,0,0
,1,0,0,0,1,0,0,0,1,0,0,0,1,0,0,0,1,0,0,0,1,0,0,0,1,0,0,0,1,0,0,0,1,0,0,0,1,0,0,0,1,0,0,0,1,0.0334,0,0,1,0
,0,0,1,0,0,0,1,0,0,0,1,0,0,0,1,0,0,0,1,0,0,0,1,0,0,0,1,0,0,0,1,0,0,0,1,0,0,0,1,0,0,0,1,0,0,0,1,0,0,0
,1,0,0,0,1,0,0,0,1,0,0,0,1,0,0,0,1,0,0,0,1,0,0,0,1,0,0,0,1,0,0,0,1,0,0,0,1,0,0,0,1,0,0,0,1,0,0,0,1,0
,0,0,1,0,0,0,1,0,0,0,1,0,0,0,1,0,0,0,1,0,0,0,1,0,0,0,1,0,0,0,1,0.0061,0,0,1,0.1871,0,0,1,0.0927,0,0,1,0,0,0,1,0,0,0
,1,0,0,0,1,0,0,0,1,0,0,0,1,0,0,0,1,0,0,0,1,0,0,0,1,0,0,0,1,0,0,0,1,0,0,0,1,0.0334,0,0,1,0,0,0,1,0,0,0,1,0
,0,0,1,0,0,0,1,0,0,0,1,0,0,0,1,0,0,0,1,0,0,0,1,0,0,0,1,0,0,0,1,0,0,0]
,"matricesIndices":[31,31,31,31,31,31,31,31,31,31,31,31,31,31,31,31,31,31,31,31,31,7199,31,7199,7199,31,31,31,31,31,31,31,31,31,31,31,7199,31,31,31,31,31,31,31,31,31,31,31,30,30
,30,30,30,30,30,30,30,30,30,30,30,30,30,30,30,30,30,30,30,30,7198,7198,7198,30,30,30,30,30,30,30,30,30,30,30,7198,30,30,30,30,30,30,30,30,30,30,30]
,"indices":[0,1,2,1,3,4,5,6,7,7,6,8,6,9,10,5,11,9,12,13,11,14,13,12,15,16,17,18,19,20,18,21,22,23,24,22,7,25,23,26,7,21,27,28,2,29,30,2,31,26
,18,31,17,16,32,33,30,32,34,35,1,13,14,11,13,1,32,22,24,22,32,29,11,0,36,9,36,37,19,29,28,15,20,28,38,23,25,39,25,8,33,35,37,30,33,36,40,41,12,31
,12,5,23,38,42,42,43,34,43,44,35,35,44,45,46,10,37,46,47,8,47,46,38,45,42,38,45,44,43,48,49,50,51,52,49,53,54,55,53,56,57,54,57,58,55,54,59,60,55,61
,60,62,63,64,65,66,67,66,65,67,68,69,69,70,71,53,72,71,73,67,72,48,74,75,76,74,48,77,66,67,77,78,79,80,76,81,82,83,80,49,52,63,49,62,61,80,83,70,69,68
,76,84,50,61,85,84,59,68,65,74,74,65,64,56,71,86,57,56,87,88,84,85,81,50,84,78,77,60,77,73,55,71,70,89,83,90,89,82,91,90,82,85,92,85,58,93,93,58,57,94
,87,86,86,89,92,92,89,90,30,0,2,2,1,4,26,5,7,25,7,8,8,6,10,6,5,9,5,12,11,41,14,12,20,15,17,17,18,20,19,18,22,21,23,22,21,7,23,18,26,21
,4,27,2,28,29,2,17,31,18,40,31,16,29,32,30,33,32,35,3,1,14,0,11,1,34,32,24,19,22,29,9,11,36,10,9,37,20,19,28,27,15,28,39,38,25,47,39,8,36,33
,37,0,30,36,31,40,12,26,31,5,24,23,42,24,42,34,34,43,35,37,35,45,45,46,37,10,46,8,39,47,38,46,45,38,42,45,43,81,48,50,48,51,49,73,53,55,54,53,57,59
,54,58,61,55,59,62,60,61,95,60,63,79,64,66,68,67,65,72,67,69,72,69,71,56,53,71,53,73,72,51,48,75,81,76,48,73,77,67,66,77,79,88,80,81,88,82,80,62,49,63
,50,49,61,69,80,70,80,69,76,59,84,61,58,85,59,76,68,74,75,74,64,87,56,86,94,57,87,82,88,85,88,81,84,95,78,60,60,77,55,86,71,89,70,83,89,83,82,90,91,82
,92,92,85,93,94,93,57,93,94,86,93,86,92,91,92,90]
