{"producer":{"name":"Blender","version":"2.93.4","exporter_version":"2.93.4","file":"marilwyd01.babylon"},
"autoClear":true,"clearColor":[0.0509,0.0509,0.0509],"gravity":[0,-9.81,0],
"materials":[{"name":"cloak","id":"cloak","customType":"BABYLON.PBRMaterial","emissive":[0,0,0],"reflectivity":[0.5,0.5,0.5],"roughness":0.5,"alpha":1,"transparencyMode":0,"alphaCutOff":0.4,"metallic":0, 
"albedoTexture":{"name":"ao_cloak.png","level":1,"hasAlpha":true,"coordinatesMode":0,"uOffset":0,"vOffset":0,"uScale":1,"vScale":1,"uAng":0,"vAng":0,"wAng":0,"wrapU":1,"wrapV":1,"coordinatesIndex":0},"useAlphaFromAlbedoTexture":true},
{"name":"door","id":"door","customType":"BABYLON.PBRMaterial","emissive":[0,0,0],"reflectivity":[0.5,0.5,0.5],"roughness":0.5,"alpha":1,"transparencyMode":0,"alphaCutOff":0.4,"metallic":0, 
"albedoTexture":{"name":"door01.png","level":1,"hasAlpha":true,"coordinatesMode":0,"uOffset":0,"vOffset":0,"uScale":1,"vScale":1,"uAng":0,"vAng":0,"wAng":0,"wrapU":1,"wrapV":1,"coordinatesIndex":0},"useAlphaFromAlbedoTexture":true},
{"name":"stones","id":"stones","customType":"BABYLON.PBRMaterial","emissive":[0,0,0],"reflectivity":[0.5,0.5,0.5],"roughness":0.5,"alpha":1,"transparencyMode":0,"alphaCutOff":0.4,"metallic":0, 
"albedoTexture":{"name":"tiles9_dif.jpg","level":1,"hasAlpha":false,"coordinatesMode":0,"uOffset":0,"vOffset":0,"uScale":1,"vScale":1,"uAng":0,"vAng":0,"wAng":0,"wrapU":1,"wrapV":1,"coordinatesIndex":0},"useAlphaFromAlbedoTexture":false},
{"name":"eyes","id":"eyes","customType":"BABYLON.PBRMaterial","emissive":[0,0,0],"reflectivity":[0.5,0.5,0.5],"roughness":0.5,"alpha":1,"transparencyMode":0,"alphaCutOff":0.4,"metallic":0, 
"albedoTexture":{"name":"horse_eye02.png","level":1,"hasAlpha":true,"coordinatesMode":0,"uOffset":0,"vOffset":0,"uScale":1,"vScale":1,"uAng":0,"vAng":0,"wAng":0,"wrapU":1,"wrapV":1,"coordinatesIndex":0},"useAlphaFromAlbedoTexture":true},
{"name":"gate","id":"gate","customType":"BABYLON.PBRMaterial","emissive":[0,0,0],"reflectivity":[0,0,0],"roughness":0.5,"alpha":1,"transparencyMode":2,"alphaCutOff":0.4,"metallic":0, 
"albedoTexture":{"name":"garden_gate02x24.png","level":1,"hasAlpha":true,"coordinatesMode":0,"uOffset":0,"vOffset":0,"uScale":1,"vScale":1,"uAng":0,"vAng":0,"wAng":0,"wrapU":1,"wrapV":1,"coordinatesIndex":0},"useAlphaFromAlbedoTexture":true},
{"name":"green","id":"green","customType":"BABYLON.PBRMaterial","albedo":[0.0006,0.1174,0.0006],"emissive":[0,0,0],"reflectivity":[0.5,0.5,0.5],"roughness":0.5,"alpha":1,"transparencyMode":0,"alphaCutOff":0.4,"metallic":0},
{"name":"skull","id":"skull","customType":"BABYLON.PBRMaterial","emissive":[0,0,0],"reflectivity":[0.5,0.5,0.5],"roughness":0.5,"alpha":1,"transparencyMode":0,"alphaCutOff":0.4,"metallic":0, 
"albedoTexture":{"name":"3bones01.png","level":1,"hasAlpha":true,"coordinatesMode":0,"uOffset":0,"vOffset":0,"uScale":1,"vScale":1,"uAng":0,"vAng":0,"wAng":0,"wrapU":1,"wrapV":1,"coordinatesIndex":0},"useAlphaFromAlbedoTexture":true},
{"name":"red","id":"red","customType":"BABYLON.PBRMaterial","albedo":[0.3441,0,0.0017],"emissive":[0,0,0],"reflectivity":[0.5,0.5,0.5],"roughness":0.5,"alpha":1,"transparencyMode":0,"alphaCutOff":0.4,"metallic":0},
{"name":"boots","id":"boots","customType":"BABYLON.PBRMaterial","emissive":[0,0,0],"reflectivity":[0.5,0.5,0.5],"roughness":0.2455,"alpha":1,"transparencyMode":0,"alphaCutOff":0.4,"metallic":0, 
"albedoTexture":{"name":"shoes03_diffuse.png","level":1,"hasAlpha":true,"coordinatesMode":0,"uOffset":0,"vOffset":0,"uScale":1,"vScale":1,"uAng":0,"vAng":0,"wAng":0,"wrapU":1,"wrapV":1,"coordinatesIndex":0},"useAlphaFromAlbedoTexture":true},
{"name":"wall","id":"wall","customType":"BABYLON.PBRMaterial","emissive":[0,0,0],"reflectivity":[0.5,0.5,0.5],"roughness":0.5,"alpha":1,"transparencyMode":0,"alphaCutOff":0.4,"metallic":0, 
"albedoTexture":{"name":"baked_tile.jpg","level":1,"hasAlpha":false,"coordinatesMode":0,"uOffset":0,"vOffset":0,"uScale":1,"vScale":1,"uAng":0,"vAng":0,"wAng":0,"wrapU":1,"wrapV":1,"coordinatesIndex":0},"useAlphaFromAlbedoTexture":false},
{"name":"wallpaper","id":"wallpaper","customType":"BABYLON.PBRMaterial","emissive":[0,0,0],"reflectivity":[0.5,0.5,0.5],"roughness":0.5,"alpha":1,"transparencyMode":0,"alphaCutOff":0.4,"metallic":0, 
"albedoTexture":{"name":"wallpaper01.png","level":1,"hasAlpha":true,"coordinatesMode":0,"uOffset":0,"vOffset":0,"uScale":1,"vScale":1,"uAng":0,"vAng":0,"wAng":0,"wrapU":1,"wrapV":1,"coordinatesIndex":0},"useAlphaFromAlbedoTexture":true},
{"name":"floor","id":"floor","customType":"BABYLON.PBRMaterial","emissive":[0,0,0],"reflectivity":[0.5,0.5,0.5],"roughness":0.5,"alpha":1,"transparencyMode":0,"alphaCutOff":0.4,"metallic":0, 
"albedoTexture":{"name":"floor1.png","level":1,"hasAlpha":true,"coordinatesMode":0,"uOffset":0,"vOffset":0,"uScale":1,"vScale":1,"uAng":0,"vAng":0,"wAng":0,"wrapU":1,"wrapV":1,"coordinatesIndex":0},"useAlphaFromAlbedoTexture":true},
{"name":"ceiling","id":"ceiling","customType":"BABYLON.PBRMaterial","emissive":[0,0,0],"reflectivity":[0.5,0.5,0.5],"roughness":0.5,"alpha":1,"transparencyMode":0,"alphaCutOff":0.4,"metallic":0, 
"albedoTexture":{"name":"ceiling_tile02.png","level":1,"hasAlpha":true,"coordinatesMode":0,"uOffset":0,"vOffset":0,"uScale":1,"vScale":1,"uAng":0,"vAng":0,"wAng":0,"wrapU":1,"wrapV":1,"coordinatesIndex":0},"useAlphaFromAlbedoTexture":true},
{"name":"pic_agatha","id":"pic_agatha","customType":"BABYLON.PBRMaterial","emissive":[0,0,0],"reflectivity":[0.5,0.5,0.5],"roughness":0.5,"alpha":1,"transparencyMode":0,"alphaCutOff":0.4,"metallic":0, 
"albedoTexture":{"name":"welshpoets01.jpg","level":1,"hasAlpha":false,"coordinatesMode":0,"uOffset":0,"vOffset":0,"uScale":1,"vScale":1,"uAng":0,"vAng":0,"wAng":0,"wrapU":1,"wrapV":1,"coordinatesIndex":0},"useAlphaFromAlbedoTexture":false},
{"name":"desk_base.002","id":"desk_base.002","customType":"BABYLON.PBRMaterial","emissive":[0,0,0],"reflectivity":[0.0846,0.0846,0.0846],"roughness":0.8538,"alpha":1,"transparencyMode":0,"alphaCutOff":0.4,"metallic":0, 
"albedoTexture":{"name":"welshpoets01.jpg","level":1,"hasAlpha":false,"coordinatesMode":0,"uOffset":0,"vOffset":0,"uScale":1,"vScale":1,"uAng":0,"vAng":0,"wAng":0,"wrapU":1,"wrapV":1,"coordinatesIndex":0},"useAlphaFromAlbedoTexture":false},
{"name":"leaves","id":"leaves","customType":"BABYLON.PBRMaterial","backFaceCulling":false,"emissive":[0,0,0],"reflectivity":[0.5,0.5,0.5],"roughness":0.5,"alpha":1,"transparencyMode":0,"alphaCutOff":0.4,"metallic":0, 
"albedoTexture":{"name":"leaf01.png","level":1,"hasAlpha":true,"coordinatesMode":0,"uOffset":0,"vOffset":0,"uScale":1,"vScale":1,"uAng":0,"vAng":0,"wAng":0,"wrapU":1,"wrapV":1,"coordinatesIndex":0},"useAlphaFromAlbedoTexture":true},
{"name":"fireplace","id":"fireplace","customType":"BABYLON.PBRMaterial","emissive":[0,0,0],"reflectivity":[0.5,0.5,0.5],"roughness":0.5,"alpha":1,"transparencyMode":0,"alphaCutOff":0.4,"metallic":0, 
"albedoTexture":{"name":"fireplaces03.jpg","level":1,"hasAlpha":false,"coordinatesMode":0,"uOffset":0,"vOffset":0,"uScale":1,"vScale":1,"uAng":0,"vAng":0,"wAng":0,"wrapU":1,"wrapV":1,"coordinatesIndex":0},"useAlphaFromAlbedoTexture":false},
{"name":"oldwood","id":"oldwood","customType":"BABYLON.PBRMaterial","emissive":[0,0,0],"reflectivity":[0.5182,0.5182,0.5182],"roughness":0.4864,"alpha":1,"transparencyMode":0,"alphaCutOff":0.4,"metallic":0, 
"albedoTexture":{"name":"finewood02.jpg","level":1,"hasAlpha":false,"coordinatesMode":0,"uOffset":0,"vOffset":0,"uScale":1,"vScale":1,"uAng":0,"vAng":0,"wAng":0,"wrapU":1,"wrapV":1,"coordinatesIndex":0},"useAlphaFromAlbedoTexture":false},
{"name":"clockface.002","id":"clockface.002","customType":"BABYLON.PBRMaterial","emissive":[0,0,0],"reflectivity":[0,0,0],"roughness":0.5,"alpha":1,"transparencyMode":0,"alphaCutOff":0.4,"metallic":0, 
"albedoTexture":{"name":"clockparts2.png","level":1,"hasAlpha":true,"coordinatesMode":0,"uOffset":0,"vOffset":0,"uScale":1,"vScale":1,"uAng":0,"vAng":0,"wAng":0,"wrapU":1,"wrapV":1,"coordinatesIndex":0},"useAlphaFromAlbedoTexture":true},
{"name":"clock_hands.002","id":"clock_hands.002","customType":"BABYLON.PBRMaterial","emissive":[0,0,0],"reflectivity":[0,0,0],"roughness":0,"alpha":1,"transparencyMode":2,"alphaCutOff":0.4,"metallic":0, 
"albedoTexture":{"name":"clockhands.png","level":1,"hasAlpha":true,"coordinatesMode":0,"uOffset":0,"vOffset":0,"uScale":1,"vScale":1,"uAng":0,"vAng":0,"wAng":0,"wrapU":1,"wrapV":1,"coordinatesIndex":0},"useAlphaFromAlbedoTexture":true}],
"multiMaterials":[{"name":"marilwyd01.Multimaterial#0","id":"marilwyd01.Multimaterial#0","materials":["oldwood","clockface.002"]}],
"skeletons":[{"name":"mari","id":0,"dimensionsAtRest":[0,1.9489,0.3667],"bones":[
{"name":"base","index":0,"matrix":[1,0,0,0,0,1,0,0,0,0,-0.5,0,-0.5,0,0,1],"rest":[1,0,0,0,0,1,0,0,0,0,-0.5,0,-0.5,0,0,1],"parentBoneIndex":-1,"length":1
,"animation":{"name":"anim","property":"_matrix","dataType":3,"framePerSecond":24,"loopBehavior":1,"keys":[
{"frame":1,"values":[1,0,0,0,0,1,0,0,0,0,-0.5,0,-0.5,0,0,1]},
{"frame":130,"values":[1,0,0,0,0,1,0,0,0,0,-0.5,0,-0.5,0,0,1]}]}},
{"name":"neck","index":1,"matrix":[1,0,0,0,0,0.909,0.4169,0,0,-0.4169,0.909,0,0,1.4359,-0.007,1],"rest":[1,0,0,0,0,0.909,0.4169,0,0,-0.4169,0.909,0,0,1.4359,-0.007,1],"parentBoneIndex":0,"length":0.3157
,"animation":{"name":"anim","property":"_matrix","dataType":3,"framePerSecond":24,"loopBehavior":1,"keys":[
{"frame":1,"values":[1,0,0,0,0,0.909,0.4169,0,0,-0.4169,0.909,0,0,1.4359,-0.007,1]},
{"frame":12,"values":[1,0,-0.0018,0,0.0008,0.909,0.4169,0,0.0017,-0.4169,0.909,0,0,1.4359,-0.007,1]},
{"frame":13,"values":[1,0,-0.0073,0,0.0031,0.909,0.4169,0,0.0067,-0.4169,0.9089,0,0,1.4359,-0.007,1]},
{"frame":14,"values":[0.9999,0,-0.0165,0,0.0069,0.909,0.4168,0,0.015,-0.4169,0.9088,0,0,1.4359,-0.007,1]},
{"frame":15,"values":[0.9996,0,-0.029,0,0.0121,0.909,0.4167,0,0.0264,-0.4169,0.9086,0,0,1.4359,-0.007,1]},
{"frame":16,"values":[0.999,0,-0.0444,0,0.0185,0.909,0.4165,0,0.0404,-0.4169,0.9081,0,0,1.4359,-0.007,1]},
{"frame":17,"values":[0.9981,0,-0.062,0,0.0259,0.909,0.4161,0,0.0564,-0.4169,0.9072,0,0,1.4359,-0.007,1]},
{"frame":18,"values":[0.9967,0,-0.0807,0,0.0337,0.909,0.4155,0,0.0734,-0.4169,0.906,0,0,1.4359,-0.007,1]},
{"frame":19,"values":[0.995,0,-0.0994,0,0.0414,0.909,0.4148,0,0.0904,-0.4169,0.9045,0,0,1.4359,-0.007,1]},
{"frame":20,"values":[0.9931,0,-0.1169,0,0.0487,0.909,0.414,0,0.1063,-0.4169,0.9027,0,0,1.4359,-0.007,1]},
{"frame":21,"values":[0.9912,0,-0.1322,0,0.0551,0.909,0.4132,0,0.1202,-0.4169,0.901,0,0,1.4359,-0.007,1]},
{"frame":22,"values":[0.9895,0,-0.1447,0,0.0603,0.909,0.4125,0,0.1315,-0.4169,0.8994,0,0,1.4359,-0.007,1]},
{"frame":23,"values":[0.9881,0,-0.1537,0,0.0641,0.909,0.4119,0,0.1397,-0.4169,0.8982,0,0,1.4359,-0.007,1]},
{"frame":24,"values":[0.9873,0,-0.1591,0,0.0663,0.909,0.4116,0,0.1447,-0.4169,0.8974,0,0,1.4359,-0.007,1]},
{"frame":25,"values":[0.987,0,-0.1609,0,0.0671,0.909,0.4114,0,0.1463,-0.4169,0.8971,0,0,1.4359,-0.007,1]},
{"frame":26,"values":[0.9871,0,-0.1601,0,0.0667,0.909,0.4115,0,0.1455,-0.4169,0.8972,0,0,1.4359,-0.007,1]},
{"frame":27,"values":[0.9875,0,-0.1573,0,0.0656,0.909,0.4117,0,0.143,-0.4169,0.8976,0,0,1.4359,-0.007,1]},
{"frame":28,"values":[0.9883,0,-0.1526,0,0.0636,0.909,0.412,0,0.1387,-0.4169,0.8983,0,0,1.4359,-0.007,1]},
{"frame":29,"values":[0.9893,0,-0.1459,0,0.0608,0.909,0.4124,0,0.1326,-0.4169,0.8992,0,0,1.4359,-0.007,1]},
{"frame":30,"values":[0.9905,0,-0.1372,0,0.0572,0.909,0.4129,0,0.1247,-0.4169,0.9004,0,0,1.4359,-0.007,1]},
{"frame":31,"values":[0.992,0,-0.1266,0,0.0528,0.909,0.4135,0,0.1151,-0.4169,0.9016,0,0,1.4359,-0.007,1]},
{"frame":32,"values":[0.9934,0,-0.1143,0,0.0477,0.909,0.4141,0,0.1039,-0.4169,0.903,0,0,1.4359,-0.007,1]},
{"frame":33,"values":[0.9949,0,-0.1007,0,0.042,0.909,0.4148,0,0.0915,-0.4169,0.9043,0,0,1.4359,-0.007,1]},
{"frame":34,"values":[0.9963,0,-0.0861,0,0.0359,0.909,0.4153,0,0.0783,-0.4169,0.9056,0,0,1.4359,-0.007,1]},
{"frame":35,"values":[0.9975,0,-0.071,0,0.0296,0.909,0.4158,0,0.0645,-0.4169,0.9067,0,0,1.4359,-0.007,1]},
{"frame":36,"values":[0.9984,0,-0.0558,0,0.0233,0.909,0.4162,0,0.0507,-0.4169,0.9075,0,0,1.4359,-0.007,1]},
{"frame":37,"values":[0.9992,0,-0.0409,0,0.017,0.909,0.4165,0,0.0371,-0.4169,0.9082,0,0,1.4359,-0.007,1]},
{"frame":38,"values":[0.9997,0,-0.0264,0,0.011,0.909,0.4167,0,0.024,-0.4169,0.9086,0,0,1.4359,-0.007,1]},
{"frame":39,"values":[0.9999,0,-0.0128,0,0.0053,0.909,0.4168,0,0.0116,-0.4169,0.9089,0,0,1.4359,-0.007,1]},
{"frame":40,"values":[1,0,0,0,0,0.909,0.4169,0,0,-0.4169,0.909,0,0,1.4359,-0.007,1]},
{"frame":41,"values":[0.9999,0,0.0132,0,-0.0055,0.909,0.4168,0,-0.012,-0.4169,0.9089,0,0,1.4359,-0.007,1]},
{"frame":42,"values":[0.9996,0,0.0283,0,-0.0118,0.909,0.4167,0,-0.0257,-0.4169,0.9086,0,0,1.4359,-0.007,1]},
{"frame":43,"values":[0.999,0,0.045,0,-0.0188,0.909,0.4165,0,-0.0409,-0.4169,0.908,0,0,1.4359,-0.007,1]},
{"frame":44,"values":[0.998,0,0.0631,0,-0.0263,0.909,0.416,0,-0.0574,-0.4169,0.9071,0,0,1.4359,-0.007,1]},
{"frame":45,"values":[0.9966,0,0.0823,0,-0.0343,0.909,0.4155,0,-0.0748,-0.4169,0.9059,0,0,1.4359,-0.007,1]},
{"frame":46,"values":[0.9948,0,0.102,0,-0.0425,0.909,0.4147,0,-0.0927,-0.4169,0.9042,0,0,1.4359,-0.007,1]},
{"frame":47,"values":[0.9926,0,0.1215,0,-0.0506,0.909,0.4138,0,-0.1104,-0.4169,0.9022,0,0,1.4359,-0.007,1]},
{"frame":48,"values":[0.9901,0,0.1402,0,-0.0584,0.909,0.4128,0,-0.1274,-0.4169,0.9,0,0,1.4359,-0.007,1]},
{"frame":49,"values":[0.9875,0,0.1573,0,-0.0656,0.909,0.4117,0,-0.143,-0.4169,0.8976,0,0,1.4359,-0.007,1]},
{"frame":50,"values":[0.985,0,0.1724,0,-0.0719,0.909,0.4106,0,-0.1567,-0.4169,0.8954,0,0,1.4359,-0.007,1]},
{"frame":51,"values":[0.9827,0,0.185,0,-0.0771,0.909,0.4097,0,-0.1681,-0.4169,0.8933,0,0,1.4359,-0.007,1]},
{"frame":52,"values":[0.9809,0,0.1948,0,-0.0812,0.909,0.4089,0,-0.177,-0.4169,0.8916,0,0,1.4359,-0.007,1]},
{"frame":53,"values":[0.9794,0,0.2017,0,-0.0841,0.909,0.4083,0,-0.1833,-0.4169,0.8903,0,0,1.4359,-0.007,1]},
{"frame":54,"values":[0.9786,0,0.2058,0,-0.0858,0.909,0.408,0,-0.187,-0.4169,0.8895,0,0,1.4359,-0.007,1]},
{"frame":55,"values":[0.9783,0,0.2071,0,-0.0863,0.909,0.4078,0,-0.1882,-0.4169,0.8893,0,0,1.4359,-0.007,1]},
{"frame":56,"values":[0.9787,0,0.2051,0,-0.0855,0.909,0.408,0,-0.1864,-0.4169,0.8896,0,0,1.4359,-0.007,1]},
{"frame":57,"values":[0.98,0,0.199,0,-0.083,0.909,0.4085,0,-0.1809,-0.4169,0.8908,0,0,1.4359,-0.007,1]},
{"frame":58,"values":[0.982,0,0.1889,0,-0.0788,0.909,0.4094,0,-0.1717,-0.4169,0.8926,0,0,1.4359,-0.007,1]},
{"frame":59,"values":[0.9846,0,0.175,0,-0.0729,0.909,0.4104,0,-0.1591,-0.4169,0.8949,0,0,1.4359,-0.007,1]},
{"frame":60,"values":[0.9875,0,0.1576,0,-0.0657,0.909,0.4117,0,-0.1432,-0.4169,0.8976,0,0,1.4359,-0.007,1]},
{"frame":61,"values":[0.9905,0,0.1374,0,-0.0573,0.909,0.4129,0,-0.1249,-0.4169,0.9003,0,0,1.4359,-0.007,1]},
{"frame":62,"values":[0.9933,0,0.1154,0,-0.0481,0.909,0.4141,0,-0.1049,-0.4169,0.9029,0,0,1.4359,-0.007,1]},
{"frame":63,"values":[0.9957,0,0.0928,0,-0.0387,0.909,0.4151,0,-0.0843,-0.4169,0.905,0,0,1.4359,-0.007,1]},
{"frame":64,"values":[0.9975,0,0.0707,0,-0.0295,0.909,0.4158,0,-0.0642,-0.4169,0.9067,0,0,1.4359,-0.007,1]},
{"frame":65,"values":[0.9987,0,0.0503,0,-0.021,0.909,0.4164,0,-0.0457,-0.4169,0.9078,0,0,1.4359,-0.007,1]},
{"frame":66,"values":[0.9995,0,0.0327,0,-0.0136,0.909,0.4167,0,-0.0297,-0.4169,0.9085,0,0,1.4359,-0.007,1]},
{"frame":67,"values":[0.9998,0,0.0185,0,-0.0077,0.909,0.4168,0,-0.0168,-0.4169,0.9088,0,0,1.4359,-0.007,1]},
{"frame":68,"values":[1,0,0.0082,0,-0.0034,0.909,0.4169,0,-0.0075,-0.4169,0.9089,0,0,1.4359,-0.007,1]},
{"frame":69,"values":[1,0,0.002,0,-0.0009,0.909,0.4169,0,-0.0019,-0.4169,0.909,0,0,1.4359,-0.007,1]},
{"frame":70,"values":[1,0,0,0,0,0.909,0.4169,0,0,-0.4169,0.909,0,0,1.4359,-0.007,1]},
{"frame":71,"values":[1,0,0,0,0,0.9081,0.4187,0,0,-0.4187,0.9081,0,0,1.4359,-0.007,1]},
{"frame":72,"values":[1,0,0,0,0,0.9056,0.4241,0,0,-0.4241,0.9056,0,0,1.4359,-0.007,1]},
{"frame":73,"values":[1,0,0,0,0,0.9013,0.4332,0,0,-0.4332,0.9013,0,0,1.4359,-0.007,1]},
{"frame":74,"values":[1,0,0,0,0,0.8952,0.4456,0,0,-0.4456,0.8952,0,0,1.4359,-0.007,1]},
{"frame":75,"values":[1,0,0,0,0,0.8875,0.4609,0,0,-0.4609,0.8875,0,0,1.4359,-0.007,1]},
{"frame":76,"values":[1,0,0,0,0,0.8781,0.4784,0,0,-0.4784,0.8781,0,0,1.4359,-0.007,1]},
{"frame":77,"values":[1,0,0,0,0,0.8676,0.4972,0,0,-0.4972,0.8676,0,0,1.4359,-0.007,1]},
{"frame":78,"values":[1,0,0,0,0,0.8564,0.5163,0,0,-0.5163,0.8564,0,0,1.4359,-0.007,1]},
{"frame":79,"values":[1,0,0,0,0,0.8451,0.5347,0,0,-0.5347,0.8451,0,0,1.4359,-0.007,1]},
{"frame":80,"values":[1,0,0,0,0,0.8343,0.5513,0,0,-0.5513,0.8343,0,0,1.4359,-0.007,1]},
{"frame":81,"values":[1,0,0,0,0,0.8247,0.5656,0,0,-0.5656,0.8247,0,0,1.4359,-0.007,1]},
{"frame":82,"values":[1,0,0,0,0,0.8168,0.5769,0,0,-0.5769,0.8168,0,0,1.4359,-0.007,1]},
{"frame":83,"values":[1,0,0,0,0,0.811,0.585,0,0,-0.585,0.811,0,0,1.4359,-0.007,1]},
{"frame":84,"values":[1,0,0,0,0,0.8075,0.5899,0,0,-0.5899,0.8075,0,0,1.4359,-0.007,1]},
{"frame":85,"values":[1,0,0,0,0,0.8063,0.5915,0,0,-0.5915,0.8063,0,0,1.4359,-0.007,1]},
{"frame":86,"values":[1,0,0,0,0,0.807,0.5906,0,0,-0.5906,0.807,0,0,1.4359,-0.007,1]},
{"frame":87,"values":[1,0,0,0,0,0.8091,0.5877,0,0,-0.5877,0.8091,0,0,1.4359,-0.007,1]},
{"frame":88,"values":[1,0,0,0,0,0.8127,0.5827,0,0,-0.5827,0.8127,0,0,1.4359,-0.007,1]},
{"frame":89,"values":[1,0,0,0,0,0.8177,0.5756,0,0,-0.5756,0.8177,0,0,1.4359,-0.007,1]},
{"frame":90,"values":[1,0,0,0,0,0.8242,0.5663,0,0,-0.5663,0.8242,0,0,1.4359,-0.007,1]},
{"frame":91,"values":[1,0,0,0,0,0.8319,0.555,0,0,-0.555,0.8319,0,0,1.4359,-0.007,1]},
{"frame":92,"values":[1,0,0,0,0,0.8405,0.5417,0,0,-0.5417,0.8405,0,0,1.4359,-0.007,1]},
{"frame":93,"values":[1,0,0,0,0,0.8499,0.527,0,0,-0.527,0.8499,0,0,1.4359,-0.007,1]},
{"frame":94,"values":[1,0,0,0,0,0.8595,0.5112,0,0,-0.5112,0.8595,0,0,1.4359,-0.007,1]},
{"frame":95,"values":[1,0,0,0,0,0.8691,0.4947,0,0,-0.4947,0.8691,0,0,1.4359,-0.007,1]},
{"frame":96,"values":[1,0,0,0,0,0.8783,0.4781,0,0,-0.4781,0.8783,0,0,1.4359,-0.007,1]},
{"frame":97,"values":[1,0,0,0,0,0.887,0.4617,0,0,-0.4617,0.887,0,0,1.4359,-0.007,1]},
{"frame":98,"values":[1,0,0,0,0,0.8951,0.4459,0,0,-0.4459,0.8951,0,0,1.4359,-0.007,1]},
{"frame":99,"values":[1,0,0,0,0,0.9024,0.4309,0,0,-0.4309,0.9024,0,0,1.4359,-0.007,1]},
{"frame":100,"values":[1,0,0,0,0,0.909,0.4169,0,0,-0.4169,0.909,0,0,1.4359,-0.007,1]},
{"frame":101,"values":[1,0,0,0,0,0.9155,0.4024,0,0,-0.4024,0.9155,0,0,1.4359,-0.007,1]},
{"frame":102,"values":[1,0,0,0,0,0.9225,0.386,0,0,-0.386,0.9225,0,0,1.4359,-0.007,1]},
{"frame":103,"values":[1,0,0,0,0,0.9299,0.3678,0,0,-0.3678,0.9299,0,0,1.4359,-0.007,1]},
{"frame":104,"values":[1,0,0,0,0,0.9375,0.3479,0,0,-0.3479,0.9375,0,0,1.4359,-0.007,1]},
{"frame":105,"values":[1,0,0,0,0,0.9451,0.3269,0,0,-0.3269,0.9451,0,0,1.4359,-0.007,1]},
{"frame":106,"values":[1,0,0,0,0,0.9523,0.3051,0,0,-0.3051,0.9523,0,0,1.4359,-0.007,1]},
{"frame":107,"values":[1,0,0,0,0,0.959,0.2834,0,0,-0.2834,0.959,0,0,1.4359,-0.007,1]},
{"frame":108,"values":[1,0,0,0,0,0.9649,0.2625,0,0,-0.2625,0.9649,0,0,1.4359,-0.007,1]},
{"frame":109,"values":[1,0,0,0,0,0.97,0.2432,0,0,-0.2432,0.97,0,0,1.4359,-0.007,1]},
{"frame":110,"values":[1,0,0,0,0,0.9741,0.2261,0,0,-0.2261,0.9741,0,0,1.4359,-0.007,1]},
{"frame":111,"values":[1,0,0,0,0,0.9773,0.2118,0,0,-0.2118,0.9773,0,0,1.4359,-0.007,1]},
{"frame":112,"values":[1,0,0,0,0,0.9797,0.2006,0,0,-0.2006,0.9797,0,0,1.4359,-0.007,1]},
{"frame":113,"values":[1,0,0,0,0,0.9813,0.1927,0,0,-0.1927,0.9813,0,0,1.4359,-0.007,1]},
{"frame":114,"values":[1,0,0,0,0,0.9822,0.188,0,0,-0.188,0.9822,0,0,1.4359,-0.007,1]},
{"frame":115,"values":[1,0,0,0,0,0.9825,0.1865,0,0,-0.1865,0.9825,0,0,1.4359,-0.007,1]},
{"frame":116,"values":[1,0,0,0,0,0.982,0.1888,0,0,-0.1888,0.982,0,0,1.4359,-0.007,1]},
{"frame":117,"values":[1,0,0,0,0,0.9806,0.1959,0,0,-0.1959,0.9806,0,0,1.4359,-0.007,1]},
{"frame":118,"values":[1,0,0,0,0,0.9782,0.2076,0,0,-0.2076,0.9782,0,0,1.4359,-0.007,1]},
{"frame":119,"values":[1,0,0,0,0,0.9747,0.2237,0,0,-0.2237,0.9747,0,0,1.4359,-0.007,1]},
{"frame":120,"values":[1,0,0,0,0,0.9699,0.2436,0,0,-0.2436,0.9699,0,0,1.4359,-0.007,1]},
{"frame":121,"values":[1,0,0,0,0,0.9638,0.2665,0,0,-0.2665,0.9638,0,0,1.4359,-0.007,1]},
{"frame":122,"values":[1,0,0,0,0,0.9566,0.2913,0,0,-0.2913,0.9566,0,0,1.4359,-0.007,1]},
{"frame":123,"values":[1,0,0,0,0,0.9486,0.3165,0,0,-0.3165,0.9486,0,0,1.4359,-0.007,1]},
{"frame":124,"values":[1,0,0,0,0,0.9401,0.3408,0,0,-0.3408,0.9401,0,0,1.4359,-0.007,1]},
{"frame":125,"values":[1,0,0,0,0,0.9318,0.363,0,0,-0.363,0.9318,0,0,1.4359,-0.007,1]},
{"frame":126,"values":[1,0,0,0,0,0.9241,0.3821,0,0,-0.3821,0.9241,0,0,1.4359,-0.007,1]},
{"frame":127,"values":[1,0,0,0,0,0.9177,0.3972,0,0,-0.3972,0.9177,0,0,1.4359,-0.007,1]},
{"frame":128,"values":[1,0,0,0,0,0.9129,0.4082,0,0,-0.4082,0.9129,0,0,1.4359,-0.007,1]},
{"frame":129,"values":[1,0,0,0,0,0.9099,0.4147,0,0,-0.4147,0.9099,0,0,1.4359,-0.007,1]},
{"frame":130,"values":[1,0,0,0,0,0.909,0.4169,0,0,-0.4169,0.909,0,0,1.4359,-0.007,1]}]}},
{"name":"head","index":2,"matrix":[1,0,0,0,0,0.9305,0.3663,0,0,-0.3663,0.9305,0,0,0.3157,0,1],"rest":[1,0,0,0,0,0.9305,0.3663,0,0,-0.3663,0.9305,0,0,0.3157,0,1],"parentBoneIndex":1,"length":0.3262
,"animation":{"name":"anim","property":"_matrix","dataType":3,"framePerSecond":24,"loopBehavior":1,"keys":[
{"frame":1,"values":[1,0,0,0,0,0.9305,0.3663,0,0,-0.3663,0.9305,0,0,0.3157,0,1]},
{"frame":12,"values":[1,0.0019,-0.0009,0,-0.0015,0.9305,0.3663,0,0.0015,-0.3663,0.9305,0,0,0.3157,0,1]},
{"frame":13,"values":[1,0.0077,-0.0035,0,-0.0058,0.9305,0.3663,0,0.0061,-0.3662,0.9305,0,0,0.3157,0,1]},
{"frame":14,"values":[0.9998,0.0172,-0.0079,0,-0.0131,0.9304,0.3663,0,0.0136,-0.3661,0.9305,0,0,0.3157,0,1]},
{"frame":15,"values":[0.9994,0.0303,-0.0139,0,-0.0231,0.9302,0.3664,0,0.024,-0.3659,0.9303,0,0,0.3157,0,1]},
{"frame":16,"values":[0.9987,0.0464,-0.0213,0,-0.0354,0.9297,0.3666,0,0.0368,-0.3654,0.9301,0,0,0.3157,0,1]},
{"frame":17,"values":[0.9975,0.0648,-0.0297,0,-0.0494,0.9289,0.367,0,0.0514,-0.3646,0.9297,0,0,0.3157,0,1]},
{"frame":18,"values":[0.9957,0.0843,-0.0387,0,-0.0643,0.9278,0.3675,0,0.0669,-0.3634,0.9292,0,0,0.3157,0,1]},
{"frame":19,"values":[0.9935,0.1038,-0.0476,0,-0.0792,0.9264,0.3682,0,0.0824,-0.362,0.9285,0,0,0.3157,0,1]},
{"frame":20,"values":[0.9909,0.1221,-0.056,0,-0.0931,0.9248,0.3689,0,0.0968,-0.3603,0.9278,0,0,0.3157,0,1]},
{"frame":21,"values":[0.9884,0.1381,-0.0633,0,-0.1053,0.9232,0.3696,0,0.1095,-0.3587,0.927,0,0,0.3157,0,1]},
{"frame":22,"values":[0.9861,0.151,-0.0693,0,-0.1152,0.9218,0.3703,0,0.1198,-0.3572,0.9263,0,0,0.3157,0,1]},
{"frame":23,"values":[0.9843,0.1604,-0.0736,0,-0.1223,0.9206,0.3708,0,0.1272,-0.356,0.9258,0,0,0.3157,0,1]},
{"frame":24,"values":[0.9832,0.1661,-0.0762,0,-0.1267,0.9199,0.3711,0,0.1317,-0.3552,0.9255,0,0,0.3157,0,1]},
{"frame":25,"values":[0.9828,0.168,-0.077,0,-0.1281,0.9197,0.3712,0,0.1332,-0.355,0.9253,0,0,0.3157,0,1]},
{"frame":26,"values":[0.983,0.1671,-0.0766,0,-0.1274,0.9198,0.3712,0,0.1325,-0.3551,0.9254,0,0,0.3157,0,1]},
{"frame":27,"values":[0.9835,0.1643,-0.0753,0,-0.1252,0.9201,0.371,0,0.1303,-0.3555,0.9256,0,0,0.3157,0,1]},
{"frame":28,"values":[0.9845,0.1594,-0.0731,0,-0.1216,0.9207,0.3707,0,0.1264,-0.3561,0.9259,0,0,0.3157,0,1]},
{"frame":29,"values":[0.9858,0.1525,-0.0699,0,-0.1163,0.9216,0.3704,0,0.121,-0.357,0.9262,0,0,0.3157,0,1]},
{"frame":30,"values":[0.9875,0.1435,-0.0658,0,-0.1094,0.9226,0.3699,0,0.1138,-0.358,0.9267,0,0,0.3157,0,1]},
{"frame":31,"values":[0.9893,0.1326,-0.0608,0,-0.1011,0.9238,0.3694,0,0.1051,-0.3593,0.9273,0,0,0.3157,0,1]},
{"frame":32,"values":[0.9913,0.1198,-0.055,0,-0.0914,0.925,0.3688,0,0.095,-0.3605,0.9279,0,0,0.3157,0,1]},
{"frame":33,"values":[0.9932,0.1057,-0.0485,0,-0.0806,0.9262,0.3682,0,0.0838,-0.3618,0.9285,0,0,0.3157,0,1]},
{"frame":34,"values":[0.995,0.0905,-0.0415,0,-0.069,0.9274,0.3677,0,0.0718,-0.363,0.929,0,0,0.3157,0,1]},
{"frame":35,"values":[0.9966,0.0747,-0.0343,0,-0.057,0.9284,0.3672,0,0.0593,-0.364,0.9295,0,0,0.3157,0,1]},
{"frame":36,"values":[0.9979,0.0588,-0.027,0,-0.0449,0.9292,0.3669,0,0.0467,-0.3649,0.9299,0,0,0.3157,0,1]},
{"frame":37,"values":[0.9989,0.0432,-0.0198,0,-0.0329,0.9298,0.3666,0,0.0342,-0.3655,0.9302,0,0,0.3157,0,1]},
{"frame":38,"values":[0.9995,0.028,-0.0128,0,-0.0213,0.9302,0.3664,0,0.0222,-0.366,0.9304,0,0,0.3157,0,1]},
{"frame":39,"values":[0.9999,0.0136,-0.0062,0,-0.0103,0.9304,0.3663,0,0.0108,-0.3662,0.9305,0,0,0.3157,0,1]},
{"frame":40,"values":[1,0,0,0,0,0.9305,0.3663,0,0,-0.3663,0.9305,0,0,0.3157,0,1]},
{"frame":41,"values":[0.9999,-0.0141,0.0065,0,0.0108,0.9304,0.3663,0,-0.0112,-0.3662,0.9305,0,0,0.3157,0,1]},
{"frame":42,"values":[0.9994,-0.0302,0.0138,0,0.023,0.9302,0.3664,0,-0.0239,-0.3659,0.9303,0,0,0.3157,0,1]},
{"frame":43,"values":[0.9986,-0.0481,0.0221,0,0.0367,0.9296,0.3667,0,-0.0381,-0.3653,0.9301,0,0,0.3157,0,1]},
{"frame":44,"values":[0.9972,-0.0675,0.031,0,0.0515,0.9288,0.3671,0,-0.0536,-0.3645,0.9297,0,0,0.3157,0,1]},
{"frame":45,"values":[0.9953,-0.0881,0.0404,0,0.0672,0.9275,0.3676,0,-0.0699,-0.3632,0.9291,0,0,0.3157,0,1]},
{"frame":46,"values":[0.9927,-0.1093,0.0501,0,0.0833,0.9259,0.3684,0,-0.0867,-0.3615,0.9283,0,0,0.3157,0,1]},
{"frame":47,"values":[0.9897,-0.1303,0.0598,0,0.0993,0.924,0.3692,0,-0.1033,-0.3595,0.9274,0,0,0.3157,0,1]},
{"frame":48,"values":[0.9862,-0.1504,0.069,0,0.1147,0.9218,0.3702,0,-0.1193,-0.3572,0.9264,0,0,0.3157,0,1]},
{"frame":49,"values":[0.9826,-0.1689,0.0775,0,0.1288,0.9195,0.3713,0,-0.1339,-0.3549,0.9253,0,0,0.3157,0,1]},
{"frame":50,"values":[0.979,-0.1851,0.0849,0,0.1411,0.9173,0.3723,0,-0.1468,-0.3525,0.9242,0,0,0.3157,0,1]},
{"frame":51,"values":[0.9758,-0.1986,0.0911,0,0.1515,0.9153,0.3732,0,-0.1575,-0.3504,0.9232,0,0,0.3157,0,1]},
{"frame":52,"values":[0.9732,-0.2092,0.0959,0,0.1595,0.9136,0.374,0,-0.1659,-0.3487,0.9224,0,0,0.3157,0,1]},
{"frame":53,"values":[0.9712,-0.2166,0.0993,0,0.1652,0.9124,0.3746,0,-0.1718,-0.3474,0.9219,0,0,0.3157,0,1]},
{"frame":54,"values":[0.97,-0.221,0.1013,0,0.1685,0.9116,0.3749,0,-0.1752,-0.3466,0.9215,0,0,0.3157,0,1]},
{"frame":55,"values":[0.9696,-0.2224,0.102,0,0.1696,0.9114,0.375,0,-0.1764,-0.3464,0.9214,0,0,0.3157,0,1]},
{"frame":56,"values":[0.9702,-0.2203,0.101,0,0.168,0.9117,0.3749,0,-0.1747,-0.3467,0.9216,0,0,0.3157,0,1]},
{"frame":57,"values":[0.9719,-0.2138,0.0981,0,0.163,0.9128,0.3744,0,-0.1695,-0.3479,0.9221,0,0,0.3157,0,1]},
{"frame":58,"values":[0.9747,-0.203,0.0931,0,0.1548,0.9146,0.3736,0,-0.161,-0.3497,0.9229,0,0,0.3157,0,1]},
{"frame":59,"values":[0.9784,-0.1881,0.0863,0,0.1434,0.9169,0.3725,0,-0.1492,-0.3521,0.924,0,0,0.3157,0,1]},
{"frame":60,"values":[0.9825,-0.1695,0.0777,0,0.1292,0.9195,0.3713,0,-0.1344,-0.3548,0.9252,0,0,0.3157,0,1]},
{"frame":61,"values":[0.9867,-0.1478,0.0678,0,0.1127,0.9221,0.3701,0,-0.1172,-0.3575,0.9265,0,0,0.3157,0,1]},
{"frame":62,"values":[0.9906,-0.1242,0.057,0,0.0947,0.9246,0.369,0,-0.0985,-0.3601,0.9277,0,0,0.3157,0,1]},
{"frame":63,"values":[0.9939,-0.0999,0.0458,0,0.0761,0.9267,0.368,0,-0.0792,-0.3623,0.9287,0,0,0.3157,0,1]},
{"frame":64,"values":[0.9965,-0.0761,0.0349,0,0.058,0.9283,0.3673,0,-0.0603,-0.364,0.9295,0,0,0.3157,0,1]},
{"frame":65,"values":[0.9982,-0.0542,0.0249,0,0.0413,0.9294,0.3668,0,-0.043,-0.3651,0.93,0,0,0.3157,0,1]},
{"frame":66,"values":[0.9992,-0.0352,0.0161,0,0.0268,0.93,0.3665,0,-0.0279,-0.3658,0.9303,0,0,0.3157,0,1]},
{"frame":67,"values":[0.9998,-0.0199,0.0091,0,0.0152,0.9304,0.3663,0,-0.0158,-0.3661,0.9304,0,0,0.3157,0,1]},
{"frame":68,"values":[1,-0.0089,0.0041,0,0.0068,0.9305,0.3663,0,-0.007,-0.3662,0.9305,0,0,0.3157,0,1]},
{"frame":69,"values":[1,-0.0022,0.001,0,0.0017,0.9305,0.3663,0,-0.0017,-0.3663,0.9305,0,0,0.3157,0,1]},
{"frame":70,"values":[1,0,0,0,0,0.9305,0.3663,0,0,-0.3663,0.9305,0,0,0.3157,0,1]},
{"frame":71,"values":[1,0,0,0,0,0.93,0.3677,0,0,-0.3677,0.93,0,0,0.3157,0,1]},
{"frame":72,"values":[1,0,0,0,0,0.9283,0.372,0,0,-0.372,0.9283,0,0,0.3157,0,1]},
{"frame":73,"values":[1,0,0,0,0,0.9254,0.3791,0,0,-0.3791,0.9254,0,0,0.3157,0,1]},
{"frame":74,"values":[1,0,0,0,0,0.9213,0.3888,0,0,-0.3888,0.9213,0,0,0.3157,0,1]},
{"frame":75,"values":[1,0,0,0,0,0.9161,0.4009,0,0,-0.4009,0.9161,0,0,0.3157,0,1]},
{"frame":76,"values":[1,0,0,0,0,0.91,0.4147,0,0,-0.4147,0.91,0,0,0.3157,0,1]},
{"frame":77,"values":[1,0,0,0,0,0.903,0.4296,0,0,-0.4296,0.903,0,0,0.3157,0,1]},
{"frame":78,"values":[1,0,0,0,0,0.8956,0.4449,0,0,-0.4449,0.8956,0,0,0.3157,0,1]},
{"frame":79,"values":[1,0,0,0,0,0.8881,0.4596,0,0,-0.4596,0.8881,0,0,0.3157,0,1]},
{"frame":80,"values":[1,0,0,0,0,0.8811,0.473,0,0,-0.473,0.8811,0,0,0.3157,0,1]},
{"frame":81,"values":[1,0,0,0,0,0.8748,0.4845,0,0,-0.4845,0.8748,0,0,0.3157,0,1]},
{"frame":82,"values":[1,0,0,0,0,0.8696,0.4937,0,0,-0.4937,0.8696,0,0,0.3157,0,1]},
{"frame":83,"values":[1,0,0,0,0,0.8658,0.5003,0,0,-0.5003,0.8658,0,0,0.3157,0,1]},
{"frame":84,"values":[1,0,0,0,0,0.8635,0.5043,0,0,-0.5043,0.8635,0,0,0.3157,0,1]},
{"frame":85,"values":[1,0,0,0,0,0.8627,0.5056,0,0,-0.5056,0.8627,0,0,0.3157,0,1]},
{"frame":86,"values":[1,0,0,0,0,0.8631,0.505,0,0,-0.505,0.8631,0,0,0.3157,0,1]},
{"frame":87,"values":[1,0,0,0,0,0.8643,0.503,0,0,-0.503,0.8643,0,0,0.3157,0,1]},
{"frame":88,"values":[1,0,0,0,0,0.8663,0.4995,0,0,-0.4995,0.8663,0,0,0.3157,0,1]},
{"frame":89,"values":[1,0,0,0,0,0.8692,0.4945,0,0,-0.4945,0.8692,0,0,0.3157,0,1]},
{"frame":90,"values":[1,0,0,0,0,0.8729,0.4878,0,0,-0.4878,0.8729,0,0,0.3157,0,1]},
{"frame":91,"values":[1,0,0,0,0,0.8775,0.4796,0,0,-0.4796,0.8775,0,0,0.3157,0,1]},
{"frame":92,"values":[1,0,0,0,0,0.8828,0.4698,0,0,-0.4698,0.8828,0,0,0.3157,0,1]},
{"frame":93,"values":[1,0,0,0,0,0.8886,0.4587,0,0,-0.4587,0.8886,0,0,0.3157,0,1]},
{"frame":94,"values":[1,0,0,0,0,0.8947,0.4466,0,0,-0.4466,0.8947,0,0,0.3157,0,1]},
{"frame":95,"values":[1,0,0,0,0,0.9011,0.4336,0,0,-0.4336,0.9011,0,0,0.3157,0,1]},
{"frame":96,"values":[1,0,0,0,0,0.9075,0.4202,0,0,-0.4202,0.9075,0,0,0.3157,0,1]},
{"frame":97,"values":[1,0,0,0,0,0.9137,0.4065,0,0,-0.4065,0.9137,0,0,0.3157,0,1]},
{"frame":98,"values":[1,0,0,0,0,0.9196,0.3928,0,0,-0.3928,0.9196,0,0,0.3157,0,1]},
{"frame":99,"values":[1,0,0,0,0,0.9252,0.3794,0,0,-0.3794,0.9252,0,0,0.3157,0,1]},
{"frame":100,"values":[1,0,0,0,0,0.9305,0.3663,0,0,-0.3663,0.9305,0,0,0.3157,0,1]},
{"frame":101,"values":[1,0,0,0,0,0.936,0.3521,0,0,-0.3521,0.936,0,0,0.3157,0,1]},
{"frame":102,"values":[1,0,0,0,0,0.9421,0.3355,0,0,-0.3355,0.9421,0,0,0.3157,0,1]},
{"frame":103,"values":[1,0,0,0,0,0.9486,0.3164,0,0,-0.3164,0.9486,0,0,0.3157,0,1]},
{"frame":104,"values":[1,0,0,0,0,0.9554,0.2952,0,0,-0.2952,0.9554,0,0,0.3157,0,1]},
{"frame":105,"values":[1,0,0,0,0,0.9622,0.2723,0,0,-0.2723,0.9622,0,0,0.3157,0,1]},
{"frame":106,"values":[1,0,0,0,0,0.9687,0.2483,0,0,-0.2483,0.9687,0,0,0.3157,0,1]},
{"frame":107,"values":[1,0,0,0,0,0.9746,0.224,0,0,-0.224,0.9746,0,0,0.3157,0,1]},
{"frame":108,"values":[1,0,0,0,0,0.9797,0.2004,0,0,-0.2004,0.9797,0,0,0.3157,0,1]},
{"frame":109,"values":[1,0,0,0,0,0.984,0.1784,0,0,-0.1784,0.984,0,0,0.3157,0,1]},
{"frame":110,"values":[1,0,0,0,0,0.9873,0.1588,0,0,-0.1588,0.9873,0,0,0.3157,0,1]},
{"frame":111,"values":[1,0,0,0,0,0.9898,0.1423,0,0,-0.1423,0.9898,0,0,0.3157,0,1]},
{"frame":112,"values":[1,0,0,0,0,0.9916,0.1294,0,0,-0.1294,0.9916,0,0,0.3157,0,1]},
{"frame":113,"values":[1,0,0,0,0,0.9928,0.1202,0,0,-0.1202,0.9928,0,0,0.3157,0,1]},
{"frame":114,"values":[1,0,0,0,0,0.9934,0.1147,0,0,-0.1147,0.9934,0,0,0.3157,0,1]},
{"frame":115,"values":[1,0,0,0,0,0.9936,0.1129,0,0,-0.1129,0.9936,0,0,0.3157,0,1]},
{"frame":116,"values":[1,0,0,0,0,0.9933,0.1155,0,0,-0.1155,0.9933,0,0,0.3157,0,1]},
{"frame":117,"values":[1,0,0,0,0,0.9924,0.1232,0,0,-0.1232,0.9924,0,0,0.3157,0,1]},
{"frame":118,"values":[1,0,0,0,0,0.9907,0.136,0,0,-0.136,0.9907,0,0,0.3157,0,1]},
{"frame":119,"values":[1,0,0,0,0,0.9881,0.1536,0,0,-0.1536,0.9881,0,0,0.3157,0,1]},
{"frame":120,"values":[1,0,0,0,0,0.9845,0.1754,0,0,-0.1754,0.9845,0,0,0.3157,0,1]},
{"frame":121,"values":[1,0,0,0,0,0.9797,0.2006,0,0,-0.2006,0.9797,0,0,0.3157,0,1]},
{"frame":122,"values":[1,0,0,0,0,0.9737,0.2278,0,0,-0.2278,0.9737,0,0,0.3157,0,1]},
{"frame":123,"values":[1,0,0,0,0,0.9668,0.2555,0,0,-0.2555,0.9668,0,0,0.3157,0,1]},
{"frame":124,"values":[1,0,0,0,0,0.9593,0.2823,0,0,-0.2823,0.9593,0,0,0.3157,0,1]},
{"frame":125,"values":[1,0,0,0,0,0.9518,0.3068,0,0,-0.3068,0.9518,0,0,0.3157,0,1]},
{"frame":126,"values":[1,0,0,0,0,0.9447,0.3278,0,0,-0.3278,0.9447,0,0,0.3157,0,1]},
{"frame":127,"values":[1,0,0,0,0,0.9388,0.3446,0,0,-0.3446,0.9388,0,0,0.3157,0,1]},
{"frame":128,"values":[1,0,0,0,0,0.9342,0.3566,0,0,-0.3566,0.9342,0,0,0.3157,0,1]},
{"frame":129,"values":[1,0,0,0,0,0.9314,0.3639,0,0,-0.3639,0.9314,0,0,0.3157,0,1]},
{"frame":130,"values":[1,0,0,0,0,0.9305,0.3663,0,0,-0.3663,0.9305,0,0,0.3157,0,1]}]}}]
,"ranges":[{"name":"mari_lwydAction","from":0,"to":130}]}],
"meshes":[{"name":"cloak","id":"cloak","materialId":"cloak","billboardMode":0,"position":[-0.5,0,0],"rotation":[0,0,0],"scaling":[1,1,1],"isVisible":true,"isEnabled":true,"pickable":false,"skeletonId":0,"numBoneInfluencers":3
,"positions":[-0.3562,0.0056,0.174,-0.3597,0.0047,0.2463,-0.4003,0.0046,0.2532,-0.2014,0.0078,0.198,-0.1135,0.0045,0.2673,-0.1778,0.0046,0.2912,-0.1724,0.0464,0.102,-0.1493,0.0864,0.0541,-0.1146,0.0079,0.0981,-0.0468,0.1721,0.0356,-0.023,0.2114,0.0796,-0.0118,0.111,0.089,-0.0384,0.293,0.1725,-0.0923,0.3286,0.1983,-0.09,0.227,0.2031,-0.2361,0.3076,0.2056,-0.2322,0.2067,0.2152
,-0.1881,0.2462,0.2103,-0.2789,0.1345,0.3355,-0.3031,0.0352,0.3413,-0.3038,0.1233,0.2727,-0.1245,0.0075,-0.44,-0.0996,0.0815,-0.4621,-0.1628,0.0078,-0.4077,-0.0595,0.2541,-0.36,-0.0746,0.3502,-0.3298,-0.0821,0.2486,-0.3207,-0.1456,0.5392,-0.2902,-0.0539,0.5906,-0.2401,-0.0641,0.4882,-0.241,-0.1473,0.5829,-0.1583,-0.0894,0.5506,-0.158,-0.0866,0.4487,-0.1542,-0.0079,0.4834,-0.0976
,-0.0484,0.442,-0.0606,-0.0229,0.343,-0.0642,-0.1502,0.3573,-0.0576,-0.1987,0.3156,-0.0593,-0.1741,0.2164,-0.052,-0.2561,0.2299,-0.1427,-0.3078,0.1861,-0.1604,-0.2739,0.0887,-0.1657,-0.3379,0.0822,-0.0501,-0.2742,0.0079,0.0057,-0.3313,0.0046,-0.0111,0.0374,0.0042,-0.4253,0.0106,0.0741,-0.3656,-0.0243,0.0051,-0.4045,0.0397,0.2672,-0.4231,0.0208,0.3673,-0.4343,-0.0106,0.2697,-0.4471
,-0.0348,0.5575,-0.3792,-0.0533,0.6541,-0.3487,-0.0597,0.5529,-0.3415,-0.1057,0.8418,-0.2963,-0.032,0.8943,-0.2327,-0.0381,0.793,-0.2383,-0.1492,0.8879,-0.1661,-0.0886,0.8549,-0.1601,-0.0885,0.7535,-0.163,-0.0717,0.7822,-0.0687,-0.1193,0.7411,-0.0572,-0.0969,0.641,-0.063,-0.2157,0.656,-0.0806,-0.2467,0.6118,-0.1266,-0.2327,0.5138,-0.0985,-0.3391,0.5108,-0.0933,-0.3347,0.4158,-0.0511
,-0.3466,0.3674,-0.0853,-0.2952,0.2435,0.039,-0.3094,0.1546,0.0965,-0.2788,0.101,0.0467,0.1687,0.022,-0.347,0.1255,0.0681,-0.2627,0.1167,0.0078,-0.36,0.0697,0.2603,-0.2801,0.0782,0.3603,-0.2993,0.0842,0.2627,-0.3322,0.0906,0.5601,-0.3395,0.0825,0.6604,-0.3583,0.066,0.5629,-0.3885,0.0262,0.8573,-0.3586,-0.0026,0.9554,-0.347,-0.0227,0.8553,-0.3544,-0.0569,1.1441,-0.2859
,-0.0334,1.1984,-0.2137,-0.034,1.0974,-0.2197,-0.1525,1.1945,-0.1731,-0.1,1.1609,-0.1437,-0.0912,1.0599,-0.149,-0.1444,1.0818,-0.0623,-0.1953,1.0384,-0.079,-0.17,0.9399,-0.0635,-0.3032,0.9394,-0.0906,-0.3183,0.8463,-0.0448,-0.3191,0.7956,-0.0948,-0.283,0.6733,0.0383,-0.2592,0.5831,0.0891,-0.2921,0.5304,0.038,-0.2032,0.3861,0.09,-0.1853,0.2856,0.0808,-0.2216,0.2442,0.1136
,0.1858,0.3172,-0.2595,0.1451,0.3625,-0.1814,0.1266,0.2631,-0.1963,0.0701,0.5539,-0.1901,0.067,0.6539,-0.2115,0.0569,0.5561,-0.2409,0.0895,0.8533,-0.242,0.1059,0.9531,-0.26,0.1011,0.855,-0.2903,0.0817,1.1539,-0.2886,0.0553,1.2538,-0.292,0.0396,1.1541,-0.3147,0.0009,1.451,-0.2615,-0.0203,1.508,-0.2202,-0.0277,1.407,-0.2118,-0.1407,1.4987,-0.1696,-0.1394,1.4632,-0.1099
,-0.124,1.3628,-0.1196,-0.2403,1.3661,-0.0736,-0.2911,1.2761,-0.0472,-0.2633,1.224,-0.0804,-0.2408,1.1027,0.0324,-0.1949,1.0118,0.057,-0.2549,0.9598,0.0354,-0.1411,0.8125,0.0398,-0.125,0.7112,0.0348,-0.1672,0.6698,0.05,-0.0736,0.5115,0.0366,-0.0483,0.4131,0.0515,-0.0994,0.3692,0.029,0.2413,0.4718,-0.2282,0.2312,0.5047,-0.1545,0.2299,0.6057,-0.1669,0.1817,0.8045,-0.1963
,0.1846,0.9069,-0.1962,0.1046,0.8452,-0.1422,0.1829,1.1116,-0.1928,0.1785,1.2143,-0.1925,0.1068,1.1484,-0.1906,0.171,1.419,-0.1937,0.1743,1.5206,-0.1956,0.0994,1.4511,-0.2377,0.0315,1.6566,-0.2831,0.131,1.7316,-0.2452,0.0298,1.809,-0.2197,-0.1966,1.8041,-0.062,-0.258,1.7117,-0.0309,-0.2471,1.6566,-0.1064,-0.2302,1.5253,0.0557,-0.1414,1.4395,0.06,-0.2,1.3874,0.0215
,-0.1188,1.2382,0.0977,-0.106,1.1388,0.1168,-0.1075,1.0961,0.0637,-0.0768,0.8946,0.0896,-0.0979,0.9353,0.1407,-0.0867,0.8342,0.1406,-0.082,0.6313,0.159,-0.0833,0.5301,0.1703,-0.0295,0.4947,0.1548,0.1022,0.5379,-0.0742,0.1323,0.4991,-0.0361,0.1374,0.6001,-0.0344,0.1322,0.8401,-0.0474,0.1552,0.8026,-0.0245,0.1716,0.9032,-0.0213,0.2109,1.1046,-0.034,0.2273,1.2049,-0.0434
,0.1756,1.2468,-0.0409,0.2665,1.4052,-0.0773,0.2891,1.5041,-0.0481,0.2707,1.544,-0.0657,0.2762,1.7585,-0.0329,0.3061,1.6819,0.0537,0.2513,1.7779,0.0916,-0.0389,1.8481,0.1688,0.0333,1.797,0.2493,-0.0869,1.7269,0.2675,-0.1007,1.5112,0.2413,-0.1159,1.4114,0.2569,-0.1843,1.4647,0.2094,-0.1545,1.2109,0.2621,-0.1749,1.1111,0.2671,-0.201,1.1578,0.2178,-0.206,0.9553,0.1899
,-0.2169,0.9132,0.2521,-0.2414,0.818,0.2147,-0.1859,0.6511,0.1743,-0.2365,0.6157,0.1974,-0.2326,0.5144,0.1944,0.2596,0.3823,-0.0276,0.2723,0.4815,-0.0446,0.2332,0.5222,-0.0081,0.2892,0.6821,-0.0827,0.3007,0.782,-0.1004,0.268,0.8236,-0.0616,0.3496,0.9806,-0.0995,0.3676,1.0787,-0.0658,0.3201,1.1227,-0.0931,0.2969,1.2467,0.0189,0.2254,1.3148,0.0531,0.2867,1.3899,0.026
,0.2287,1.4294,0.1421,0.1824,1.4709,0.1441,0.2324,1.5708,0.1919,0.0987,1.4869,0.2517,0.0431,1.4262,0.2805,0.0128,1.526,0.2719,-0.0064,1.2267,0.2951,-0.0217,1.1264,0.2832,-0.0549,1.2243,0.2721,-0.0635,0.9268,0.2684,-0.082,0.827,0.2553,-0.1177,0.9235,0.2692,-0.1494,0.7219,0.2874,-0.1248,0.6271,0.25,-0.1615,0.5783,0.2992,-0.2245,0.4352,0.3244,-0.2382,0.3344,0.3286
,-0.2684,0.4253,0.2943,0.3483,0.2601,-0.1596,0.375,0.3594,-0.1552,0.3265,0.4006,-0.1367,0.4169,0.5546,-0.1014,0.4154,0.6498,-0.0582,0.3971,0.6973,-0.1027,0.3376,0.8169,0.0117,0.2639,0.8841,0.0653,0.3239,0.9601,0.011,0.2984,1.0038,0.1455,0.2528,1.0481,0.1738,0.2766,1.1461,0.1449,0.1636,1.1334,0.1187,0.1152,1.1704,0.1391,0.1315,1.2715,0.1344,0.1078,1.1817,0.2425
,0.1159,1.1264,0.2945,0.095,1.2265,0.2929,0.0697,0.9305,0.3384,0.0442,0.831,0.3409,0.0206,0.9297,0.325,0.0039,0.6313,0.3215,-0.0128,0.5318,0.3062,-0.0327,0.6305,0.2859,-0.0559,0.3328,0.2902,-0.1068,0.277,0.2922,-0.1215,0.3778,0.2934,-0.1373,0.1418,0.3698,-0.1536,0.0426,0.3899,-0.1833,0.1396,0.3689,0.4325,0.1246,-0.0928,0.4377,0.22,-0.0495,0.4419,0.2681,-0.0941
,0.3566,0.3851,0.0014,0.2923,0.4545,0.0627,0.3423,0.5285,0.0039,0.3597,0.5755,0.1411,0.3356,0.6226,0.187,0.3416,0.719,0.1463,0.2357,0.7071,0.182,0.1977,0.748,0.1454,0.2085,0.848,0.1626,0.1094,0.829,0.097,0.0746,0.8641,0.1414,0.0865,0.9671,0.1363,0.0927,0.8776,0.2414,0.1634,0.8247,0.2684,0.1516,0.9254,0.279,0.1474,0.633,0.3461,0.1248,0.5348,0.3663
,0.0971,0.6335,0.3614,0.0766,0.336,0.3685,0.0559,0.2364,0.3594,0.0291,0.3349,0.349,0.0209,0.0375,0.3283,-0.0158,0.006,0.3612,-0.0691,0.0766,0.2922,0.4025,0.0076,-0.0229,0.3468,0.028,0.0378,0.3474,0.0984,-0.0014,0.3877,0.1462,0.1215,0.4025,0.1962,0.1728,0.3845,0.2895,0.1287,0.3165,0.2836,0.2215,0.2674,0.3255,0.2031,0.2895,0.4245,0.2133,0.1926,0.4068,0.1358
