{"producer":{"name":"Blender","version":"2.76 (sub 0)","exporter_version":"5.2.0","file":"venom_jokerrr_simple1.babylon"},
"autoClear":true,"clearColor":[0.0509,0.0509,0.0509],"ambientColor":[0,0,0],"gravity":[0,-9.81,0],
"materials":[{"name":"venom_jokerrr_simple1.Venom_Joker_Skin","id":"venom_jokerrr_simple1.Venom_Joker_Skin","ambient":[0,0,0],"diffuse":[0.8,0.8,0.8],"specular":[1,1,1],"emissive":[0,0,0],"specularPower":64,"alpha":1,"backFaceCulling":true,"checkReadyOnlyOnce":false,"maxSimultaneousLights":4, 
"bumpTexture":{"name":"venom_jokerrr_simple1_Venom_Joker_Skin_NORMALS.jpg","level":1,"hasAlpha":0,"coordinatesMode":0,"uOffset":0,"vOffset":0,"uScale":1,"vScale":1,"uAng":0,"vAng":0,"wAng":0,"wrapU":0,"wrapV":0,"coordinatesIndex":0}}],
"multiMaterials":[],
"skeletons":[{"name":"Armature","id":0,"dimensionsAtRest":[2.9614,2.889,1.0257],"bones":[
{"name":"Bone","index":0,"matrix":[1,0,0,0,0,1,0,0,0,0,-1,0,-0.1119,1.6681,-0.3369,1],"rest":[1,0,0,0,0,1,0,0,0,0,-1,0,-0.1119,1.6681,-0.3369,1],"parentBoneIndex":-1,"length":0.25
,"animation":{"dataType":3,"framePerSecond":24,"keys":[
{"frame":0,"values":[1,0,0,0,0,1,0,0,0,0,-1,0,-0.1119,1.6681,-0.3369,1]},
{"frame":19,"values":[1,0,0,0,0,1,0,0,0,0,-1,0,-0.1119,1.6681,-0.3369,1]}],"loopBehavior":1,"name":"anim","property":"_matrix"}},
{"name":"Bone.002","index":1,"matrix":[1,0,0,0,0,1,0,0,0,0,1,0,0,0.25,0,1],"rest":[1,0,0,0,0,1,0,0,0,0,1,0,0,0.25,0,1],"parentBoneIndex":0,"length":0.25
,"animation":{"dataType":3,"framePerSecond":24,"keys":[
{"frame":0,"values":[1,0,0,0,0,1,0,0,0,0,1,0,0,0.25,0,1]},
{"frame":19,"values":[1,0,0,0,0,1,0,0,0,0,1,0,0,0.25,0,1]}],"loopBehavior":1,"name":"anim","property":"_matrix"}},
{"name":"Bone.001","index":2,"matrix":[1,0,0,0,0,1,0,0,0,0,1,0,0,0.25,0,1],"rest":[1,0,0,0,0,1,0,0,0,0,1,0,0,0.25,0,1],"parentBoneIndex":1,"length":0.25
,"animation":{"dataType":3,"framePerSecond":24,"keys":[
{"frame":0,"values":[1,0,0,0,0,1,0,0,0,0,1,0,0,0.25,0,1]},
{"frame":19,"values":[1,0,0,0,0,1,0,0,0,0,1,0,0,0.25,0,1]}],"loopBehavior":1,"name":"anim","property":"_matrix"}},
{"name":"Bone.003","index":3,"matrix":[1,0,0,0,0,0.9994,0.0353,0,0,-0.0353,0.9994,0,0,0.25,0,1],"rest":[1,0,0,0,0,0.9994,0.0353,0,0,-0.0353,0.9994,0,0,0.25,0,1],"parentBoneIndex":2,"length":0.2169
,"animation":{"dataType":3,"framePerSecond":24,"keys":[
{"frame":0,"values":[1,0,0,0,0,0.9994,0.0353,0,0,-0.0353,0.9994,0,0,0.25,0,1]},
{"frame":19,"values":[1,0,0,0,0,0.9994,0.0353,0,0,-0.0353,0.9994,0,0,0.25,0,1]}],"loopBehavior":1,"name":"anim","property":"_matrix"}},
{"name":"Bone.004","index":4,"matrix":[-1,0,0,0,0,0.3596,0.9331,0,0,0.9331,-0.3596,0,0,0.2169,0,1],"rest":[-1,0,0,0,0,0.3596,0.9331,0,0,0.9331,-0.3596,0,0,0.2169,0,1],"parentBoneIndex":3,"length":0.2015
,"animation":{"dataType":3,"framePerSecond":24,"keys":[
{"frame":0,"values":[-1,0,0,0,0,0.3596,0.9331,0,0,0.9331,-0.3596,0,0,0.2169,0,1]},
{"frame":19,"values":[-1,0,0,0,0,0.3596,0.9331,0,0,0.9331,-0.3596,0,0,0.2169,0,1]}],"loopBehavior":1,"name":"anim","property":"_matrix"}},
{"name":"Bone.005","index":5,"matrix":[0.9787,-0.0442,0.2003,0,0.0099,0.9856,0.1689,0,-0.2049,-0.1633,0.9651,0,0,0.2015,0,1],"rest":[1,0,0,0,0,1,0,0,0,0,1,0,0,0.2015,0,1],"parentBoneIndex":4,"length":0.2015
,"animation":{"dataType":3,"framePerSecond":24,"keys":[
{"frame":0,"values":[0.9787,-0.0442,0.2003,0,0.0099,0.9856,0.1689,0,-0.2049,-0.1633,0.9651,0,0,0.2015,0,1]},
{"frame":19,"values":[0.9787,-0.0442,0.2003,0,0.0099,0.9856,0.1689,0,-0.2049,-0.1633,0.9651,0,0,0.2015,0,1]}],"loopBehavior":1,"name":"anim","property":"_matrix"}},
{"name":"Bone.006","index":6,"matrix":[1,0,0,0,0,0.9452,-0.3264,0,0,0.3264,0.9452,0,0,0.2015,0,1],"rest":[1,0,0,0,0,0.9452,-0.3264,0,0,0.3264,0.9452,0,0,0.2015,0,1],"parentBoneIndex":5,"length":0.0955
,"animation":{"dataType":3,"framePerSecond":24,"keys":[
{"frame":0,"values":[1,0,0,0,0,0.9452,-0.3264,0,0,0.3264,0.9452,0,0,0.2015,0,1]},
{"frame":19,"values":[1,0,0,0,0,0.9452,-0.3264,0,0,0.3264,0.9452,0,0,0.2015,0,1]}],"loopBehavior":1,"name":"anim","property":"_matrix"}},
{"name":"Bone.007","index":7,"matrix":[0.9502,0.1776,-0.256,0,-0.0911,0.9441,0.3168,0,0.2979,-0.2777,0.9133,0,0,0.0955,0,1],"rest":[1,0,0,0,0,0.9368,0.3499,0,0,-0.3499,0.9368,0,0,0.0955,0,1],"parentBoneIndex":6,"length":0.1899
,"animation":{"dataType":3,"framePerSecond":24,"keys":[
{"frame":0,"values":[0.9502,0.1776,-0.256,0,-0.0911,0.9441,0.3168,0,0.2979,-0.2777,0.9133,0,0,0.0955,0,1]},
{"frame":19,"values":[0.9502,0.1776,-0.256,0,-0.0911,0.9441,0.3168,0,0.2979,-0.2777,0.9133,0,0,0.0955,0,1]}],"loopBehavior":1,"name":"anim","property":"_matrix"}},
{"name":"Bone.008","index":8,"matrix":[0,-0.9452,0.3264,0,0.9901,-0.0458,-0.1327,0,0.1404,0.3232,0.9359,0,0,0.2015,0,1],"rest":[0,-0.9452,0.3264,0,0.9901,-0.0458,-0.1327,0,0.1404,0.3232,0.9359,0,0,0.2015,0,1],"parentBoneIndex":4,"length":0.4998
,"animation":{"dataType":3,"framePerSecond":24,"keys":[
{"frame":0,"values":[0,-0.9452,0.3264,0,0.9901,-0.0458,-0.1327,0,0.1404,0.3232,0.9359,0,0,0.2015,0,1]},
{"frame":19,"values":[0,-0.9452,0.3264,0,0.9901,-0.0458,-0.1327,0,0.1404,0.3232,0.9359,0,0,0.2015,0,1]}],"loopBehavior":1,"name":"anim","property":"_matrix"}},
{"name":"Bone.009","index":9,"matrix":[0.9863,-0.1651,0.0075,0,0.1652,0.9858,-0.0312,0,-0.0023,0.0321,0.9995,0,0,0.4998,0,1],"rest":[0.9856,-0.084,0.1469,0,0.1606,0.7388,-0.6545,0,-0.0536,0.6687,0.7416,0,0,0.4998,0,1],"parentBoneIndex":8,"length":0.5865
,"animation":{"dataType":3,"framePerSecond":24,"keys":[
{"frame":0,"values":[0.9863,-0.1651,0.0075,0,0.1652,0.9858,-0.0312,0,-0.0023,0.0321,0.9995,0,0,0.4998,0,1]},
{"frame":19,"values":[0.9863,-0.1651,0.0075,0,0.1652,0.9858,-0.0312,0,-0.0023,0.0321,0.9995,0,0,0.4998,0,1]}],"loopBehavior":1,"name":"anim","property":"_matrix"}},
{"name":"Bone.010","index":10,"matrix":[0.9809,0.1651,0.1026,0,0.0417,0.3371,-0.9406,0,-0.1898,0.9269,0.3237,0,0,0.5865,0,1],"rest":[0.9951,0.0828,-0.054,0,-0.0827,0.9966,0.0041,0,0.0542,0.0004,0.9985,0,0,0.5865,0,1],"parentBoneIndex":9,"length":0.6066
,"animation":{"dataType":3,"framePerSecond":24,"keys":[
{"frame":0,"values":[0.9809,0.1651,0.1026,0,0.0417,0.3371,-0.9406,0,-0.1898,0.9269,0.3237,0,0,0.5865,0,1]},
{"frame":11,"values":[0.982,0.1602,0.1001,0,0.0341,0.3706,-0.9282,0,-0.1858,0.9149,0.3585,0,0,0.5865,0,1]},
{"frame":12,"values":[0.9851,0.1458,0.0911,0,0.0119,0.4708,-0.8822,0,-0.1715,0.8701,0.4621,0,0,0.5865,0,1]},
{"frame":13,"values":[0.9896,0.1242,0.0724,0,-0.0214,0.6256,-0.7799,0,-0.1421,0.7702,0.6217,0,0,0.5865,0,1]},
{"frame":14,"values":[0.994,0.1014,0.0419,0,-0.056,0.7969,-0.6015,0,-0.0944,0.5955,0.7978,0,0,0.5865,0,1]},
{"frame":15,"values":[0.9963,0.0859,0.0029,0,-0.079,0.9287,-0.3623,0,-0.0338,0.3607,0.9321,0,0,0.5865,0,1]},
{"frame":16,"values":[0.9961,0.0813,-0.0352,0,-0.0849,0.9891,-0.12,0,0.025,0.1225,0.9922,0,0,0.5865,0,1]},
{"frame":17,"values":[0.9944,0.084,-0.0639,0,-0.0796,0.9945,0.0683,0,0.0693,-0.0629,0.9956,0,0,0.5865,0,1]},
{"frame":18,"values":[0.9928,0.0882,-0.0806,0,-0.0725,0.981,0.1798,0,0.0949,-0.1727,0.9804,0,0,0.5865,0,1]},
{"frame":19,"values":[0.9922,0.0899,-0.0859,0,-0.0696,0.974,0.2155,0,0.103,-0.2079,0.9727,0,0,0.5865,0,1]}],"loopBehavior":1,"name":"anim","property":"_matrix"}},
{"name":"Bone.011","index":11,"matrix":[0.9989,0.0415,0.0196,0,-0.038,0.9873,-0.1546,0,-0.0258,0.1536,0.9878,0,0,0.6066,0,1],"rest":[0.9992,-0.0155,0.0382,0,0.0226,0.9809,-0.1931,0,-0.0345,0.1938,0.9804,0,0,0.6066,0,1],"parentBoneIndex":10,"length":0.1718
,"animation":{"dataType":3,"framePerSecond":24,"keys":[
{"frame":0,"values":[0.9989,0.0415,0.0196,0,-0.038,0.9873,-0.1546,0,-0.0258,0.1536,0.9878,0,0,0.6066,0,1]},
{"frame":19,"values":[0.9989,0.0415,0.0196,0,-0.038,0.9873,-0.1546,0,-0.0258,0.1536,0.9878,0,0,0.6066,0,1]}],"loopBehavior":1,"name":"anim","property":"_matrix"}},
{"name":"Bone.016","index":12,"matrix":[-0.6347,0.3379,0.695,0,-0.7678,-0.1742,-0.6165,0,-0.0872,-0.9249,0.37,0,0,0.1718,0,1],"rest":[-0.6347,0.3379,0.695,0,-0.7678,-0.1742,-0.6165,0,-0.0872,-0.9249,0.37,0,0,0.1718,0,1],"parentBoneIndex":11,"length":0.1818
,"animation":{"dataType":3,"framePerSecond":24,"keys":[
{"frame":0,"values":[-0.6347,0.3379,0.695,0,-0.7678,-0.1742,-0.6165,0,-0.0872,-0.9249,0.37,0,0,0.1718,0,1]},
{"frame":19,"values":[-0.6347,0.3379,0.695,0,-0.7678,-0.1742,-0.6165,0,-0.0872,-0.9249,0.37,0,0,0.1719,0,1]}],"loopBehavior":1,"name":"anim","property":"_matrix"}},
{"name":"Bone.027","index":13,"matrix":[0.7685,-0.6376,-0.0538,0,0.218,0.3399,-0.9149,0,0.6016,0.6913,0.4002,0,0,0.1818,0,1],"rest":[0.7685,-0.6376,-0.0538,0,0.218,0.3399,-0.9149,0,0.6016,0.6913,0.4002,0,0,0.1818,0,1],"parentBoneIndex":12,"length":0.1153
,"animation":{"dataType":3,"framePerSecond":24,"keys":[
{"frame":0,"values":[0.7685,-0.6376,-0.0538,0,0.218,0.3399,-0.9149,0,0.6016,0.6913,0.4002,0,0,0.1818,0,1]},
{"frame":19,"values":[0.7685,-0.6376,-0.0538,0,0.218,0.3399,-0.9149,0,0.6016,0.6913,0.4002,0,0,0.1818,0,1]}],"loopBehavior":1,"name":"anim","property":"_matrix"}},
{"name":"Bone.028","index":14,"matrix":[0.9903,-0.1255,0.0603,0,0.1391,0.9102,-0.3901,0,-0.006,0.3947,0.9188,0,0,0.1153,0,1],"rest":[0.9903,-0.1255,0.0603,0,0.1391,0.9102,-0.3901,0,-0.006,0.3947,0.9188,0,0,0.1153,0,1],"parentBoneIndex":13,"length":0.3136
,"animation":{"dataType":3,"framePerSecond":24,"keys":[
{"frame":0,"values":[0.9903,-0.1255,0.0603,0,0.1391,0.9102,-0.3901,0,-0.006,0.3947,0.9188,0,0,0.1153,0,1]},
{"frame":19,"values":[0.9903,-0.1255,0.0603,0,0.1391,0.9102,-0.3901,0,-0.006,0.3947,0.9188,0,0,0.1153,0,1]}],"loopBehavior":1,"name":"anim","property":"_matrix"}},
{"name":"Bone.029","index":15,"matrix":[0.1696,-0.189,-0.9672,0,-0.9005,0.369,-0.23,0,0.4004,0.91,-0.1076,0,0,0.1718,0,1],"rest":[0.1696,-0.189,-0.9672,0,-0.9005,0.369,-0.23,0,0.4004,0.91,-0.1076,0,0,0.1718,0,1],"parentBoneIndex":11,"length":0.1144
,"animation":{"dataType":3,"framePerSecond":24,"keys":[
{"frame":0,"values":[0.1696,-0.189,-0.9672,0,-0.9005,0.369,-0.23,0,0.4004,0.91,-0.1076,0,0,0.1718,0,1]},
{"frame":19,"values":[0.1696,-0.189,-0.9672,0,-0.9005,0.369,-0.23,0,0.4004,0.91,-0.1076,0,0,0.1719,0,1]}],"loopBehavior":1,"name":"anim","property":"_matrix"}},
{"name":"Bone.030","index":16,"matrix":[-0.9766,-0.2123,-0.0345,0,-0.1337,0.4735,0.8706,0,-0.1685,0.8548,-0.4908,0,0,0.1144,0,1],"rest":[-0.9766,-0.2123,-0.0345,0,-0.1337,0.4735,0.8706,0,-0.1685,0.8548,-0.4908,0,0,0.1144,0,1],"parentBoneIndex":15,"length":0.1744
,"animation":{"dataType":3,"framePerSecond":24,"keys":[
{"frame":0,"values":[-0.9766,-0.2123,-0.0345,0,-0.1337,0.4735,0.8706,0,-0.1685,0.8548,-0.4908,0,0,0.1144,0,1]},
{"frame":19,"values":[-0.9766,-0.2123,-0.0345,0,-0.1337,0.4735,0.8706,0,-0.1685,0.8548,-0.4908,0,0,0.1144,0,1]}],"loopBehavior":1,"name":"anim","property":"_matrix"}},
{"name":"Bone.031","index":17,"matrix":[0.9545,0.2983,0,0,-0.2983,0.9545,0,0,0,0,1,0,0,0.1744,0,1],"rest":[0.9545,0.2983,0,0,-0.2983,0.9545,0,0,0,0,1,0,0,0.1744,0,1],"parentBoneIndex":16,"length":0.1668
,"animation":{"dataType":3,"framePerSecond":24,"keys":[
{"frame":0,"values":[0.9545,0.2983,0,0,-0.2983,0.9545,0,0,0,0,1,0,0,0.1744,0,1]},
{"frame":19,"values":[0.9545,0.2983,0,0,-0.2983,0.9545,0,0,0,0,1,0,0,0.1744,0,1]}],"loopBehavior":1,"name":"anim","property":"_matrix"}},
{"name":"Bone.032","index":18,"matrix":[0.9649,0.2627,0,0,-0.2584,0.949,-0.1805,0,-0.0474,0.1742,0.9836,0,0,0.1668,0,1],"rest":[0.9649,0.2627,0,0,-0.2584,0.949,-0.1805,0,-0.0474,0.1742,0.9836,0,0,0.1668,0,1],"parentBoneIndex":17,"length":0.3373
,"animation":{"dataType":3,"framePerSecond":24,"keys":[
{"frame":0,"values":[0.9649,0.2627,0,0,-0.2584,0.949,-0.1805,0,-0.0474,0.1742,0.9836,0,0,0.1668,0,1]},
{"frame":19,"values":[0.9649,0.2627,0,0,-0.2584,0.949,-0.1805,0,-0.0474,0.1742,0.9836,0,0,0.1668,0,1]}],"loopBehavior":1,"name":"anim","property":"_matrix"}},
{"name":"Bone.033","index":19,"matrix":[-0.0316,0.4851,0.8739,0,-0.6198,0.6764,-0.3978,0,-0.7841,-0.5543,0.2793,0,0,0.1718,0,1],"rest":[-0.0316,0.4851,0.8739,0,-0.6198,0.6764,-0.3978,0,-0.7841,-0.5543,0.2793,0,0,0.1718,0,1],"parentBoneIndex":11,"length":0.0634
,"animation":{"dataType":3,"framePerSecond":24,"keys":[
{"frame":0,"values":[-0.0316,0.4851,0.8739,0,-0.6198,0.6764,-0.3978,0,-0.7841,-0.5543,0.2793,0,0,0.1718,0,1]},
{"frame":19,"values":[-0.0316,0.4851,0.8739,0,-0.6198,0.6764,-0.3978,0,-0.7841,-0.5543,0.2793,0,0,0.1719,0,1]}],"loopBehavior":1,"name":"anim","property":"_matrix"}},
{"name":"Bone.034","index":20,"matrix":[0.7433,-0.4771,0.4689,0,0.6656,0.5973,-0.4473,0,-0.0667,0.6446,0.7616,0,0,0.0634,0,1],"rest":[0.7433,-0.4771,0.4689,0,0.6656,0.5973,-0.4473,0,-0.0667,0.6446,0.7616,0,0,0.0634,0,1],"parentBoneIndex":19,"length":0.2073
,"animation":{"dataType":3,"framePerSecond":24,"keys":[
{"frame":0,"values":[0.7433,-0.4771,0.4689,0,0.6656,0.5973,-0.4473,0,-0.0667,0.6446,0.7616,0,0,0.0634,0,1]},
{"frame":19,"values":[0.7433,-0.4771,0.4689,0,0.6656,0.5973,-0.4473,0,-0.0667,0.6446,0.7616,0,0,0.0634,0,1]}],"loopBehavior":1,"name":"anim","property":"_matrix"}},
{"name":"Bone.035","index":21,"matrix":[0.8005,0.5966,-0.0574,0,-0.5993,0.7986,-0.0557,0,0.0126,0.0791,0.9968,0,0,0.2073,0,1],"rest":[0.8005,0.5966,-0.0575,0,-0.5993,0.7986,-0.0557,0,0.0126,0.0791,0.9968,0,0,0.2073,0,1],"parentBoneIndex":20,"length":0.1611
,"animation":{"dataType":3,"framePerSecond":24,"keys":[
{"frame":0,"values":[0.8005,0.5966,-0.0574,0,-0.5993,0.7986,-0.0557,0,0.0126,0.0791,0.9968,0,0,0.2073,0,1]},
{"frame":19,"values":[0.8005,0.5966,-0.0574,0,-0.5993,0.7986,-0.0557,0,0.0126,0.0791,0.9968,0,0,0.2073,0,1]}],"loopBehavior":1,"name":"anim","property":"_matrix"}},
{"name":"Bone.036","index":22,"matrix":[0.9678,0.2515,-0.0072,0,-0.2512,0.9643,-0.0841,0,-0.0142,0.0832,0.9964,0,0,0.1611,0,1],"rest":[0.9678,0.2515,-0.0072,0,-0.2512,0.9643,-0.0841,0,-0.0142,0.0832,0.9964,0,0,0.1611,0,1],"parentBoneIndex":21,"length":0.4121
,"animation":{"dataType":3,"framePerSecond":24,"keys":[
{"frame":0,"values":[0.9678,0.2515,-0.0072,0,-0.2512,0.9643,-0.0841,0,-0.0142,0.0832,0.9964,0,0,0.1611,0,1]},
{"frame":19,"values":[0.9678,0.2515,-0.0072,0,-0.2512,0.9643,-0.0841,0,-0.0142,0.0832,0.9964,0,0,0.1611,0,1]}],"loopBehavior":1,"name":"anim","property":"_matrix"}},
{"name":"Bone.037","index":23,"matrix":[0.0316,-0.4851,-0.8739,0,0.7647,0.5748,-0.2914,0,0.6437,-0.659,0.3891,0,0,0.1718,0,1],"rest":[0.0316,-0.4851,-0.8739,0,0.7647,0.5748,-0.2914,0,0.6437,-0.659,0.3891,0,0,0.1718,0,1],"parentBoneIndex":11,"length":0.0548
,"animation":{"dataType":3,"framePerSecond":24,"keys":[
{"frame":0,"values":[0.0316,-0.4851,-0.8739,0,0.7647,0.5748,-0.2914,0,0.6437,-0.659,0.3891,0,0,0.1718,0,1]},
{"frame":19,"values":[0.0316,-0.4851,-0.8739,0,0.7647,0.5748,-0.2914,0,0.6437,-0.659,0.3891,0,0,0.1719,0,1]}],"loopBehavior":1,"name":"anim","property":"_matrix"}},
{"name":"Bone.038","index":24,"matrix":[-0.7099,-0.5763,0.4048,0,-0.6957,0.4845,-0.5303,0,0.1095,-0.6581,-0.7449,0,0,0.0548,0,1],"rest":[-0.7099,-0.5763,0.4048,0,-0.6957,0.4845,-0.5303,0,0.1095,-0.6581,-0.7449,0,0,0.0548,0,1],"parentBoneIndex":23,"length":0.2138
,"animation":{"dataType":3,"framePerSecond":24,"keys":[
{"frame":0,"values":[-0.7099,-0.5763,0.4048,0,-0.6957,0.4845,-0.5303,0,0.1095,-0.6581,-0.7449,0,0,0.0548,0,1]},
{"frame":19,"values":[-0.7099,-0.5763,0.4048,0,-0.6957,0.4845,-0.5303,0,0.1095,-0.6581,-0.7449,0,0,0.0548,0,1]}],"loopBehavior":1,"name":"anim","property":"_matrix"}},
{"name":"Bone.039","index":25,"matrix":[0.7099,0.6957,-0.1095,0,-0.7029,0.7096,-0.0485,0,0.044,0.1114,0.9928,0,0,0.2138,0,1],"rest":[0.7099,0.6957,-0.1095,0,-0.7029,0.7096,-0.0485,0,0.044,0.1114,0.9928,0,0,0.2138,0,1],"parentBoneIndex":24,"length":0.1257
,"animation":{"dataType":3,"framePerSecond":24,"keys":[
{"frame":0,"values":[0.7099,0.6957,-0.1095,0,-0.7029,0.7096,-0.0485,0,0.044,0.1114,0.9928,0,0,0.2138,0,1]},
{"frame":19,"values":[0.7099,0.6957,-0.1095,0,-0.7029,0.7096,-0.0485,0,0.044,0.1114,0.9928,0,0,0.2138,0,1]}],"loopBehavior":1,"name":"anim","property":"_matrix"}},
{"name":"Bone.040","index":26,"matrix":[0.9942,0.1068,0.0087,0,-0.107,0.9938,0.029,0,-0.0055,-0.0298,0.9995,0,0,0.1257,0,1],"rest":[0.9942,0.1068,0.0087,0,-0.107,0.9938,0.029,0,-0.0055,-0.0298,0.9995,0,0,0.1257,0,1],"parentBoneIndex":25,"length":0.3707
,"animation":{"dataType":3,"framePerSecond":24,"keys":[
{"frame":0,"values":[0.9942,0.1068,0.0087,0,-0.107,0.9938,0.029,0,-0.0055,-0.0298,0.9995,0,0,0.1257,0,1]},
{"frame":19,"values":[0.9942,0.1068,0.0087,0,-0.107,0.9938,0.029,0,-0.0055,-0.0298,0.9995,0,0,0.1257,0,1]}],"loopBehavior":1,"name":"anim","property":"_matrix"}},
{"name":"Bone.041","index":27,"matrix":[0.0316,-0.4851,-0.8739,0,0.9517,0.2818,-0.122,0,0.3055,-0.8278,0.4705,0,0,0.1718,0,1],"rest":[0.0316,-0.4851,-0.8739,0,0.9517,0.2818,-0.122,0,0.3055,-0.8278,0.4705,0,0,0.1718,0,1],"parentBoneIndex":11,"length":0.1025
,"animation":{"dataType":3,"framePerSecond":24,"keys":[
{"frame":0,"values":[0.0316,-0.4851,-0.8739,0,0.9517,0.2818,-0.122,0,0.3055,-0.8278,0.4705,0,0,0.1718,0,1]},
{"frame":19,"values":[0.0316,-0.4851,-0.8739,0,0.9517,0.2818,-0.122,0,0.3055,-0.8278,0.4705,0,0,0.1719,0,1]}],"loopBehavior":1,"name":"anim","property":"_matrix"}},
{"name":"Bone.042","index":28,"matrix":[-0.6196,-0.5203,0.5876,0,-0.7845,0.3885,-0.4832,0,0.0231,-0.7605,-0.649,0,0,0.1025,0,1],"rest":[-0.6196,-0.5203,0.5876,0,-0.7845,0.3885,-0.4832,0,0.0231,-0.7605,-0.649,0,0,0.1025,0,1],"parentBoneIndex":27,"length":0.1632
,"animation":{"dataType":3,"framePerSecond":24,"keys":[
{"frame":0,"values":[-0.6196,-0.5203,0.5876,0,-0.7845,0.3885,-0.4832,0,0.0231,-0.7605,-0.649,0,0,0.1025,0,1]},
{"frame":19,"values":[-0.6196,-0.5203,0.5876,0,-0.7845,0.3885,-0.4832,0,0.0231,-0.7605,-0.649,0,0,0.1025,0,1]}],"loopBehavior":1,"name":"anim","property":"_matrix"}},
{"name":"Bone.043","index":29,"matrix":[0.6196,0.7845,-0.0231,0,-0.7678,0.612,0.1893,0,0.1627,-0.0995,0.9816,0,0,0.1632,0,1],"rest":[0.6196,0.7845,-0.0231,0,-0.7678,0.612,0.1893,0,0.1627,-0.0995,0.9816,0,0,0.1632,0,1],"parentBoneIndex":28,"length":0.1578
,"animation":{"dataType":3,"framePerSecond":24,"keys":[
{"frame":0,"values":[0.6196,0.7845,-0.0231,0,-0.7678,0.612,0.1893,0,0.1627,-0.0995,0.9816,0,0,0.1632,0,1]},
{"frame":19,"values":[0.6196,0.7845,-0.0231,0,-0.7678,0.612,0.1893,0,0.1627,-0.0995,0.9816,0,0,0.1632,0,1]}],"loopBehavior":1,"name":"anim","property":"_matrix"}},
{"name":"Bone.044","index":30,"matrix":[1,0,0,0,0,0.9985,0.0554,0,0,-0.0554,0.9985,0,0,0.1578,0,1],"rest":[1,0,0,0,0,0.9985,0.0554,0,0,-0.0554,0.9985,0,0,0.1578,0,1],"parentBoneIndex":29,"length":0.2259
,"animation":{"dataType":3,"framePerSecond":24,"keys":[
{"frame":0,"values":[1,0,0,0,0,0.9985,0.0554,0,0,-0.0554,0.9985,0,0,0.1578,0,1]},
{"frame":19,"values":[1,0,0,0,0,0.9985,0.0554,0,0,-0.0554,0.9985,0,0,0.1578,0,1]}],"loopBehavior":1,"name":"anim","property":"_matrix"}},
{"name":"Bone.012","index":31,"matrix":[0,0.9452,-0.3264,0,-0.981,-0.0633,-0.1832,0,-0.1939,0.3202,0.9273,0,0,0.2015,0,1],"rest":[0,0.9452,-0.3264,0,-0.981,-0.0633,-0.1832,0,-0.1939,0.3202,0.9273,0,0,0.2015,0,1],"parentBoneIndex":4,"length":0.5296
,"animation":{"dataType":3,"framePerSecond":24,"keys":[
{"frame":0,"values":[0,0.9452,-0.3264,0,-0.981,-0.0633,-0.1832,0,-0.1939,0.3202,0.9273,0,0,0.2015,0,1]},
{"frame":19,"values":[0,0.9452,-0.3264,0,-0.981,-0.0633,-0.1832,0,-0.1939,0.3202,0.9273,0,0,0.2015,0,1]}],"loopBehavior":1,"name":"anim","property":"_matrix"}},
{"name":"Bone.013","index":32,"matrix":[0,-0.5871,-0.8095,0,-0.1904,0.7947,-0.5763,0,0.9817,0.1541,-0.1118,0,0,0.5296,0,1],"rest":[0,-0.5871,-0.8095,0,-0.1904,0.7947,-0.5763,0,0.9817,0.1541,-0.1118,0,0,0.5296,0,1],"parentBoneIndex":31,"length":0.599
,"animation":{"dataType":3,"framePerSecond":24,"keys":[
{"frame":0,"values":[0,-0.5871,-0.8095,0,-0.1904,0.7947,-0.5763,0,0.9817,0.1541,-0.1118,0,0,0.5296,0,1]},
{"frame":19,"values":[0,-0.5871,-0.8095,0,-0.1904,0.7947,-0.5763,0,0.9817,0.1541,-0.1118,0,0,0.5296,0,1]}],"loopBehavior":1,"name":"anim","property":"_matrix"}},
{"name":"Bone.014","index":33,"matrix":[0,-0.1904,0.9817,0,0.1055,0.9762,0.1893,0,-0.9944,0.1036,0.0201,0,0,0.599,0,1],"rest":[0,-0.1904,0.9817,0,0.1055,0.9762,0.1893,0,-0.9944,0.1036,0.0201,0,0,0.599,0,1],"parentBoneIndex":32,"length":0.5525
,"animation":{"dataType":3,"framePerSecond":24,"keys":[
{"frame":0,"values":[0,-0.1904,0.9817,0,0.1055,0.9762,0.1893,0,-0.9944,0.1036,0.0201,0,0,0.599,0,1]},
{"frame":19,"values":[0,-0.1904,0.9817,0,0.1055,0.9762,0.1893,0,-0.9944,0.1036,0.0201,0,0,0.599,0,1]}],"loopBehavior":1,"name":"anim","property":"_matrix"}},
{"name":"Bone.015","index":34,"matrix":[1,0,0,0,0,0.9809,0.1947,0,0,-0.1947,0.9809,0,0,0.5525,0,1],"rest":[1,0,0,0,0,0.9809,0.1947,0,0,-0.1947,0.9809,0,0,0.5525,0,1],"parentBoneIndex":33,"length":0.1266
,"animation":{"dataType":3,"framePerSecond":24,"keys":[
{"frame":0,"values":[1,0,0,0,0,0.9809,0.1947,0,0,-0.1947,0.9809,0,0,0.5525,0,1]},
{"frame":19,"values":[1,0,0,0,0,0.9809,0.1947,0,0,-0.1947,0.9809,0,0,0.5525,0,1]}],"loopBehavior":1,"name":"anim","property":"_matrix"}},
{"name":"Bone.045","index":35,"matrix":[-0.7722,-0.5023,-0.3892,0,0.5636,-0.2584,-0.7846,0,0.2935,-0.8252,0.4826,0,0,0.1266,0,1],"rest":[-0.7722,-0.5023,-0.3892,0,0.5636,-0.2584,-0.7846,0,0.2935,-0.8252,0.4826,0,0,0.1266,0,1],"parentBoneIndex":34,"length":0.165
,"animation":{"dataType":3,"framePerSecond":24,"keys":[
{"frame":0,"values":[-0.7722,-0.5023,-0.3892,0,0.5636,-0.2584,-0.7846,0,0.2935,-0.8252,0.4826,0,0,0.1266,0,1]},
{"frame":19,"values":[-0.7722,-0.5023,-0.3892,0,0.5636,-0.2584,-0.7846,0,0.2935,-0.8252,0.4826,0,0,0.1266,0,1]}],"loopBehavior":1,"name":"anim","property":"_matrix"}},
{"name":"Bone.046","index":36,"matrix":[0.6348,0.7138,0.2958,0,-0.1188,0.4685,-0.8754,0,-0.7635,0.5206,0.3822,0,0,0.165,0,1],"rest":[0.6348,0.7138,0.2958,0,-0.1188,0.4685,-0.8754,0,-0.7635,0.5206,0.3822,0,0,0.165,0,1],"parentBoneIndex":35,"length":0.1519
,"animation":{"dataType":3,"framePerSecond":24,"keys":[
{"frame":0,"values":[0.6348,0.7138,0.2958,0,-0.1188,0.4685,-0.8754,0,-0.7635,0.5206,0.3822,0,0,0.165,0,1]},
{"frame":19,"values":[0.6348,0.7138,0.2958,0,-0.1188,0.4685,-0.8754,0,-0.7635,0.5206,0.3822,0,0,0.165,0,1]}],"loopBehavior":1,"name":"anim","property":"_matrix"}},
{"name":"Bone.047","index":37,"matrix":[0.9667,0.2354,-0.1,0,-0.2528,0.9391,-0.2328,0,0.0391,0.2504,0.9674,0,0,0.1519,0,1],"rest":[0.9667,0.2354,-0.1,0,-0.2528,0.9391,-0.2328,0,0.0391,0.2504,0.9674,0,0,0.1519,0,1],"parentBoneIndex":36,"length":0.2905
,"animation":{"dataType":3,"framePerSecond":24,"keys":[
{"frame":0,"values":[0.9667,0.2354,-0.1,0,-0.2528,0.9391,-0.2328,0,0.0391,0.2504,0.9674,0,0,0.1519,0,1]},
{"frame":19,"values":[0.9667,0.2354,-0.1,0,-0.2528,0.9391,-0.2328,0,0.0391,0.2504,0.9674,0,0,0.1519,0,1]}],"loopBehavior":1,"name":"anim","property":"_matrix"}},
{"name":"Bone.048","index":38,"matrix":[0,-0.7436,-0.6686,0,0.3487,0.6266,-0.697,0,0.9372,-0.2331,0.2593,0,0,0.1266,0,1],"rest":[0,-0.7436,-0.6686,0,0.3487,0.6266,-0.697,0,0.9372,-0.2331,0.2593,0,0,0.1266,0,1],"parentBoneIndex":34,"length":0.1404
,"animation":{"dataType":3,"framePerSecond":24,"keys":[
{"frame":0,"values":[0,-0.7436,-0.6686,0,0.3487,0.6266,-0.697,0,0.9372,-0.2331,0.2593,0,0,0.1266,0,1]},
{"frame":19,"values":[0,-0.7436,-0.6686,0,0.3487,0.6266,-0.697,0,0.9372,-0.2331,0.2593,0,0,0.1266,0,1]}],"loopBehavior":1,"name":"anim","property":"_matrix"}},
{"name":"Bone.049","index":39,"matrix":[0.0368,0.261,0.9646,0,-0.3706,0.9,-0.2294,0,-0.9281,-0.349,0.1299,0,0,0.1404,0,1],"rest":[0.0368,0.261,0.9646,0,-0.3706,0.9,-0.2294,0,-0.9281,-0.349,0.1299,0,0,0.1404,0,1],"parentBoneIndex":38,"length":0.1468
,"animation":{"dataType":3,"framePerSecond":24,"keys":[
{"frame":0,"values":[0.0368,0.261,0.9646,0,-0.3706,0.9,-0.2294,0,-0.9281,-0.349,0.1299,0,0,0.1404,0,1]},
{"frame":19,"values":[0.0368,0.261,0.9646,0,-0.3706,0.9,-0.2294,0,-0.9281,-0.349,0.1299,0,0,0.1404,0,1]}],"loopBehavior":1,"name":"anim","property":"_matrix"}},
{"name":"Bone.050","index":40,"matrix":[0.0326,-0.3453,-0.9379,0,-0.154,0.9255,-0.346,0,0.9875,0.1557,-0.023,0,0,0.1468,0,1],"rest":[0.0326,-0.3453,-0.9379,0,-0.154,0.9255,-0.346,0,0.9875,0.1557,-0.023,0,0,0.1468,0,1],"parentBoneIndex":39,"length":0.1748
,"animation":{"dataType":3,"framePerSecond":24,"keys":[
{"frame":0,"values":[0.0326,-0.3453,-0.9379,0,-0.154,0.9255,-0.346,0,0.9875,0.1557,-0.023,0,0,0.1468,0,1]},
{"frame":19,"values":[0.0326,-0.3453,-0.9379,0,-0.154,0.9255,-0.346,0,0.9875,0.1557,-0.023,0,0,0.1468,0,1]}],"loopBehavior":1,"name":"anim","property":"_matrix"}},
{"name":"Bone.051","index":41,"matrix":[0.9994,-0.0356,0.001,0,0.0355,0.9916,-0.1247,0,0.0034,0.1247,0.9922,0,0,0.1748,0,1],"rest":[0.9994,-0.0356,0.001,0,0.0355,0.9916,-0.1247,0,0.0034,0.1247,0.9922,0,0,0.1748,0,1],"parentBoneIndex":40,"length":0.2773
,"animation":{"dataType":3,"framePerSecond":24,"keys":[
{"frame":0,"values":[0.9994,-0.0356,0.001,0,0.0355,0.9916,-0.1247,0,0.0034,0.1247,0.9922,0,0,0.1748,0,1]},
{"frame":19,"values":[0.9994,-0.0356,0.001,0,0.0355,0.9916,-0.1247,0,0.0034,0.1247,0.9922,0,0,0.1748,0,1]}],"loopBehavior":1,"name":"anim","property":"_matrix"}},
{"name":"Bone.052","index":42,"matrix":[-0.0457,-0.482,-0.875,0,-0.1251,0.8718,-0.4737,0,0.9911,0.0878,-0.1001,0,0,0.1266,0,1],"rest":[-0.0457,-0.482,-0.875,0,-0.1251,0.8718,-0.4737,0,0.9911,0.0878,-0.1001,0,0,0.1266,0,1],"parentBoneIndex":34,"length":0.1448
,"animation":{"dataType":3,"framePerSecond":24,"keys":[
{"frame":0,"values":[-0.0457,-0.482,-0.875,0,-0.1251,0.8718,-0.4737,0,0.9911,0.0878,-0.1001,0,0,0.1266,0,1]},
{"frame":19,"values":[-0.0457,-0.482,-0.875,0,-0.1251,0.8718,-0.4737,0,0.9911,0.0878,-0.1001,0,0,0.1266,0,1]}],"loopBehavior":1,"name":"anim","property":"_matrix"}},
{"name":"Bone.053","index":43,"matrix":[0.9991,-0.0129,0.0398,0,0.0091,0.9956,0.0938,0,-0.0408,-0.0933,0.9948,0,0,0.1448,0,1],"rest":[0.9991,-0.0129,0.0398,0,0.0091,0.9956,0.0938,0,-0.0408,-0.0933,0.9948,0,0,0.1448,0,1],"parentBoneIndex":42,"length":0.1917
,"animation":{"dataType":3,"framePerSecond":24,"keys":[
{"frame":0,"values":[0.9991,-0.0129,0.0398,0,0.0091,0.9956,0.0938,0,-0.0408,-0.0933,0.9948,0,0,0.1448,0,1]},
{"frame":19,"values":[0.9991,-0.0129,0.0398,0,0.0091,0.9956,0.0938,0,-0.0408,-0.0933,0.9948,0,0,0.1448,0,1]}],"loopBehavior":1,"name":"anim","property":"_matrix"}},
{"name":"Bone.054","index":44,"matrix":[0.9623,-0.272,-0.008,0,0.2665,0.9481,-0.1736,0,0.0548,0.1649,0.9848,0,0,0.1917,0,1],"rest":[0.9623,-0.272,-0.008,0,0.2665,0.9481,-0.1736,0,0.0548,0.1649,0.9848,0,0,0.1917,0,1],"parentBoneIndex":43,"length":0.1785
,"animation":{"dataType":3,"framePerSecond":24,"keys":[
{"frame":0,"values":[0.9623,-0.272,-0.008,0,0.2665,0.9481,-0.1736,0,0.0548,0.1649,0.9848,0,0,0.1917,0,1]},
{"frame":19,"values":[0.9623,-0.272,-0.008,0,0.2665,0.9481,-0.1736,0,0.0548,0.1649,0.9848,0,0,0.1917,0,1]}],"loopBehavior":1,"name":"anim","property":"_matrix"}},
{"name":"Bone.055","index":45,"matrix":[0.9907,-0.1361,-0.0077,0,0.1362,0.9906,0.0094,0,0.0064,-0.0103,0.9999,0,0,0.1785,0,1],"rest":[0.9907,-0.1361,-0.0077,0,0.1362,0.9906,0.0094,0,0.0064,-0.0103,0.9999,0,0,0.1785,0,1],"parentBoneIndex":44,"length":0.273
,"animation":{"dataType":3,"framePerSecond":24,"keys":[
{"frame":0,"values":[0.9907,-0.1361,-0.0077,0,0.1362,0.9906,0.0094,0,0.0064,-0.0103,0.9999,0,0,0.1785,0,1]},
{"frame":19,"values":[0.9907,-0.1361,-0.0077,0,0.1362,0.9906,0.0094,0,0.0064,-0.0103,0.9999,0,0,0.1785,0,1]}],"loopBehavior":1,"name":"anim","property":"_matrix"}},
{"name":"Bone.056","index":46,"matrix":[0.2009,0.4887,0.849,0,-0.5126,0.791,-0.334,0,-0.8348,-0.3681,0.4094,0,0,0.1266,0,1],"rest":[0.2009,0.4887,0.849,0,-0.5126,0.791,-0.334,0,-0.8348,-0.3681,0.4094,0,0,0.1266,0,1],"parentBoneIndex":34,"length":0.1698
,"animation":{"dataType":3,"framePerSecond":24,"keys":[
{"frame":0,"values":[0.2009,0.4887,0.849,0,-0.5126,0.791,-0.334,0,-0.8348,-0.3681,0.4094,0,0,0.1266,0,1]},
{"frame":19,"values":[0.2009,0.4887,0.849,0,-0.5126,0.791,-0.334,0,-0.8348,-0.3681,0.4094,0,0,0.1266,0,1]}],"loopBehavior":1,"name":"anim","property":"_matrix"}},
{"name":"Bone.057","index":47,"matrix":[-0.9961,-0.0561,-0.0686,0,-0.034,0.9568,-0.2888,0,0.0818,-0.2853,-0.9549,0,0,0.1698,0,1],"rest":[-0.9961,-0.0561,-0.0686,0,-0.034,0.9568,-0.2888,0,0.0818,-0.2853,-0.9549,0,0,0.1698,0,1],"parentBoneIndex":46,"length":0.1802
,"animation":{"dataType":3,"framePerSecond":24,"keys":[
{"frame":0,"values":[-0.9961,-0.0561,-0.0686,0,-0.034,0.9568,-0.2888,0,0.0818,-0.2853,-0.9549,0,0,0.1698,0,1]},
{"frame":19,"values":[-0.9961,-0.0561,-0.0686,0,-0.034,0.9568,-0.2888,0,0.0818,-0.2853,-0.9549,0,0,0.1698,0,1]}],"loopBehavior":1,"name":"anim","property":"_matrix"}},
{"name":"Bone.058","index":48,"matrix":[0.9479,-0.3175,0.0279,0,0.3144,0.9457,0.0821,0,-0.0525,-0.069,0.9962,0,0,0.1802,0,1],"rest":[0.9479,-0.3175,0.0279,0,0.3144,0.9457,0.0821,0,-0.0525,-0.069,0.9962,0,0,0.1802,0,1],"parentBoneIndex":47,"length":0.1613
,"animation":{"dataType":3,"framePerSecond":24,"keys":[
{"frame":0,"values":[0.9479,-0.3175,0.0279,0,0.3144,0.9457,0.0821,0,-0.0525,-0.069,0.9962,0,0,0.1802,0,1]},
{"frame":19,"values":[0.9479,-0.3175,0.0279,0,0.3144,0.9457,0.0821,0,-0.0525,-0.069,0.9962,0,0,0.1802,0,1]}],"loopBehavior":1,"name":"anim","property":"_matrix"}},
{"name":"Bone.059","index":49,"matrix":[0.9981,-0.0616,0,0,0.0613,0.9938,-0.0922,0,0.0056,0.0921,0.9957,0,0,0.1613,0,1],"rest":[0.9981,-0.0616,0,0,0.0613,0.9938,-0.0922,0,0.0056,0.0921,0.9957,0,0,0.1613,0,1],"parentBoneIndex":48,"length":0.2475
,"animation":{"dataType":3,"framePerSecond":24,"keys":[
{"frame":0,"values":[0.9981,-0.0616,0,0,0.0613,0.9938,-0.0922,0,0.0056,0.0921,0.9957,0,0,0.1613,0,1]},
{"frame":19,"values":[0.9981,-0.0616,0,0,0.0613,0.9938,-0.0922,0,0.0056,0.0921,0.9957,0,0,0.1613,0,1]}],"loopBehavior":1,"name":"anim","property":"_matrix"}},
{"name":"Bone.060","index":50,"matrix":[0.2606,0.5797,0.7721,0,-0.758,0.6181,-0.2083,0,-0.598,-0.531,0.6004,0,0,0.1266,0,1],"rest":[0.2606,0.5797,0.7721,0,-0.758,0.6181,-0.2083,0,-0.598,-0.531,0.6004,0,0,0.1266,0,1],"parentBoneIndex":34,"length":0.1746
,"animation":{"dataType":3,"framePerSecond":24,"keys":[
{"frame":0,"values":[0.2606,0.5797,0.7721,0,-0.758,0.6181,-0.2083,0,-0.598,-0.531,0.6004,0,0,0.1266,0,1]},
{"frame":19,"values":[0.2606,0.5797,0.7721,0,-0.758,0.6181,-0.2083,0,-0.598,-0.531,0.6004,0,0,0.1266,0,1]}],"loopBehavior":1,"name":"anim","property":"_matrix"}},
{"name":"Bone.061","index":51,"matrix":[0.319,-0.4531,-0.8324,0,0.1005,0.8895,-0.4457,0,0.9424,0.0586,0.3293,0,0,0.1746,0,1],"rest":[0.319,-0.4531,-0.8324,0,0.1005,0.8895,-0.4457,0,0.9424,0.0586,0.3293,0,0,0.1746,0,1],"parentBoneIndex":50,"length":0.1304
,"animation":{"dataType":3,"framePerSecond":24,"keys":[
{"frame":0,"values":[0.319,-0.4531,-0.8324,0,0.1005,0.8895,-0.4457,0,0.9424,0.0586,0.3293,0,0,0.1746,0,1]},
{"frame":19,"values":[0.319,-0.4531,-0.8324,0,0.1005,0.8895,-0.4457,0,0.9424,0.0586,0.3293,0,0,0.1746,0,1]}],"loopBehavior":1,"name":"anim","property":"_matrix"}},
{"name":"Bone.062","index":52,"matrix":[-0.1474,-0.311,-0.9389,0,0.0322,0.9473,-0.3188,0,0.9886,-0.0772,-0.1296,0,0,0.1304,0,1],"rest":[-0.1474,-0.311,-0.9389,0,0.0322,0.9473,-0.3188,0,0.9886,-0.0772,-0.1296,0,0,0.1304,0,1],"parentBoneIndex":51,"length":0.1387
,"animation":{"dataType":3,"framePerSecond":24,"keys":[
{"frame":0,"values":[-0.1474,-0.311,-0.9389,0,0.0322,0.9473,-0.3188,0,0.9886,-0.0772,-0.1296,0,0,0.1304,0,1]},
{"frame":19,"values":[-0.1474,-0.311,-0.9389,0,0.0322,0.9473,-0.3188,0,0.9886,-0.0772,-0.1296,0,0,0.1304,0,1]}],"loopBehavior":1,"name":"anim","property":"_matrix"}},
{"name":"Bone.063","index":53,"matrix":[-0.984,0.0985,-0.1485,0,0.0989,0.9951,0.005,0,0.1483,-0.0098,-0.9889,0,0,0.1387,0,1],"rest":[-0.984,0.0985,-0.1485,0,0.0989,0.9951,0.005,0,0.1483,-0.0098,-0.9889,0,0,0.1387,0,1],"parentBoneIndex":52,"length":0.2068
,"animation":{"dataType":3,"framePerSecond":24,"keys":[
{"frame":0,"values":[-0.984,0.0985,-0.1485,0,0.0989,0.9951,0.005,0,0.1483,-0.0098,-0.9889,0,0,0.1387,0,1]},
{"frame":19,"values":[-0.984,0.0985,-0.1485,0,0.0989,0.9951,0.005,0,0.1483,-0.0098,-0.9889,0,0,0.1387,0,1]}],"loopBehavior":1,"name":"anim","property":"_matrix"}},
{"name":"Bone.017","index":54,"matrix":[0,0,-1,0,0.6588,-0.7523,0,0,0.7523,0.6588,0,0,-0.1119,1.6681,-0.3369,1],"rest":[0,0,-1,0,0.6588,-0.7523,0,0,0.7523,0.6588,0,0,-0.1119,1.6681,-0.3369,1],"parentBoneIndex":-1,"length":0.3071
,"animation":{"dataType":3,"framePerSecond":24,"keys":[
{"frame":0,"values":[0,0,-1,0,0.6588,-0.7523,0,0,0.7523,0.6588,0,0,-0.1119,1.6681,-0.3369,1]},
{"frame":19,"values":[0,0,-1,0,0.6588,-0.7523,0,0,0.7523,0.6588,0,0,-0.1119,1.6681,-0.3369,1]}],"loopBehavior":1,"name":"anim","property":"_matrix"}},
{"name":"Bone.018","index":55,"matrix":[0,-0.5938,-0.8046,0,0,0.8046,-0.5938,0,1,0,0,0,0,0.3071,0,1],"rest":[0,-0.5938,-0.8046,0,0,0.8046,-0.5938,0,1,0,0,0,0,0.3071,0,1],"parentBoneIndex":54,"length":0.6463
,"animation":{"dataType":3,"framePerSecond":24,"keys":[
{"frame":0,"values":[0,-0.5938,-0.8046,0,0,0.8046,-0.5938,0,1,0,0,0,0,0.3071,0,1]},
{"frame":19,"values":[0,-0.5938,-0.8046,0,0,0.8046,-0.5938,0,1,0,0,0,0,0.3071,0,1]}],"loopBehavior":1,"name":"anim","property":"_matrix"}},
{"name":"Bone.019","index":56,"matrix":[0.9368,-0.1924,-0.2921,0,0.0363,0.884,-0.466,0,0.3479,0.426,0.8352,0,0,0.6463,0,1],"rest":[0.9368,-0.1924,-0.2921,0,0.0363,0.884,-0.466,0,0.3479,0.426,0.8352,0,0,0.6463,0,1],"parentBoneIndex":55,"length":0.7758
,"animation":{"dataType":3,"framePerSecond":24,"keys":[
{"frame":0,"values":[0.9368,-0.1924,-0.2921,0,0.0363,0.884,-0.466,0,0.3479,0.426,0.8352,0,0,0.6463,0,1]},
{"frame":19,"values":[0.9368,-0.1924,-0.2921,0,0.0363,0.884,-0.466,0,0.3479,0.426,0.8352,0,0,0.6463,0,1]}],"loopBehavior":1,"name":"anim","property":"_matrix"}},
{"name":"Bone.020","index":57,"matrix":[0.9306,-0.0517,0.3624,0,-0.3635,-0.2476,0.8981,0,0.0433,-0.9675,-0.2492,0,0,0.7758,0,1],"rest":[0.9306,-0.0517,0.3624,0,-0.3635,-0.2476,0.8981,0,0.0433,-0.9675,-0.2492,0,0,0.7758,0,1],"parentBoneIndex":56,"length":0.1698
,"animation":{"dataType":3,"framePerSecond":24,"keys":[
{"frame":0,"values":[0.9306,-0.0517,0.3624,0,-0.3635,-0.2476,0.8981,0,0.0433,-0.9675,-0.2492,0,0,0.7758,0,1]},
{"frame":19,"values":[0.9306,-0.0517,0.3624,0,-0.3635,-0.2476,0.8981,0,0.0433,-0.9675,-0.2492,0,0,0.7758,0,1]}],"loopBehavior":1,"name":"anim","property":"_matrix"}},
{"name":"Bone.021","index":58,"matrix":[0.9994,0.0265,-0.0238,0,-0.0311,0.9749,-0.2205,0,0.0174,0.2211,0.9751,0,0,0.1698,0,1],"rest":[0.9994,0.0265,-0.0238,0,-0.0311,0.9749,-0.2205,0,0.0174,0.2211,0.9751,0,0,0.1698,0,1],"parentBoneIndex":57,"length":0.2673
,"animation":{"dataType":3,"framePerSecond":24,"keys":[
{"frame":0,"values":[0.9994,0.0265,-0.0238,0,-0.0311,0.9749,-0.2205,0,0.0174,0.2211,0.9751,0,0,0.1698,0,1]},
{"frame":19,"values":[0.9994,0.0265,-0.0238,0,-0.0311,0.9749,-0.2205,0,0.0174,0.2211,0.9751,0,0,0.1698,0,1]}],"loopBehavior":1,"name":"anim","property":"_matrix"}},
{"name":"Bone.022","index":59,"matrix":[0,0,1,0,-0.7602,-0.6496,0,0,-0.6496,0.7602,0,0,-0.1119,1.6681,-0.3369,1],"rest":[0,0,1,0,-0.7602,-0.6496,0,0,-0.6496,0.7602,0,0,-0.1119,1.6681,-0.3369,1],"parentBoneIndex":-1,"length":0.3337
,"animation":{"dataType":3,"framePerSecond":24,"keys":[
{"frame":0,"values":[0,0,1,0,-0.7602,-0.6496,0,0,-0.6496,0.7602,0,0,-0.1119,1.6681,-0.3369,1]},
{"frame":19,"values":[0,0,1,0,-0.7602,-0.6496,0,0,-0.6496,0.7602,0,0,-0.1119,1.6681,-0.3369,1]}],"loopBehavior":1,"name":"anim","property":"_matrix"}},
{"name":"Bone.023","index":60,"matrix":[0,0.7153,0.6988,0,0,0.6988,-0.7153,0,-1,0,0,0,0,0.3337,0,1],"rest":[0,0.7153,0.6988,0,0,0.6988,-0.7153,0,-1,0,0,0,0,0.3337,0,1],"parentBoneIndex":59,"length":0.6734
,"animation":{"dataType":3,"framePerSecond":24,"keys":[
{"frame":0,"values":[0,0.7153,0.6988,0,0,0.6988,-0.7153,0,-1,0,0,0,0,0.3337,0,1]},
{"frame":19,"values":[0,0.7153,0.6988,0,0,0.6988,-0.7153,0,-1,0,0,0,0,0.3337,0,1]}],"loopBehavior":1,"name":"anim","property":"_matrix"}},
{"name":"Bone.024","index":61,"matrix":[0.9998,0.0209,-0.0017,0,-0.019,0.8712,-0.4906,0,-0.0087,0.4906,0.8714,0,0,0.6734,0,1],"rest":[0.9998,0.0209,-0.0017,0,-0.019,0.8712,-0.4906,0,-0.0087,0.4906,0.8714,0,0,0.6734,0,1],"parentBoneIndex":60,"length":0.7412
,"animation":{"dataType":3,"framePerSecond":24,"keys":[
{"frame":0,"values":[0.9998,0.0209,-0.0017,0,-0.019,0.8712,-0.4906,0,-0.0087,0.4906,0.8714,0,0,0.6734,0,1]},
{"frame":19,"values":[0.9998,0.0209,-0.0017,0,-0.019,0.8712,-0.4906,0,-0.0087,0.4906,0.8714,0,0,0.6734,0,1]}],"loopBehavior":1,"name":"anim","property":"_matrix"}},
{"name":"Bone.025","index":62,"matrix":[0.999,0.039,0.0239,0,-0.0236,-0.0089,0.9997,0,0.0392,-0.9992,-0.008,0,0,0.7412,0,1],"rest":[0.999,0.039,0.0239,0,-0.0236,-0.0089,0.9997,0,0.0392,-0.9992,-0.008,0,0,0.7412,0,1],"parentBoneIndex":61,"length":0.2251
,"animation":{"dataType":3,"framePerSecond":24,"keys":[
{"frame":0,"values":[0.999,0.039,0.0239,0,-0.0236,-0.0089,0.9997,0,0.0392,-0.9992,-0.008,0,0,0.7412,0,1]},
{"frame":19,"values":[0.999,0.039,0.0239,0,-0.0236,-0.0089,0.9997,0,0.0392,-0.9992,-0.008,0,0,0.7412,0,1]}],"loopBehavior":1,"name":"anim","property":"_matrix"}},
{"name":"Bone.026","index":63,"matrix":[1,0,0,0,0,0.9905,0.1372,0,0,-0.1372,0.9905,0,0,0.2251,0,1],"rest":[1,0,0,0,0,0.9905,0.1372,0,0,-0.1372,0.9905,0,0,0.2251,0,1],"parentBoneIndex":62,"length":0.2274
,"animation":{"dataType":3,"framePerSecond":24,"keys":[
{"frame":0,"values":[1,0,0,0,0,0.9905,0.1372,0,0,-0.1372,0.9905,0,0,0.2251,0,1]},
{"frame":19,"values":[1,0,0,0,0,0.9905,0.1372,0,0,-0.1372,0.9905,0,0,0.2251,0,1]}],"loopBehavior":1,"name":"anim","property":"_matrix"}}]
,"ranges":[{"name":"ArmatureAction","from":0,"to":19}]}],
"meshes":[{"name":"Venom_Joker_Skin","id":"Venom_Joker_Skin","materialId":"venom_jokerrr_simple1.Venom_Joker_Skin","billboardMode":0,"position":[-0.1182,-1.7855,0.3369],"rotation":[0,0,0],"scaling":[1,1,1],"isVisible":true,"freezeWorldMatrix":false,"isEnabled":true,"checkCollisions":false,"receiveShadows":false,"tags":"","skeletonId":0,"numBoneInfluencers":8
,"positions":[0.0718,2.9149,-0.9854,0.0752,2.916,-0.977,0.0674,2.9135,-0.9801,0.0828,2.9134,-0.9817,0.0866,2.9095,-0.9742,0.0785,2.9121,-0.9697,0.0674,2.9138,-0.973,0.0905,2.9044,-0.9805,0.0908,2.8974,-0.9749,0.0595,2.9065,-0.9769,0.0648,2.9093,-0.9687,0.0641,2.9125,-0.9814,0.0594,2.9009,-0.985,0.0594,2.8944,-0.979,0.0637,2.8887,-0.9857,0.0669,2.8857,-0.9781,0.0614,2.8933,-0.9726
,0.0643,2.8899,-0.9722,0.0652,2.8962,-0.9672,0.0666,2.8945,-0.9671,0.0683,2.888,-0.9713,0.0778,2.8848,-0.9747,0.0745,2.8832,-0.9829,0.0713,2.8864,-0.9905,0.0658,2.8876,-0.9852,0.0726,2.8876,-0.9699,0.0686,2.8935,-0.9666,0.0693,2.899,-0.964,0.0644,2.8983,-0.9671,0.0598,2.8978,-0.9723,0.0599,2.9024,-0.9715,0.0616,2.9064,-0.9702,0.0668,2.9038,-0.9653,0.0653,2.9024,-0.9661
,0.0645,2.9004,-0.9667,0.0688,2.9044,-0.9646,0.0688,2.9106,-0.9671,0.0732,2.9098,-0.9658,0.0773,2.9071,-0.965,0.0804,2.9032,-0.9646,0.0744,2.9007,-0.9634,0.0752,2.8986,-0.9635,0.0729,2.9026,-0.9636,0.071,2.9039,-0.964,0.0819,2.8988,-0.9649,0.0818,2.8945,-0.9657,0.0751,2.8966,-0.9639,0.0864,2.9025,-0.9688,0.086,2.8913,-0.9708,0.0858,2.8867,-0.9784,0.0902,2.8928,-0.9826
,0.0821,2.8856,-0.9867,0.0742,2.8948,-0.9645,0.08,2.8907,-0.9669,0.0768,2.8883,-0.9684,0.0707,2.8932,-0.966,0.0727,2.8936,-0.9652,0.0599,2.8043,-0.9126,0.0658,2.8156,-0.9275,0.0603,2.8158,-0.9296,0.0549,2.8046,-0.9168,0.0769,2.8303,-0.9359,0.0757,2.8434,-0.9028,0.0695,2.8316,-0.8943,0.0626,2.8066,-0.9061,0.0549,2.7929,-0.908,0.0506,2.7892,-0.9094,0.0542,2.8056,-0.9142
,0.0457,2.7896,-0.9091,0.0668,2.8298,-0.9405,0.059,2.8173,-0.9262,0.0422,2.8059,-0.8914,0.0392,2.8229,-0.8852,0.039,2.8399,-0.8892,0.0626,2.8319,-0.9362,0.0627,2.8483,-0.9415,0.0744,2.8405,-0.9433,0.0827,2.8403,-0.9373,0.0759,2.8512,-0.915,0.054,2.851,-0.9364,0.0427,2.849,-0.9042,0.8789,2.1242,-0.2635,0.918,2.1863,-0.2503,0.9127,2.1333,-0.2387,0.899,2.0989,-0.2576
