{"producer":{"name":"Blender","version":"2.80 (sub 39)","exporter_version":"6.0-beta 5","file":"trump2.babylon"},
"autoClear":true,"clearColor":[0.0509,0.0509,0.0509],"gravity":[0,-9.81,0],
"materials":[{"name":"trump2.skin","id":"trump2.skin","customType":"BABYLON.StandardMaterial","specularPower":102.4,"alpha":1,"backFaceCulling":true,"checkReadyOnlyOnce":false,"maxSimultaneousLights":4, 
"diffuseTexture":{"name":"vc_baked_1024_uvs_trump2.png","level":1,"hasAlpha":true,"coordinatesMode":0,"uOffset":0,"vOffset":0,"uScale":1,"vScale":1,"uAng":0,"vAng":0,"wAng":0,"wrapU":1,"wrapV":1,"coordinatesIndex":0}}],
"multiMaterials":[],
"skeletons":[{"name":"Trump2","id":0,"dimensionsAtRest":[0.9639,1.6683,0.3639],"bones":[
{"name":"Hips","index":0,"matrix":[1,0,0,0,0,0.9386,0.3451,0,0,0.3451,-0.9386,0,0,0.9249,-0.0031,1],"rest":[1,0,0,0,0,0.9386,0.3451,0,0,0.3451,-0.9386,0,0,0.9249,-0.0031,1],"parentBoneIndex":-1,"length":0.0927
,"animation":{"dataType":3,"framePerSecond":24,"keys":[
{"frame":1,"values":[1,0,0,0,0,0.9386,0.3451,0,0,0.3451,-0.9386,0,0,0.9249,-0.0031,1]},
{"frame":2,"values":[1,0,0,0,0,0.9386,0.3451,0,0,0.3451,-0.9386,0,0,0.9247,-0.0031,1]},
{"frame":3,"values":[1,0,0,0,0,0.9386,0.3451,0,0,0.3451,-0.9386,0,0,0.924,-0.0031,1]},
{"frame":4,"values":[1,0,0,0,0,0.9386,0.3451,0,0,0.3451,-0.9386,0,0,0.9229,-0.0031,1]},
{"frame":5,"values":[1,0,0,0,0,0.9386,0.3451,0,0,0.3451,-0.9386,0,0,0.9213,-0.0031,1]},
{"frame":6,"values":[1,0,0,0,0,0.9386,0.3451,0,0,0.3451,-0.9386,0,0,0.9191,-0.0031,1]},
{"frame":7,"values":[1,0,0,0,0,0.9386,0.3451,0,0,0.3451,-0.9386,0,0,0.9164,-0.0031,1]},
{"frame":8,"values":[1,0,0,0,0,0.9386,0.3451,0,0,0.3451,-0.9386,0,0,0.9132,-0.0031,1]},
{"frame":9,"values":[1,0,0,0,0,0.9386,0.3451,0,0,0.3451,-0.9386,0,0,0.9095,-0.0031,1]},
{"frame":10,"values":[1,0,0,0,0,0.9386,0.3451,0,0,0.3451,-0.9386,0,0,0.9052,-0.0031,1]},
{"frame":11,"values":[1,0,0,0,0,0.9386,0.3451,0,0,0.3451,-0.9386,0,0,0.9003,-0.0031,1]},
{"frame":12,"values":[1,0,0,0,0,0.9386,0.3451,0,0,0.3451,-0.9386,0,0,0.895,-0.0031,1]},
{"frame":13,"values":[1,0,0,0,0,0.9386,0.3451,0,0,0.3451,-0.9386,0,0,0.8891,-0.0031,1]},
{"frame":14,"values":[1,0,0,0,0,0.9386,0.3451,0,0,0.3451,-0.9386,0,0,0.8828,-0.0031,1]},
{"frame":15,"values":[1,0,0,0,0,0.9386,0.3451,0,0,0.3451,-0.9386,0,0,0.8761,-0.0031,1]},
{"frame":16,"values":[1,0,0,0,0,0.9386,0.3451,0,0,0.3451,-0.9386,0,0,0.8689,-0.0031,1]},
{"frame":17,"values":[1,0,0,0,0,0.9386,0.3451,0,0,0.3451,-0.9386,0,0,0.8614,-0.0031,1]},
{"frame":18,"values":[1,0,0,0,0,0.9386,0.3451,0,0,0.3451,-0.9386,0,0,0.8537,-0.0031,1]},
{"frame":19,"values":[1,0,0,0,0,0.9386,0.3451,0,0,0.3451,-0.9386,0,0,0.8456,-0.0031,1]},
{"frame":20,"values":[1,0,0,0,0,0.9386,0.3451,0,0,0.3451,-0.9386,0,0,0.8375,-0.0031,1]},
{"frame":21,"values":[1,0,0,0,0,0.9386,0.3451,0,0,0.3451,-0.9386,0,0,0.8291,-0.0031,1]},
{"frame":22,"values":[1,0,0,0,0,0.9386,0.3451,0,0,0.3451,-0.9386,0,0,0.8207,-0.0031,1]},
{"frame":23,"values":[1,0,0,0,0,0.9386,0.3451,0,0,0.3451,-0.9386,0,0,0.8123,-0.0031,1]},
{"frame":24,"values":[1,0,0,0,0,0.9386,0.3451,0,0,0.3451,-0.9386,0,0,0.8039,-0.0031,1]},
{"frame":25,"values":[1,0,0,0,0,0.9386,0.3451,0,0,0.3451,-0.9386,0,0,0.7955,-0.0031,1]},
{"frame":26,"values":[1,0,0,0,0,0.9386,0.3451,0,0,0.3451,-0.9386,0,0,0.7873,-0.0031,1]},
{"frame":27,"values":[1,0,0,0,0,0.9386,0.3451,0,0,0.3451,-0.9386,0,0,0.7791,-0.0031,1]},
{"frame":28,"values":[1,0,0,0,0,0.9386,0.3451,0,0,0.3451,-0.9386,0,0,0.7711,-0.0031,1]},
{"frame":29,"values":[1,0,0,0,0,0.9386,0.3451,0,0,0.3451,-0.9386,0,0,0.7632,-0.0031,1]},
{"frame":30,"values":[1,0,0,0,0,0.9386,0.3451,0,0,0.3451,-0.9386,0,0,0.7555,-0.0031,1]},
{"frame":31,"values":[1,0,0,0,0,0.9386,0.3451,0,0,0.3451,-0.9386,0,0,0.7475,-0.0031,1]},
{"frame":32,"values":[1,0,0,0,0,0.9386,0.3451,0,0,0.3451,-0.9386,0,0,0.7389,-0.0031,1]},
{"frame":33,"values":[1,0,0,0,0,0.9386,0.3451,0,0,0.3451,-0.9386,0,0,0.7295,-0.0031,1]},
{"frame":34,"values":[1,0,0,0,0,0.9386,0.3451,0,0,0.3451,-0.9386,0,0,0.7195,-0.0031,1]},
{"frame":35,"values":[1,0,0,0,0,0.9386,0.3451,0,0,0.3451,-0.9386,0,0,0.7089,-0.0031,1]},
{"frame":36,"values":[1,0,0,0,0,0.9386,0.3451,0,0,0.3451,-0.9386,0,0,0.6977,-0.0031,1]},
{"frame":37,"values":[1,0,0,0,0,0.9386,0.3451,0,0,0.3451,-0.9386,0,0,0.6859,-0.0031,1]},
{"frame":38,"values":[1,0,0,0,0,0.9386,0.3451,0,0,0.3451,-0.9386,0,0,0.6736,-0.0031,1]},
{"frame":39,"values":[1,0,0,0,0,0.9386,0.3451,0,0,0.3451,-0.9386,0,0,0.6609,-0.0031,1]},
{"frame":40,"values":[1,0,0,0,0,0.9386,0.3451,0,0,0.3451,-0.9386,0,0,0.6478,-0.0031,1]},
{"frame":41,"values":[1,0,0,0,0,0.9386,0.3451,0,0,0.3451,-0.9386,0,0,0.6345,-0.0031,1]},
{"frame":42,"values":[1,0,0,0,0,0.9386,0.3451,0,0,0.3451,-0.9386,0,0,0.6211,-0.0031,1]},
{"frame":43,"values":[1,0,0,0,0,0.9386,0.3451,0,0,0.3451,-0.9386,0,0,0.6076,-0.0031,1]},
{"frame":44,"values":[1,0,0,0,0,0.9386,0.3451,0,0,0.3451,-0.9386,0,0,0.5943,-0.0031,1]},
{"frame":45,"values":[1,0,0,0,0,0.9386,0.3451,0,0,0.3451,-0.9386,0,0,0.5812,-0.0031,1]},
{"frame":46,"values":[1,0,0,0,0,0.9386,0.3451,0,0,0.3451,-0.9386,0,0,0.5684,-0.0031,1]},
{"frame":47,"values":[1,0,0,0,0,0.9386,0.3451,0,0,0.3451,-0.9386,0,0,0.5561,-0.0031,1]},
{"frame":48,"values":[1,0,0,0,0,0.9386,0.3451,0,0,0.3451,-0.9386,0,0,0.5444,-0.0031,1]},
{"frame":49,"values":[1,0,0,0,0,0.9386,0.3451,0,0,0.3451,-0.9386,0,0,0.5334,-0.0031,1]},
{"frame":50,"values":[1,0,0,0,0,0.9386,0.3451,0,0,0.3451,-0.9386,0,0,0.5232,-0.0031,1]},
{"frame":51,"values":[1,0,0,0,0,0.9386,0.3451,0,0,0.3451,-0.9386,0,0,0.5138,-0.0031,1]},
{"frame":52,"values":[1,0,0,0,0,0.9386,0.3451,0,0,0.3451,-0.9386,0,0,0.5054,-0.0031,1]},
{"frame":53,"values":[1,0,0,0,0,0.9386,0.3451,0,0,0.3451,-0.9386,0,0,0.4979,-0.0031,1]},
{"frame":54,"values":[1,0,0,0,0,0.9386,0.3451,0,0,0.3451,-0.9386,0,0,0.4914,-0.0031,1]},
{"frame":55,"values":[1,0,0,0,0,0.9386,0.3451,0,0,0.3451,-0.9386,0,0,0.486,-0.0031,1]},
{"frame":56,"values":[1,0,0,0,0,0.9386,0.3451,0,0,0.3451,-0.9386,0,0,0.4815,-0.0031,1]},
{"frame":57,"values":[1,0,0,0,0,0.9386,0.3451,0,0,0.3451,-0.9386,0,0,0.4781,-0.0031,1]},
{"frame":58,"values":[1,0,0,0,0,0.9386,0.3451,0,0,0.3451,-0.9386,0,0,0.4757,-0.0031,1]},
{"frame":59,"values":[1,0,0,0,0,0.9386,0.3451,0,0,0.3451,-0.9386,0,0,0.4743,-0.0031,1]},
{"frame":60,"values":[1,0,0,0,0,0.9386,0.3451,0,0,0.3451,-0.9386,0,0,0.4738,-0.0031,1]},
{"frame":61,"values":[1,0,0,0,0,0.9386,0.3451,0,0,0.3451,-0.9386,0,0,0.4741,-0.0031,1]},
{"frame":62,"values":[1,0,0,0,0,0.9386,0.3451,0,0,0.3451,-0.9386,0,0,0.4749,-0.0031,1]},
{"frame":63,"values":[1,0,0,0,0,0.9386,0.3451,0,0,0.3451,-0.9386,0,0,0.4763,-0.0031,1]},
{"frame":64,"values":[1,0,0,0,0,0.9386,0.3451,0,0,0.3451,-0.9386,0,0,0.4782,-0.0031,1]},
{"frame":65,"values":[1,0,0,0,0,0.9386,0.3451,0,0,0.3451,-0.9386,0,0,0.4807,-0.0031,1]},
{"frame":66,"values":[1,0,0,0,0,0.9386,0.3451,0,0,0.3451,-0.9386,0,0,0.4838,-0.0031,1]},
{"frame":67,"values":[1,0,0,0,0,0.9386,0.3451,0,0,0.3451,-0.9386,0,0,0.4874,-0.0031,1]},
{"frame":68,"values":[1,0,0,0,0,0.9386,0.3451,0,0,0.3451,-0.9386,0,0,0.4916,-0.0031,1]},
{"frame":69,"values":[1,0,0,0,0,0.9386,0.3451,0,0,0.3451,-0.9386,0,0,0.4963,-0.0031,1]},
{"frame":70,"values":[1,0,0,0,0,0.9386,0.3451,0,0,0.3451,-0.9386,0,0,0.5016,-0.0031,1]},
{"frame":71,"values":[1,0,0,0,0,0.9386,0.3451,0,0,0.3451,-0.9386,0,0,0.5075,-0.0031,1]},
{"frame":72,"values":[1,0,0,0,0,0.9386,0.3451,0,0,0.3451,-0.9386,0,0,0.5139,-0.0031,1]},
{"frame":73,"values":[1,0,0,0,0,0.9386,0.3451,0,0,0.3451,-0.9386,0,0,0.5208,-0.0031,1]},
{"frame":74,"values":[1,0,0,0,0,0.9386,0.3451,0,0,0.3451,-0.9386,0,0,0.5282,-0.0031,1]},
{"frame":75,"values":[1,0,0,0,0,0.9386,0.3451,0,0,0.3451,-0.9386,0,0,0.5362,-0.0031,1]},
{"frame":76,"values":[1,0,0,0,0,0.9386,0.3451,0,0,0.3451,-0.9386,0,0,0.5446,-0.0031,1]},
{"frame":77,"values":[1,0,0,0,0,0.9386,0.3451,0,0,0.3451,-0.9386,0,0,0.5535,-0.0031,1]},
{"frame":78,"values":[1,0,0,0,0,0.9386,0.3451,0,0,0.3451,-0.9386,0,0,0.5628,-0.0031,1]},
{"frame":79,"values":[1,0,0,0,0,0.9386,0.3451,0,0,0.3451,-0.9386,0,0,0.5726,-0.0031,1]},
{"frame":80,"values":[1,0,0,0,0,0.9386,0.3451,0,0,0.3451,-0.9386,0,0,0.5828,-0.0031,1]},
{"frame":81,"values":[1,0,0,0,0,0.9386,0.3451,0,0,0.3451,-0.9386,0,0,0.5933,-0.0031,1]},
{"frame":82,"values":[1,0,0,0,0,0.9386,0.3451,0,0,0.3451,-0.9386,0,0,0.6042,-0.0031,1]},
{"frame":83,"values":[1,0,0,0,0,0.9386,0.3451,0,0,0.3451,-0.9386,0,0,0.6154,-0.0031,1]},
{"frame":84,"values":[1,0,0,0,0,0.9386,0.3451,0,0,0.3451,-0.9386,0,0,0.6268,-0.0031,1]},
{"frame":85,"values":[1,0,0,0,0,0.9386,0.3451,0,0,0.3451,-0.9386,0,0,0.6386,-0.0031,1]},
{"frame":86,"values":[1,0,0,0,0,0.9386,0.3451,0,0,0.3451,-0.9386,0,0,0.6505,-0.0031,1]},
{"frame":87,"values":[1,0,0,0,0,0.9386,0.3451,0,0,0.3451,-0.9386,0,0,0.6625,-0.0031,1]},
{"frame":88,"values":[1,0,0,0,0,0.9386,0.3451,0,0,0.3451,-0.9386,0,0,0.6747,-0.0031,1]},
{"frame":89,"values":[1,0,0,0,0,0.9386,0.3451,0,0,0.3451,-0.9386,0,0,0.687,-0.0031,1]},
{"frame":90,"values":[1,0,0,0,0,0.9386,0.3451,0,0,0.3451,-0.9386,0,0,0.6994,-0.0031,1]},
{"frame":91,"values":[1,0,0,0,0,0.9386,0.3451,0,0,0.3451,-0.9386,0,0,0.7117,-0.0031,1]},
{"frame":92,"values":[1,0,0,0,0,0.9386,0.3451,0,0,0.3451,-0.9386,0,0,0.724,-0.0031,1]},
{"frame":93,"values":[1,0,0,0,0,0.9386,0.3451,0,0,0.3451,-0.9386,0,0,0.7362,-0.0031,1]},
{"frame":94,"values":[1,0,0,0,0,0.9386,0.3451,0,0,0.3451,-0.9386,0,0,0.7483,-0.0031,1]},
{"frame":95,"values":[1,0,0,0,0,0.9386,0.3451,0,0,0.3451,-0.9386,0,0,0.7602,-0.0031,1]},
{"frame":96,"values":[1,0,0,0,0,0.9386,0.3451,0,0,0.3451,-0.9386,0,0,0.7719,-0.0031,1]},
{"frame":97,"values":[1,0,0,0,0,0.9386,0.3451,0,0,0.3451,-0.9386,0,0,0.7833,-0.0031,1]},
{"frame":98,"values":[1,0,0,0,0,0.9386,0.3451,0,0,0.3451,-0.9386,0,0,0.7945,-0.0031,1]},
{"frame":99,"values":[1,0,0,0,0,0.9386,0.3451,0,0,0.3451,-0.9386,0,0,0.8054,-0.0031,1]},
{"frame":100,"values":[1,0,0,0,0,0.9386,0.3451,0,0,0.3451,-0.9386,0,0,0.816,-0.0031,1]},
{"frame":101,"values":[1,0,0,0,0,0.9386,0.3451,0,0,0.3451,-0.9386,0,0,0.8261,-0.0031,1]},
{"frame":102,"values":[1,0,0,0,0,0.9386,0.3451,0,0,0.3451,-0.9386,0,0,0.8359,-0.0031,1]},
{"frame":103,"values":[1,0,0,0,0,0.9386,0.3451,0,0,0.3451,-0.9386,0,0,0.8452,-0.0031,1]},
{"frame":104,"values":[1,0,0,0,0,0.9386,0.3451,0,0,0.3451,-0.9386,0,0,0.8541,-0.0031,1]},
{"frame":105,"values":[1,0,0,0,0,0.9386,0.3451,0,0,0.3451,-0.9386,0,0,0.8626,-0.0031,1]},
{"frame":106,"values":[1,0,0,0,0,0.9386,0.3451,0,0,0.3451,-0.9386,0,0,0.8705,-0.0031,1]},
{"frame":107,"values":[1,0,0,0,0,0.9386,0.3451,0,0,0.3451,-0.9386,0,0,0.8779,-0.0031,1]},
{"frame":108,"values":[1,0,0,0,0,0.9386,0.3451,0,0,0.3451,-0.9386,0,0,0.8848,-0.0031,1]},
{"frame":109,"values":[1,0,0,0,0,0.9386,0.3451,0,0,0.3451,-0.9386,0,0,0.8912,-0.0031,1]},
{"frame":110,"values":[1,0,0,0,0,0.9386,0.3451,0,0,0.3451,-0.9386,0,0,0.8971,-0.0031,1]},
{"frame":111,"values":[1,0,0,0,0,0.9386,0.3451,0,0,0.3451,-0.9386,0,0,0.9024,-0.0031,1]},
{"frame":112,"values":[1,0,0,0,0,0.9386,0.3451,0,0,0.3451,-0.9386,0,0,0.9071,-0.0031,1]},
{"frame":113,"values":[1,0,0,0,0,0.9386,0.3451,0,0,0.3451,-0.9386,0,0,0.9113,-0.0031,1]},
{"frame":114,"values":[1,0,0,0,0,0.9386,0.3451,0,0,0.3451,-0.9386,0,0,0.9149,-0.0031,1]},
{"frame":115,"values":[1,0,0,0,0,0.9386,0.3451,0,0,0.3451,-0.9386,0,0,0.918,-0.0031,1]},
{"frame":116,"values":[1,0,0,0,0,0.9386,0.3451,0,0,0.3451,-0.9386,0,0,0.9205,-0.0031,1]},
{"frame":117,"values":[1,0,0,0,0,0.9386,0.3451,0,0,0.3451,-0.9386,0,0,0.9225,-0.0031,1]},
{"frame":118,"values":[1,0,0,0,0,0.9386,0.3451,0,0,0.3451,-0.9386,0,0,0.9238,-0.0031,1]},
{"frame":119,"values":[1,0,0,0,0,0.9386,0.3451,0,0,0.3451,-0.9386,0,0,0.9247,-0.0031,1]},
{"frame":120,"values":[1,0,0,0,0,0.9386,0.3451,0,0,0.3451,-0.9386,0,0,0.9249,-0.0031,1]}],"loopBehavior":1,"name":"anim","property":"_matrix"}},
{"name":"LHipJoint","index":1,"matrix":[-0.1818,-0.0277,-0.9829,0,0.9618,-0.213,-0.1719,0,-0.2046,-0.9767,0.0653,0,0,0,0,1],"rest":[-0.1818,-0.0277,-0.9829,0,0.9618,-0.213,-0.1719,0,-0.2046,-0.9767,0.0653,0,0,0,0,1],"parentBoneIndex":0,"length":0.1221
,"animation":{"dataType":3,"framePerSecond":24,"keys":[
{"frame":1,"values":[-0.1818,-0.0277,-0.9829,0,0.9618,-0.213,-0.1719,0,-0.2046,-0.9767,0.0653,0,0,0,0,1]},
{"frame":120,"values":[-0.1818,-0.0277,-0.9829,0,0.9618,-0.213,-0.1719,0,-0.2046,-0.9767,0.0653,0,0,0,0,1]}],"loopBehavior":1,"name":"anim","property":"_matrix"}},
{"name":"LeftUpLeg","index":2,"matrix":[-0.2719,0.9299,-0.2477,0,0.2693,0.3207,0.9081,0,0.9239,0.1802,-0.3376,0,0,0.1221,0,1],"rest":[-0.2591,0.9267,-0.2722,0,0.2696,0.34,0.9009,0,0.9275,0.16,-0.338,0,0,0.1221,0,1],"parentBoneIndex":1,"length":0.3739
,"animation":{"dataType":3,"framePerSecond":24,"keys":[
{"frame":1,"values":[-0.2719,0.9299,-0.2477,0,0.2693,0.3207,0.9081,0,0.9239,0.1802,-0.3376,0,0,0.1221,0,1]},
{"frame":2,"values":[-0.2723,0.9294,-0.249,0,0.2629,0.3208,0.9099,0,0.9256,0.1823,-0.3317,0,0,0.1221,0,1]},
{"frame":3,"values":[-0.2733,0.9283,-0.2522,0,0.2463,0.321,0.9145,0,0.9299,0.1878,-0.3164,0,0,0.1221,0,1]},
{"frame":4,"values":[-0.2745,0.9267,-0.2565,0,0.2249,0.3212,0.9199,0,0.9349,0.1948,-0.2966,0,0,0.1221,0,1]},
{"frame":5,"values":[-0.2758,0.925,-0.2614,0,0.2019,0.3216,0.9251,0,0.9398,0.2023,-0.2755,0,0,0.1221,0,1]},
{"frame":6,"values":[-0.2768,0.9231,-0.2668,0,0.1794,0.3224,0.9294,0,0.944,0.2094,-0.2549,0,0,0.1221,0,1]},
{"frame":7,"values":[-0.2778,0.9213,-0.2722,0,0.1585,0.3235,0.9329,0,0.9475,0.216,-0.2359,0,0,0.1221,0,1]},
{"frame":8,"values":[-0.2791,0.9195,-0.2768,0,0.1401,0.3241,0.9356,0,0.95,0.2223,-0.2193,0,0,0.1221,0,1]},
{"frame":9,"values":[-0.2803,0.9179,-0.2809,0,0.1247,0.3249,0.9375,0,0.9518,0.2278,-0.2056,0,0,0.1221,0,1]},
{"frame":10,"values":[-0.2815,0.9163,-0.2847,0,0.1126,0.3262,0.9386,0,0.9529,0.2322,-0.195,0,0,0.1221,0,1]},
{"frame":11,"values":[-0.2827,0.9149,-0.2883,0,0.1042,0.328,0.9389,0,0.9535,0.2354,-0.188,0,0,0.1221,0,1]},
{"frame":12,"values":[-0.284,0.9136,-0.2909,0,0.0997,0.3299,0.9387,0,0.9536,0.2376,-0.1848,0,0,0.1221,0,1]},
{"frame":13,"values":[-0.2855,0.9126,-0.2928,0,0.0992,0.332,0.938,0,0.9532,0.2388,-0.1853,0,0,0.1221,0,1]},
{"frame":14,"values":[-0.287,0.9116,-0.2941,0,0.1027,0.3346,0.9367,0,0.9524,0.2387,-0.1897,0,0,0.1221,0,1]},
{"frame":15,"values":[-0.2886,0.9109,-0.295,0,0.1101,0.3376,0.9348,0,0.9511,0.2373,-0.1977,0,0,0.1221,0,1]},
{"frame":16,"values":[-0.2903,0.9103,-0.295,0,0.1211,0.3408,0.9323,0,0.9492,0.2349,-0.2092,0,0,0.1221,0,1]},
{"frame":17,"values":[-0.2921,0.9099,-0.2945,0,0.1354,0.3441,0.9291,0,0.9468,0.2315,-0.2237,0,0,0.1221,0,1]},
{"frame":18,"values":[-0.2938,0.9097,-0.2934,0,0.1524,0.3476,0.9252,0,0.9436,0.2271,-0.2408,0,0,0.1221,0,1]},
{"frame":19,"values":[-0.2955,0.9096,-0.2921,0,0.1716,0.3513,0.9204,0,0.9398,0.2219,-0.2599,0,0,0.1221,0,1]},
{"frame":20,"values":[-0.2972,0.9096,-0.2904,0,0.1923,0.3549,0.9149,0,0.9353,0.216,-0.2804,0,0,0.1221,0,1]},
{"frame":21,"values":[-0.2989,0.9098,-0.288,0,0.2139,0.358,0.9089,0,0.93,0.2101,-0.3016,0,0,0.1221,0,1]},
{"frame":22,"values":[-0.3006,0.91,-0.2854,0,0.2357,0.3609,0.9024,0,0.9242,0.204,-0.3229,0,0,0.1221,0,1]},
{"frame":23,"values":[-0.3022,0.9103,-0.2829,0,0.2569,0.3635,0.8955,0,0.918,0.1979,-0.3437,0,0,0.1221,0,1]},
{"frame":24,"values":[-0.3036,0.9106,-0.2804,0,0.2772,0.3659,0.8884,0,0.9116,0.192,-0.3635,0,0,0.1221,0,1]},
{"frame":25,"values":[-0.3051,0.9109,-0.2776,0,0.2958,0.3678,0.8816,0,0.9052,0.1869,-0.3816,0,0,0.1221,0,1]},
{"frame":26,"values":[-0.3066,0.9113,-0.2749,0,0.3123,0.3691,0.8753,0,0.8991,0.1825,-0.3978,0,0,0.1221,0,1]},
{"frame":27,"values":[-0.3082,0.9116,-0.2721,0,0.3265,0.37,0.8698,0,0.8936,0.1792,-0.4116,0,0,0.1221,0,1]},
{"frame":28,"values":[-0.3097,0.9118,-0.2696,0,0.3382,0.3706,0.865,0,0.8887,0.1767,-0.4231,0,0,0.1221,0,1]},
{"frame":29,"values":[-0.3112,0.912,-0.2673,0,0.3468,0.3708,0.8615,0,0.8848,0.1755,-0.4317,0,0,0.1221,0,1]},
{"frame":30,"values":[-0.3128,0.9121,-0.2651,0,0.3524,0.3706,0.8593,0,0.882,0.1754,-0.4374,0,0,0.1221,0,1]},
{"frame":31,"values":[-0.3145,0.9121,-0.263,0,0.3563,0.3702,0.8579,0,0.8798,0.1761,-0.4414,0,0,0.1221,0,1]},
{"frame":32,"values":[-0.3163,0.9121,-0.2609,0,0.36,0.3699,0.8565,0,0.8777,0.1769,-0.4454,0,0,0.1221,0,1]},
{"frame":33,"values":[-0.318,0.912,-0.2592,0,0.3633,0.3697,0.8552,0,0.8757,0.1778,-0.4489,0,0,0.1221,0,1]},
{"frame":34,"values":[-0.3201,0.9119,-0.2569,0,0.3665,0.3693,0.854,0,0.8736,0.1792,-0.4524,0,0,0.1221,0,1]},
{"frame":35,"values":[-0.3222,0.9118,-0.2546,0,0.3696,0.3687,0.8529,0,0.8715,0.1807,-0.4558,0,0,0.1221,0,1]},
{"frame":36,"values":[-0.3243,0.9116,-0.2525,0,0.3729,0.3685,0.8516,0,0.8694,0.182,-0.4594,0,0,0.1221,0,1]},
{"frame":37,"values":[-0.3264,0.9115,-0.2505,0,0.3761,0.3683,0.8502,0,0.8672,0.1833,-0.463,0,0,0.1221,0,1]},
{"frame":38,"values":[-0.3286,0.9113,-0.2482,0,0.3797,0.368,0.8488,0,0.8648,0.1847,-0.4669,0,0,0.1221,0,1]},
{"frame":39,"values":[-0.3311,0.9112,-0.2454,0,0.3835,0.3675,0.8473,0,0.8622,0.1864,-0.4711,0,0,0.1221,0,1]},
{"frame":40,"values":[-0.3333,0.9109,-0.2431,0,0.3875,0.3674,0.8455,0,0.8595,0.1876,-0.4754,0,0,0.1221,0,1]},
{"frame":41,"values":[-0.3352,0.9108,-0.241,0,0.392,0.3674,0.8434,0,0.8567,0.1883,-0.4802,0,0,0.1221,0,1]},
{"frame":42,"values":[-0.3379,0.9107,-0.2375,0,0.397,0.3667,0.8414,0,0.8533,0.1901,-0.4855,0,0,0.1221,0,1]},
{"frame":43,"values":[-0.3399,0.9106,-0.2351,0,0.4024,0.3668,0.8388,0,0.85,0.1905,-0.4911,0,0,0.1221,0,1]},
{"frame":44,"values":[-0.3418,0.9106,-0.2321,0,0.4081,0.3663,0.8362,0,0.8465,0.1911,-0.4968,0,0,0.1221,0,1]},
{"frame":45,"values":[-0.3441,0.9106,-0.2289,0,0.4143,0.366,0.8333,0,0.8426,0.1919,-0.5032,0,0,0.1221,0,1]},
{"frame":46,"values":[-0.3458,0.9107,-0.2258,0,0.4207,0.3656,0.8303,0,0.8387,0.1921,-0.5095,0,0,0.1221,0,1]},
{"frame":47,"values":[-0.3471,0.911,-0.2228,0,0.4272,0.3651,0.8272,0,0.8349,0.1919,-0.5159,0,0,0.1221,0,1]},
{"frame":48,"values":[-0.3486,0.911,-0.2204,0,0.4337,0.3653,0.8237,0,0.8309,0.1916,-0.5224,0,0,0.1221,0,1]},
{"frame":49,"values":[-0.349,0.9112,-0.2191,0,0.44,0.3657,0.8202,0,0.8274,0.1898,-0.5285,0,0,0.1221,0,1]},
{"frame":50,"values":[-0.3503,0.9116,-0.2149,0,0.4467,0.3643,0.8172,0,0.8233,0.1903,-0.5348,0,0,0.1221,0,1]},
{"frame":51,"values":[-0.3505,0.9117,-0.2145,0,0.4524,0.3654,0.8136,0,0.8201,0.1881,-0.5405,0,0,0.1221,0,1]},
{"frame":52,"values":[-0.3495,0.9119,-0.215,0,0.4576,0.3664,0.8102,0,0.8176,0.1848,-0.5454,0,0,0.1221,0,1]},
{"frame":53,"values":[-0.3501,0.9124,-0.2119,0,0.463,0.3652,0.8076,0,0.8143,0.1846,-0.5503,0,0,0.1221,0,1]},
{"frame":54,"values":[-0.3509,0.9127,-0.2094,0,0.4677,0.3646,0.8052,0,0.8113,0.1846,-0.5548,0,0,0.1221,0,1]},
{"frame":55,"values":[-0.3494,0.9128,-0.2117,0,0.471,0.3664,0.8025,0,0.81,0.1807,-0.5579,0,0,0.1221,0,1]},
{"frame":56,"values":[-0.3475,0.9129,-0.2141,0,0.4737,0.3679,0.8002,0,0.8092,0.1767,-0.5603,0,0,0.1221,0,1]},
{"frame":57,"values":[-0.3457,0.9131,-0.2161,0,0.4757,0.3691,0.7984,0,0.8088,0.1732,-0.562,0,0,0.1221,0,1]},
{"frame":58,"values":[-0.3467,0.9134,-0.2132,0,0.478,0.3676,0.7978,0,0.8071,0.1747,-0.564,0,0,0.1221,0,1]},
{"frame":59,"values":[-0.3478,0.9137,-0.2103,0,0.4794,0.3661,0.7976,0,0.8057,0.1765,-0.5653,0,0,0.1221,0,1]},
{"frame":60,"values":[-0.3481,0.9138,-0.2093,0,0.4799,0.3656,0.7975,0,0.8053,0.1772,-0.5658,0,0,0.1221,0,1]},
{"frame":61,"values":[-0.3478,0.9136,-0.2105,0,0.4788,0.3661,0.7979,0,0.8061,0.1767,-0.5648,0,0,0.1221,0,1]},
{"frame":62,"values":[-0.3466,0.9133,-0.214,0,0.4756,0.3678,0.7991,0,0.8085,0.1752,-0.5618,0,0,0.1221,0,1]},
{"frame":63,"values":[-0.3448,0.9127,-0.2195,0,0.4701,0.3703,0.8012,0,0.8125,0.1731,-0.5567,0,0,0.1221,0,1]},
{"frame":64,"values":[-0.3442,0.912,-0.2232,0,0.4631,0.3717,0.8046,0,0.8167,0.1735,-0.5503,0,0,0.1221,0,1]},
{"frame":65,"values":[-0.3447,0.9113,-0.2253,0,0.4546,0.3721,0.8093,0,0.8213,0.1765,-0.5425,0,0,0.1221,0,1]},
{"frame":66,"values":[-0.3452,0.9105,-0.2277,0,0.4442,0.3722,0.8149,0,0.8267,0.1802,-0.5329,0,0,0.1221,0,1]},
{"frame":67,"values":[-0.3455,0.9097,-0.2304,0,0.4319,0.3721,0.8216,0,0.8331,0.1844,-0.5215,0,0,0.1221,0,1]},
{"frame":68,"values":[-0.3453,0.9089,-0.2336,0,0.4178,0.3718,0.829,0,0.8404,0.1887,-0.5081,0,0,0.1221,0,1]},
{"frame":69,"values":[-0.3416,0.9075,-0.2446,0,0.4003,0.376,0.8357,0,0.8503,0.1875,-0.4917,0,0,0.1221,0,1]},
{"frame":70,"values":[-0.3412,0.9062,-0.2498,0,0.3821,0.3765,0.8439,0,0.8588,0.1925,-0.4748,0,0,0.1221,0,1]},
{"frame":71,"values":[-0.3413,0.905,-0.2538,0,0.3624,0.3758,0.8529,0,0.8673,0.1992,-0.4562,0,0,0.1221,0,1]},
{"frame":72,"values":[-0.3408,0.9041,-0.258,0,0.3411,0.3746,0.8622,0,0.8761,0.2058,-0.436,0,0,0.1221,0,1]},
{"frame":73,"values":[-0.338,0.9028,-0.266,0,0.3174,0.3754,0.8708,0,0.886,0.2099,-0.4134,0,0,0.1221,0,1]},
{"frame":74,"values":[-0.3376,0.9015,-0.2707,0,0.2928,0.3739,0.88,0,0.8946,0.2179,-0.3902,0,0,0.1221,0,1]},
{"frame":75,"values":[-0.3366,0.9003,-0.2758,0,0.2669,0.3721,0.889,0,0.903,0.2256,-0.3656,0,0,0.1221,0,1]},
{"frame":76,"values":[-0.3355,0.8994,-0.2801,0,0.2399,0.3691,0.8979,0,0.911,0.234,-0.3396,0,0,0.1221,0,1]},
{"frame":77,"values":[-0.333,0.8982,-0.2868,0,0.2117,0.3677,0.9055,0,0.9188,0.2408,-0.3126,0,0,0.1221,0,1]},
{"frame":78,"values":[-0.3319,0.8972,-0.2914,0,0.1831,0.3643,0.9131,0,0.9254,0.2497,-0.2852,0,0,0.1221,0,1]},
{"frame":79,"values":[-0.3299,0.8962,-0.2966,0,0.1541,0.3611,0.9197,0,0.9313,0.2578,-0.2572,0,0,0.1221,0,1]},
{"frame":80,"values":[-0.3274,0.8954,-0.3016,0,0.1248,0.3574,0.9256,0,0.9366,0.2654,-0.2288,0,0,0.1221,0,1]},
{"frame":81,"values":[-0.3252,0.8945,-0.3066,0,0.0958,0.3538,0.9304,0,0.9408,0.2732,-0.2008,0,0,0.1221,0,1]},
{"frame":82,"values":[-0.3231,0.894,-0.3106,0,0.0674,0.3491,0.9347,0,0.944,0.2811,-0.173,0,0,0.1221,0,1]},
{"frame":83,"values":[-0.3205,0.8934,-0.3149,0,0.0398,0.3448,0.9378,0,0.9464,0.288,-0.1461,0,0,0.1221,0,1]},
{"frame":84,"values":[-0.3178,0.893,-0.3186,0,0.0133,0.3402,0.9403,0,0.9481,0.2946,-0.12,0,0,0.1221,0,1]},
{"frame":85,"values":[-0.3153,0.8928,-0.3218,0,-0.0115,0.3354,0.942,0,0.9489,0.3008,-0.0955,0,0,0.1221,0,1]},
{"frame":86,"values":[-0.3128,0.8926,-0.3247,0,-0.0347,0.3309,0.943,0,0.9492,0.3062,-0.0725,0,0,0.1221,0,1]},
{"frame":87,"values":[-0.3104,0.8926,-0.3269,0,-0.0561,0.3261,0.9437,0,0.949,0.3112,-0.0512,0,0,0.1221,0,1]},
{"frame":88,"values":[-0.3079,0.8927,-0.329,0,-0.0752,0.3218,0.9438,0,0.9485,0.3153,-0.032,0,0,0.1221,0,1]},
{"frame":89,"values":[-0.3053,0.8929,-0.3308,0,-0.0923,0.3181,0.9436,0,0.9478,0.3186,-0.0147,0,0,0.1221,0,1]},
{"frame":90,"values":[-0.303,0.8933,-0.3319,0,-0.1067,0.3142,0.9433,0,0.947,0.3213,0.0001,0,0,0.1221,0,1]},
{"frame":91,"values":[-0.3009,0.8938,-0.3326,0,-0.1189,0.3109,0.943,0,0.9462,0.3233,0.0127,0,0,0.1221,0,1]},
{"frame":92,"values":[-0.2987,0.8943,-0.3331,0,-0.1284,0.3082,0.9426,0,0.9457,0.3243,0.0228,0,0,0.1221,0,1]},
{"frame":93,"values":[-0.2967,0.8949,-0.3333,0,-0.1355,0.306,0.9423,0,0.9453,0.3247,0.0305,0,0,0.1221,0,1]},
{"frame":94,"values":[-0.2948,0.8956,-0.3331,0,-0.1401,0.3043,0.9422,0,0.9452,0.3244,0.0358,0,0,0.1221,0,1]},
{"frame":95,"values":[-0.293,0.8964,-0.3326,0,-0.1423,0.3031,0.9423,0,0.9455,0.3234,0.0388,0,0,0.1221,0,1]},
{"frame":96,"values":[-0.2915,0.8972,-0.3317,0,-0.1421,0.3023,0.9426,0,0.946,0.3219,0.0394,0,0,0.1221,0,1]},
{"frame":97,"values":[-0.29,0.8981,-0.3306,0,-0.1397,0.302,0.943,0,0.9468,0.3196,0.0379,0,0,0.1221,0,1]},
{"frame":98,"values":[-0.2887,0.8991,-0.3291,0,-0.135,0.3021,0.9437,0,0.9479,0.3168,0.0341,0,0,0.1221,0,1]},
{"frame":99,"values":[-0.2875,0.9001,-0.3273,0,-0.1282,0.3025,0.9445,0,0.9492,0.3135,0.0284,0,0,0.1221,0,1]},
{"frame":100,"values":[-0.2865,0.9012,-0.3253,0,-0.1193,0.3033,0.9454,0,0.9506,0.3097,0.0206,0,0,0.1221,0,1]},
{"frame":101,"values":[-0.2856,0.9023,-0.3229,0,-0.1085,0.3043,0.9464,0,0.9522,0.3053,0.011,0,0,0.1221,0,1]},
{"frame":102,"values":[-0.2848,0.9035,-0.3203,0,-0.0959,0.3056,0.9473,0,0.9538,0.3005,-0.0004,0,0,0.1221,0,1]},
{"frame":103,"values":[-0.2841,0.9048,-0.3173,0,-0.0815,0.3069,0.9482,0,0.9553,0.2952,-0.0134,0,0,0.1221,0,1]},
{"frame":104,"values":[-0.2834,0.9061,-0.314,0,-0.0656,0.3084,0.949,0,0.9567,0.2896,-0.028,0,0,0.1221,0,1]},
{"frame":105,"values":[-0.2828,0.9075,-0.3106,0,-0.0481,0.31,0.9495,0,0.958,0.2835,-0.044,0,0,0.1221,0,1]},
{"frame":106,"values":[-0.2823,0.909,-0.3068,0,-0.0292,0.3115,0.9498,0,0.9589,0.2771,-0.0613,0,0,0.1221,0,1]},
{"frame":107,"values":[-0.2817,0.9105,-0.3027,0,-0.0091,0.313,0.9497,0,0.9595,0.2703,-0.0799,0,0,0.1221,0,1]},
{"frame":108,"values":[-0.2812,0.9121,-0.2985,0,0.0122,0.3144,0.9492,0,0.9596,0.2632,-0.0995,0,0,0.1221,0,1]},
{"frame":109,"values":[-0.2807,0.9137,-0.2939,0,0.0346,0.3156,0.9483,0,0.9592,0.256,-0.1202,0,0,0.1221,0,1]},
{"frame":110,"values":[-0.28,0.9154,-0.2891,0,0.0579,0.3167,0.9467,0,0.9582,0.2484,-0.1417,0,0,0.1221,0,1]},
{"frame":111,"values":[-0.2794,0.9171,-0.2844,0,0.0819,0.3178,0.9446,0,0.9567,0.2406,-0.1639,0,0,0.1221,0,1]},
{"frame":112,"values":[-0.2786,0.9188,-0.2795,0,0.1066,0.3188,0.9418,0,0.9545,0.2325,-0.1868,0,0,0.1221,0,1]},
{"frame":113,"values":[-0.2777,0.9206,-0.2745,0,0.1318,0.3196,0.9384,0,0.9516,0.2244,-0.2101,0,0,0.1221,0,1]},
{"frame":114,"values":[-0.277,0.9224,-0.2691,0,0.1571,0.3198,0.9344,0,0.9479,0.2166,-0.2335,0,0,0.1221,0,1]},
{"frame":115,"values":[-0.2762,0.9242,-0.2639,0,0.1823,0.32,0.9297,0,0.9437,0.2086,-0.2569,0,0,0.1221,0,1]},
{"frame":116,"values":[-0.2751,0.9258,-0.2592,0,0.2068,0.3203,0.9245,0,0.9389,0.2007,-0.2796,0,0,0.1221,0,1]},
{"frame":117,"values":[-0.274,0.9273,-0.255,0,0.2297,0.3206,0.919,0,0.9339,0.1933,-0.3008,0,0,0.1221,0,1]},
{"frame":118,"values":[-0.273,0.9286,-0.2513,0,0.2497,0.3207,0.9137,0,0.9291,0.1867,-0.3194,0,0,0.1221,0,1]},
{"frame":119,"values":[-0.2722,0.9295,-0.2487,0,0.264,0.3207,0.9097,0,0.9253,0.182,-0.3327,0,0,0.1221,0,1]},
{"frame":120,"values":[-0.2719,0.9299,-0.2477,0,0.2693,0.3207,0.9081,0,0.9239,0.1802,-0.3376,0,0,0.1221,0,1]}],"loopBehavior":1,"name":"anim","property":"_matrix"}},
{"name":"LeftLeg","index":3,"matrix":[0.9989,0.023,0.0402,0,-0.029,0.9874,0.1555,0,-0.0361,-0.1565,0.987,0,0,0.3739,0,1],"rest":[0.9971,0.0545,0.0527,0,-0.0616,0.9874,0.1455,0,-0.0441,-0.1483,0.988,0,0,0.3739,0,1],"parentBoneIndex":2,"length":0.4583
,"animation":{"dataType":3,"framePerSecond":24,"keys":[
{"frame":1,"values":[0.9989,0.023,0.0402,0,-0.029,0.9874,0.1555,0,-0.0361,-0.1565,0.987,0,0,0.3739,0,1]},
{"frame":2,"values":[0.9989,0.025,0.0405,0,-0.0315,0.9851,0.1693,0,-0.0357,-0.1703,0.9847,0,0,0.3739,0,1]},
{"frame":3,"values":[0.9987,0.0302,0.0414,0,-0.0381,0.9779,0.2056,0,-0.0343,-0.2069,0.9778,0,0,0.3739,0,1]},
{"frame":4,"values":[0.9984,0.0371,0.043,0,-0.0469,0.966,0.2543,0,-0.0321,-0.2559,0.9662,0,0,0.3739,0,1]},
{"frame":5,"values":[0.998,0.0448,0.0451,0,-0.0566,0.9494,0.309,0,-0.0289,-0.3109,0.95,0,0,0.3739,0,1]},
{"frame":6,"values":[0.9974,0.0534,0.0477,0,-0.0672,0.9283,0.3656,0,-0.0248,-0.3679,0.9295,0,0,0.3739,0,1]},
{"frame":7,"values":[0.9968,0.0618,0.0509,0,-0.0775,0.9032,0.4222,0,-0.0198,-0.4248,0.9051,0,0,0.3739,0,1]},
{"frame":8,"values":[0.9961,0.0689,0.0543,0,-0.0864,0.8744,0.4774,0,-0.0146,-0.4803,0.877,0,0,0.3739,0,1]},
{"frame":9,"values":[0.9955,0.0753,0.0578,0,-0.0945,0.8427,0.5301,0,-0.0088,-0.5331,0.846,0,0,0.3739,0,1]},
{"frame":10,"values":[0.9948,0.0813,0.0616,0,-0.1019,0.8086,0.5794,0,-0.0027,-0.5827,0.8127,0,0,0.3739,0,1]},
{"frame":11,"values":[0.9941,0.0868,0.0653,0,-0.1086,0.7731,0.6249,0,0.0037,-0.6283,0.778,0,0,0.3739,0,1]},
{"frame":12,"values":[0.9935,0.0911,0.0689,0,-0.1138,0.7369,0.6664,0,0.01,-0.6698,0.7424,0,0,0.3739,0,1]},
{"frame":13,"values":[0.9929,0.0946,0.0721,0,-0.1179,0.7009,0.7035,0,0.016,-0.707,0.707,0,0,0.3739,0,1]},
{"frame":14,"values":[0.9924,0.0974,0.075,0,-0.121,0.6658,0.7363,0,0.0218,-0.7398,0.6725,0,0,0.3739,0,1]},
{"frame":15,"values":[0.992,0.0998,0.0774,0,-0.1234,0.6323,0.7648,0,0.0274,-0.7682,0.6396,0,0,0.3739,0,1]},
{"frame":16,"values":[0.9917,0.1014,0.0794,0,-0.1247,0.6011,0.7894,0,0.0323,-0.7927,0.6088,0,0,0.3739,0,1]},
{"frame":17,"values":[0.9914,0.1025,0.0809,0,-0.1253,0.5725,0.8103,0,0.0368,-0.8134,0.5805,0,0,0.3739,0,1]},
{"frame":18,"values":[0.9913,0.1034,0.0818,0,-0.1254,0.5468,0.8278,0,0.0409,-0.8308,0.555,0,0,0.3739,0,1]},
{"frame":19,"values":[0.9911,0.1042,0.0824,0,-0.1251,0.524,0.8425,0,0.0446,-0.8453,0.5324,0,0,0.3739,0,1]},
{"frame":20,"values":[0.9911,0.1048,0.0826,0,-0.1245,0.5041,0.8547,0,0.0479,-0.8573,0.5126,0,0,0.3739,0,1]},
{"frame":21,"values":[0.9911,0.105,0.0823,0,-0.1234,0.4866,0.8649,0,0.0507,-0.8673,0.4952,0,0,0.3739,0,1]},
{"frame":22,"values":[0.9911,0.1052,0.0818,0,-0.1221,0.4714,0.8735,0,0.0533,-0.8757,0.48,0,0,0.3739,0,1]},
{"frame":23,"values":[0.9911,0.1055,0.0812,0,-0.1209,0.4577,0.8808,0,0.0557,-0.8828,0.4664,0,0,0.3739,0,1]},
{"frame":24,"values":[0.9911,0.106,0.0805,0,-0.1197,0.4454,0.8873,0,0.0581,-0.889,0.4542,0,0,0.3739,0,1]},
{"frame":25,"values":[0.9911,0.1065,0.0798,0,-0.1185,0.4337,0.8933,0,0.0605,-0.8948,0.4424,0,0,0.3739,0,1]},
{"frame":26,"values":[0.9911,0.1072,0.079,0,-0.1173,0.422,0.899,0,0.063,-0.9003,0.4308,0,0,0.3739,0,1]},
{"frame":27,"values":[0.9911,0.1078,0.0785,0,-0.1162,0.4099,0.9047,0,0.0654,-0.9058,0.4187,0,0,0.3739,0,1]},
{"frame":28,"values":[0.991,0.1086,0.0782,0,-0.1153,0.3971,0.9105,0,0.0678,-0.9113,0.4061,0,0,0.3739,0,1]},
{"frame":29,"values":[0.9909,0.1095,0.0781,0,-0.1146,0.383,0.9166,0,0.0704,-0.9172,0.3921,0,0,0.3739,0,1]},
{"frame":30,"values":[0.9908,0.1106,0.0783,0,-0.114,0.3674,0.923,0,0.0733,-0.9235,0.3766,0,0,0.3739,0,1]},
{"frame":31,"values":[0.9906,0.1121,0.0787,0,-0.1135,0.3501,0.9298,0,0.0767,-0.93,0.3595,0,0,0.3739,0,1]},
{"frame":32,"values":[0.9903,0.114,0.0791,0,-0.113,0.3314,0.9367,0,0.0806,-0.9366,0.341,0,0,0.3739,0,1]},
{"frame":33,"values":[0.99,0.1163,0.0799,0,-0.1127,0.3109,0.9437,0,0.0849,-0.9433,0.3209,0,0,0.3739,0,1]},
{"frame":34,"values":[0.9897,0.1184,0.0809,0,-0.1123,0.2891,0.9507,0,0.0892,-0.9499,0.2994,0,0,0.3739,0,1]},
{"frame":35,"values":[0.9892,0.1211,0.082,0,-0.1119,0.266,0.9574,0,0.0941,-0.9563,0.2767,0,0,0.3739,0,1]},
{"frame":36,"values":[0.9887,0.1245,0.0833,0,-0.1117,0.2421,0.9638,0,0.0998,-0.9622,0.2533,0,0,0.3739,0,1]},
{"frame":37,"values":[0.9881,0.1285,0.0847,0,-0.1114,0.2171,0.9698,0,0.1062,-0.9676,0.2289,0,0,0.3739,0,1]},
{"frame":38,"values":[0.9874,0.133,0.0862,0,-0.111,0.1917,0.9752,0,0.1132,-0.9724,0.2041,0,0,0.3739,0,1]},
{"frame":39,"values":[0.9866,0.1374,0.0883,0,-0.1108,0.1658,0.9799,0,0.12,-0.9765,0.1788,0,0,0.3739,0,1]},
{"frame":40,"values":[0.9856,0.1431,0.0903,0,-0.1105,0.1396,0.984,0,0.1282,-0.9798,0.1534,0,0,0.3739,0,1]},
{"frame":41,"values":[0.9843,0.1503,0.0921,0,-0.1097,0.1139,0.9874,0,0.1379,-0.9821,0.1286,0,0,0.3739,0,1]},
{"frame":42,"values":[0.9832,0.1562,0.095,0,-0.1097,0.0883,0.99,0,0.1462,-0.9838,0.104,0,0,0.3739,0,1]},
{"frame":43,"values":[0.9816,0.1644,0.0974,0,-0.1091,0.0636,0.992,0,0.1569,-0.9843,0.0804,0,0,0.3739,0,1]},
{"frame":44,"values":[0.9798,0.1733,0.0998,0,-0.1082,0.0396,0.9933,0,0.1682,-0.9841,0.0575,0,0,0.3739,0,1]},
{"frame":45,"values":[0.9778,0.1822,0.1031,0,-0.1079,0.0168,0.994,0,0.1794,-0.9831,0.0361,0,0,0.3739,0,1]},
{"frame":46,"values":[0.9756,0.1923,0.106,0,-0.1071,-0.0047,0.9942,0,0.1916,-0.9813,0.016,0,0,0.3739,0,1]},
{"frame":47,"values":[0.9729,0.2039,0.1088,0,-0.106,-0.0249,0.9941,0,0.2054,-0.9787,-0.0026,0,0,0.3739,0,1]},
{"frame":48,"values":[0.9702,0.2149,0.1124,0,-0.1055,-0.0434,0.9935,0,0.2184,-0.9757,-0.0195,0,0,0.3739,0,1]},
{"frame":49,"values":[0.9668,0.2283,0.1149,0,-0.1037,-0.0606,0.9928,0,0.2337,-0.9717,-0.0349,0,0,0.3739,0,1]},
{"frame":50,"values":[0.9635,0.2401,0.1184,0,-0.103,-0.0758,0.9918,0,0.2471,-0.9678,-0.0483,0,0,0.3739,0,1]},
{"frame":51,"values":[0.9598,0.2531,0.1214,0,-0.1017,-0.0895,0.9908,0,0.2616,-0.9633,-0.0602,0,0,0.3739,0,1]},
{"frame":52,"values":[0.9557,0.2674,0.1231,0,-0.099,-0.1017,0.9899,0,0.2772,-0.9582,-0.0707,0,0,0.3739,0,1]},
{"frame":53,"values":[0.9519,0.2791,0.126,0,-0.098,-0.1121,0.9888,0,0.2902,-0.9537,-0.0794,0,0,0.3739,0,1]},
{"frame":54,"values":[0.9485,0.289,0.1294,0,-0.0978,-0.1211,0.9878,0,0.3012,-0.9496,-0.0866,0,0,0.3739,0,1]},
{"frame":55,"values":[0.9447,0.301,0.1303,0,-0.0952,-0.1285,0.9871,0,0.3139,-0.9449,-0.0928,0,0,0.3739,0,1]},
{"frame":56,"values":[0.9411,0.3121,0.1305,0,-0.0922,-0.1345,0.9866,0,0.3254,-0.9405,-0.0978,0,0,0.3739,0,1]},
{"frame":57,"values":[0.9379,0.3213,0.1305,0,-0.0896,-0.1392,0.9862,0,0.335,-0.9367,-0.1018,0,0,0.3739,0,1]},
{"frame":58,"values":[0.9364,0.3251,0.1325,0,-0.0901,-0.1423,0.9857,0,0.3393,-0.9349,-0.1039,0,0,0.3739,0,1]},
{"frame":59,"values":[0.9355,0.3267,0.1342,0,-0.091,-0.1442,0.9854,0,0.3413,-0.9341,-0.1052,0,0,0.3739,0,1]},
{"frame":60,"values":[0.9353,0.3272,0.1348,0,-0.0913,-0.1449,0.9852,0,0.3419,-0.9338,-0.1056,0,0,0.3739,0,1]},
{"frame":61,"values":[0.9355,0.3268,0.1345,0,-0.0909,-0.1452,0.9852,0,0.3415,-0.9339,-0.1062,0,0,0.3739,0,1]},
{"frame":62,"values":[0.936,0.3256,0.1335,0,-0.0896,-0.1464,0.9852,0,0.3403,-0.9341,-0.1078,0,0,0.3739,0,1]},
{"frame":63,"values":[0.937,0.3235,0.132,0,-0.0876,-0.1484,0.985,0,0.3382,-0.9345,-0.1107,0,0,0.3739,0,1]},
{"frame":64,"values":[0.9389,0.3181,0.1316,0,-0.0869,-0.1509,0.9847,0,0.3331,-0.936,-0.114,0,0,0.3739,0,1]},
{"frame":65,"values":[0.9416,0.3098,0.1323,0,-0.0876,-0.1541,0.9842,0,0.3253,-0.9382,-0.1179,0,0,0.3739,0,1]},
{"frame":66,"values":[0.9446,0.3002,0.1329,0,-0.0883,-0.1578,0.9835,0,0.3163,-0.9407,-0.1226,0,0,0.3739,0,1]},
{"frame":67,"values":[0.9477,0.2899,0.1334,0,-0.0887,-0.1621,0.9828,0,0.3065,-0.9432,-0.1279,0,0,0.3739,0,1]},
{"frame":68,"values":[0.9509,0.2794,0.1333,0,-0.0887,-0.1667,0.982,0,0.2966,-0.9456,-0.1338,0,0,0.3739,0,1]},
{"frame":69,"values":[0.9532,0.2725,0.1308,0,-0.0856,-0.1718,0.9814,0,0.2899,-0.9467,-0.1404,0,0,0.3739,0,1]},
{"frame":70,"values":[0.9565,0.2606,0.131,0,-0.0861,-0.1767,0.9805,0,0.2786,-0.9491,-0.1466,0,0,0.3739,0,1]},
{"frame":71,"values":[0.9598,0.248,0.1314,0,-0.0871,-0.1818,0.9795,0,0.2668,-0.9516,-0.1529,0,0,0.3739,0,1]},
{"frame":72,"values":[0.9628,0.2362,0.1312,0,-0.0876,-0.1864,0.9786,0,0.2556,-0.9537,-0.1588,0,0,0.3739,0,1]},
{"frame":73,"values":[0.9651,0.2273,0.1299,0,-0.0866,-0.1908,0.9778,0,0.247,-0.955,-0.1645,0,0,0.3739,0,1]},
{"frame":74,"values":[0.9679,0.2149,0.1301,0,-0.0881,-0.1945,0.9769,0,0.2353,-0.9571,-0.1693,0,0,0.3739,0,1]},
{"frame":75,"values":[0.9703,0.2041,0.13,0,-0.0893,-0.1975,0.9762,0,0.225,-0.9588,-0.1734,0,0,0.3739,0,1]},
{"frame":76,"values":[0.9724,0.1937,0.1297,0,-0.0904,-0.1996,0.9757,0,0.2149,-0.9605,-0.1766,0,0,0.3739,0,1]},
{"frame":77,"values":[0.9741,0.1854,0.1292,0,-0.0913,-0.2002,0.9755,0,0.2068,-0.962,-0.1781,0,0,0.3739,0,1]},
{"frame":78,"values":[0.9759,0.1757,0.1294,0,-0.0934,-0.1997,0.9754,0,0.1972,-0.964,-0.1785,0,0,0.3739,0,1]},
{"frame":79,"values":[0.9773,0.1677,0.1292,0,-0.0952,-0.1972,0.9757,0,0.1891,-0.9659,-0.1768,0,0,0.3739,0,1]},
{"frame":80,"values":[0.9785,0.161,0.1289,0,-0.0968,-0.1931,0.9764,0,0.1821,-0.9679,-0.1734,0,0,0.3739,0,1]},
{"frame":81,"values":[0.9796,0.1541,0.129,0,-0.0993,-0.1868,0.9774,0,0.1747,-0.9702,-0.1677,0,0,0.3739,0,1]},
{"frame":82,"values":[0.9806,0.1479,0.1289,0,-0.1018,-0.1785,0.9787,0,0.1678,-0.9728,-0.16,0,0,0.3739,0,1]},
{"frame":83,"values":[0.9813,0.1427,0.1289,0,-0.1044,-0.1676,0.9803,0,0.1615,-0.9755,-0.1496,0,0,0.3739,0,1]},
{"frame":84,"values":[0.982,0.1384,0.1287,0,-0.107,-0.1544,0.9822,0,0.1558,-0.9783,-0.1368,0,0,0.3739,0,1]},
{"frame":85,"values":[0.9826,0.1341,0.1286,0,-0.1099,-0.1384,0.9843,0,0.1498,-0.9812,-0.1212,0,0,0.3739,0,1]},
{"frame":86,"values":[0.9831,0.1305,0.1285,0,-0.113,-0.1197,0.9864,0,0.1441,-0.9842,-0.1029,0,0,0.3739,0,1]},
{"frame":87,"values":[0.9835,0.1274,0.1282,0,-0.116,-0.0984,0.9884,0,0.1386,-0.987,-0.082,0,0,0.3739,0,1]},
{"frame":88,"values":[0.9839,0.125,0.1277,0,-0.1191,-0.0741,0.9901,0,0.1333,-0.9894,-0.0581,0,0,0.3739,0,1]},
{"frame":89,"values":[0.9842,0.1232,0.1271,0,-0.1221,-0.0473,0.9914,0,0.1281,-0.9913,-0.0315,0,0,0.3739,0,1]},
{"frame":90,"values":[0.9845,0.1215,0.1262,0,-0.125,-0.0176,0.992,0,0.1227,-0.9924,-0.0021,0,0,0.3739,0,1]},
{"frame":91,"values":[0.9848,0.1201,0.1252,0,-0.1279,0.0148,0.9917,0,0.1172,-0.9927,0.0299,0,0,0.3739,0,1]},
{"frame":92,"values":[0.9851,0.1193,0.1239,0,-0.1305,0.0495,0.9902,0,0.112,-0.9916,0.0644,0,0,0.3739,0,1]},
{"frame":93,"values":[0.9854,0.1186,0.1224,0,-0.133,0.0866,0.9873,0,0.1065,-0.9892,0.1011,0,0,0.3739,0,1]},
{"frame":94,"values":[0.9857,0.1181,0.1206,0,-0.1353,0.1258,0.9828,0,0.1009,-0.985,0.14,0,0,0.3739,0,1]},
{"frame":95,"values":[0.9859,0.1178,0.1185,0,-0.1373,0.1671,0.9763,0,0.0952,-0.9789,0.1809,0,0,0.3739,0,1]},
{"frame":96,"values":[0.9863,0.1173,0.1161,0,-0.1389,0.2099,0.9678,0,0.0892,-0.9706,0.2234,0,0,0.3739,0,1]},
{"frame":97,"values":[0.9866,0.1169,0.1135,0,-0.1402,0.2542,0.9569,0,0.0831,-0.9601,0.2672,0,0,0.3739,0,1]},
{"frame":98,"values":[0.987,0.1165,0.1106,0,-0.141,0.2995,0.9436,0,0.0768,-0.9469,0.3121,0,0,0.3739,0,1]},
{"frame":99,"values":[0.9875,0.1158,0.1074,0,-0.1414,0.3457,0.9276,0,0.0703,-0.9312,0.3577,0,0,0.3739,0,1]},
{"frame":100,"values":[0.9879,0.1148,0.1039,0,-0.1412,0.3923,0.9089,0,0.0636,-0.9126,0.4038,0,0,0.3739,0,1]},
{"frame":101,"values":[0.9885,0.1137,0.1002,0,-0.1405,0.4392,0.8873,0,0.0569,-0.8912,0.4501,0,0,0.3739,0,1]},
{"frame":102,"values":[0.989,0.1121,0.0963,0,-0.1391,0.4859,0.8629,0,0.0499,-0.8668,0.4961,0,0,0.3739,0,1]},
{"frame":103,"values":[0.9896,0.11,0.0922,0,-0.137,0.5321,0.8356,0,0.0429,-0.8395,0.5416,0,0,0.3739,0,1]},
{"frame":104,"values":[0.9903,0.1075,0.088,0,-0.1342,0.5774,0.8053,0,0.0358,-0.8093,0.5863,0,0,0.3739,0,1]},
{"frame":105,"values":[0.991,0.1047,0.0836,0,-0.1309,0.6217,0.7723,0,0.0288,-0.7762,0.6298,0,0,0.3739,0,1]},
{"frame":106,"values":[0.9917,0.1012,0.0792,0,-0.1267,0.6645,0.7365,0,0.0219,-0.7404,0.6718,0,0,0.3739,0,1]},
{"frame":107,"values":[0.9924,0.0972,0.0748,0,-0.1218,0.7055,0.6981,0,0.015,-0.702,0.7121,0,0,0.3739,0,1]},
{"frame":108,"values":[0.9932,0.0927,0.0705,0,-0.1161,0.7446,0.6573,0,0.0084,-0.661,0.7503,0,0,0.3739,0,1]},
{"frame":109,"values":[0.994,0.0873,0.0662,0,-0.1096,0.7814,0.6143,0,0.0019,-0.6179,0.7863,0,0,0.3739,0,1]},
{"frame":110,"values":[0.9947,0.0817,0.0622,0,-0.1025,0.8158,0.5692,0,-0.0042,-0.5726,0.8198,0,0,0.3739,0,1]},
{"frame":111,"values":[0.9954,0.0757,0.0583,0,-0.095,0.8474,0.5224,0,-0.0099,-0.5256,0.8507,0,0,0.3739,0,1]},
{"frame":112,"values":[0.9961,0.0693,0.0547,0,-0.0871,0.8761,0.4742,0,-0.0151,-0.4771,0.8787,0,0,0.3739,0,1]},
{"frame":113,"values":[0.9967,0.0626,0.0515,0,-0.0786,0.9018,0.425,0,-0.0198,-0.4276,0.9037,0,0,0.3739,0,1]},
{"frame":114,"values":[0.9973,0.055,0.0485,0,-0.0692,0.9243,0.3754,0,-0.0242,-0.3777,0.9256,0,0,0.3739,0,1]},
{"frame":115,"values":[0.9978,0.0475,0.046,0,-0.0599,0.9435,0.326,0,-0.0279,-0.3281,0.9442,0,0,0.3739,0,1]},
{"frame":116,"values":[0.9982,0.0406,0.0439,0,-0.0512,0.9592,0.2779,0,-0.0309,-0.2796,0.9596,0,0,0.3739,0,1]},
{"frame":117,"values":[0.9985,0.0342,0.0423,0,-0.0432,0.9715,0.233,0,-0.0331,-0.2345,0.9716,0,0,0.3739,0,1]},
{"frame":118,"values":[0.9987,0.0286,0.0411,0,-0.036,0.9804,0.1938,0,-0.0348,-0.195,0.9802,0,0,0.3739,0,1]},
{"frame":119,"values":[0.9989,0.0245,0.0404,0,-0.0309,0.9857,0.1658,0,-0.0358,-0.1669,0.9853,0,0,0.3739,0,1]},
{"frame":120,"values":[0.9989,0.023,0.0402,0,-0.029,0.9874,0.1555,0,-0.0361,-0.1565,0.987,0,0,0.3739,0,1]}],"loopBehavior":1,"name":"anim","property":"_matrix"}},
{"name":"LeftFoot","index":4,"matrix":[0.9966,-0.0173,0.0804,0,0.0822,0.2094,-0.9744,0,0,0.9777,0.2101,0,0,0.4583,0,1],"rest":[0.9966,-0.0173,0.0804,0,0.0822,0.2094,-0.9744,0,0,0.9777,0.2101,0,0,0.4583,0,1],"parentBoneIndex":3,"length":0.1465
,"animation":{"dataType":3,"framePerSecond":24,"keys":[
{"frame":1,"values":[0.9966,-0.0173,0.0804,0,0.0822,0.2094,-0.9744,0,0,0.9777,0.2101,0,0,0.4583,0,1]},
