{"producer":{"name":"Blender","version":"2.76 (sub 0)","exporter_version":"5.2.0","file":"Dave_a.babylon"},
"autoClear":true,"clearColor":[0.0509,0.0509,0.0509],"ambientColor":[0,0,0],"gravity":[0,-9.81,0],
"materials":[{"name":"Dave_a.Character","id":"Dave_a.Character","ambient":[0.8,0.8,0.8],"diffuse":[0.64,0.64,0.64],"specular":[0,0,0],"emissive":[0,0,0],"specularPower":50,"alpha":1,"backFaceCulling":true,"checkReadyOnlyOnce":false,"maxSimultaneousLights":4, 
"diffuseTexture":{"name":"Character Texture.psd","level":1,"hasAlpha":1,"coordinatesMode":0,"uOffset":0,"vOffset":0,"uScale":1,"vScale":1,"uAng":0,"vAng":0,"wAng":0,"wrapU":1,"wrapV":1,"coordinatesIndex":0}}],
"multiMaterials":[],
"skeletons":[{"name":"Armature","id":0,"dimensionsAtRest":[9.2143,15.2694,4.1499],"bones":[
{"name":"Root","index":0,"matrix":[-1,0,0,0,0,0,-1,0,0,1,0,0,0.0525,0,-0.0583,1],"rest":[-1,0,0,0,0,0,-1,0,0,1,0,0,0.0525,0,-0.0583,1],"parentBoneIndex":-1,"length":2.1505
,"animation":{"dataType":3,"framePerSecond":24,"keys":[
{"frame":1,"values":[-1,0,0,0,0,0,-1,0,0,1,0,0,0.0525,0,-0.0583,1]},
{"frame":33,"values":[-1,0,0,0,0,0,-1,0,0,1,0,0,0.0525,0,-0.0583,1]}],"loopBehavior":1,"name":"anim","property":"_matrix"}},
{"name":"Torso","index":1,"matrix":[0.984,-0.161,0.0767,0,-0.0536,0.1433,0.9882,0,-0.1701,-0.9765,0.1324,0,0,0,5.3,1],"rest":[1,0,0,0,0,0.0671,0.9977,0,0,-0.9977,0.0671,0,0,0,5.6119,1],"parentBoneIndex":0,"length":2.4738
,"animation":{"dataType":3,"framePerSecond":24,"keys":[
{"frame":1,"values":[0.984,-0.161,0.0767,0,-0.0536,0.1433,0.9882,0,-0.1701,-0.9765,0.1324,0,0,0,5.3,1]},
{"frame":2,"values":[0.9846,-0.1555,0.0793,0,-0.057,0.1433,0.988,0,-0.165,-0.9774,0.1323,0,-0.0102,0,5.2669,1]},
{"frame":3,"values":[0.9867,-0.1381,0.0859,0,-0.066,0.143,0.9875,0,-0.1487,-0.98,0.132,0,-0.0367,0,5.1803,1]},
{"frame":4,"values":[0.9894,-0.1125,0.0917,0,-0.0754,0.1416,0.9871,0,-0.124,-0.9835,0.1316,0,-0.0633,0,5.0938,1]},
{"frame":5,"values":[0.992,-0.0863,0.0922,0,-0.0797,0.1388,0.9871,0,-0.098,-0.9865,0.1308,0,-0.0735,0,5.0607,1]},
{"frame":6,"values":[0.995,-0.0588,0.0807,0,-0.0723,0.1321,0.9886,0,-0.0688,-0.9895,0.1272,0,-0.0735,0,5.1178,1]},
{"frame":7,"values":[0.9982,-0.0267,0.0531,0,-0.0495,0.1204,0.9915,0,-0.0328,-0.9924,0.1188,0,-0.0735,0,5.2787,1]},
{"frame":8,"values":[0.9998,0.0051,0.0209,0,-0.0214,0.1101,0.9937,0,0.0027,-0.9939,0.1102,0,-0.0735,0,5.4702,1]},
{"frame":9,"values":[0.9995,0.0313,-0.0022,0,-0.0011,0.1066,0.9943,0,0.0314,-0.9938,0.1066,0,-0.0735,0,5.6047,1]},
{"frame":10,"values":[0.9985,0.0515,-0.0166,0,0.011,0.1069,0.9942,0,0.053,-0.9929,0.1062,0,-0.0735,0,5.6906,1]},
{"frame":11,"values":[0.9974,0.0668,-0.0264,0,0.0191,0.1074,0.994,0,0.0692,-0.992,0.1058,0,-0.0735,0,5.7551,1]},
{"frame":12,"values":[0.9962,0.0799,-0.0337,0,0.025,0.108,0.9938,0,0.0831,-0.9909,0.1055,0,-0.0735,0,5.789,1]},
{"frame":13,"values":[0.9946,0.0948,-0.0417,0,0.0313,0.1088,0.9936,0,0.0987,-0.9895,0.1053,0,-0.0735,0,5.7976,1]},
{"frame":14,"values":[0.9921,0.1146,-0.0511,0,0.0379,0.1142,0.9927,0,0.1196,-0.9868,0.1089,0,-0.0669,0,5.7468,1]},
{"frame":15,"values":[0.9886,0.1379,-0.0607,0,0.0432,0.1264,0.991,0,0.1444,-0.9823,0.119,0,-0.0475,0,5.6027,1]},
{"frame":16,"values":[0.9854,0.1555,-0.0696,0,0.048,0.1384,0.9892,0,0.1635,-0.9781,0.1289,0,-0.022,0,5.428,1]},
{"frame":17,"values":[0.984,0.161,-0.0767,0,0.0536,0.1433,0.9882,0,0.1701,-0.9765,0.1324,0,0,0,5.3,1]},
{"frame":18,"values":[0.9844,0.1551,-0.0833,0,0.0609,0.1436,0.9878,0,0.1651,-0.9774,0.1319,0,0.022,0,5.2077,1]},
{"frame":19,"values":[0.9864,0.1377,-0.0895,0,0.0696,0.1433,0.9872,0,0.1488,-0.9801,0.1317,0,0.0475,0,5.1264,1]},
{"frame":20,"values":[0.9893,0.1124,-0.0929,0,0.0766,0.1416,0.987,0,0.1241,-0.9835,0.1315,0,0.0669,0,5.0757,1]},
{"frame":21,"values":[0.992,0.0863,-0.0922,0,0.0797,0.1388,0.9871,0,0.098,-0.9865,0.1308,0,0.0735,0,5.0607,1]},
{"frame":22,"values":[0.995,0.0588,-0.0807,0,0.0723,0.1321,0.9886,0,0.0688,-0.9895,0.1272,0,0.0735,0,5.1178,1]},
{"frame":23,"values":[0.9982,0.0267,-0.0531,0,0.0495,0.1204,0.9915,0,0.0328,-0.9924,0.1188,0,0.0735,0,5.2787,1]},
{"frame":24,"values":[0.9998,-0.0051,-0.0209,0,0.0214,0.1101,0.9937,0,-0.0027,-0.9939,0.1102,0,0.0735,0,5.4702,1]},
{"frame":25,"values":[0.9995,-0.0313,0.0022,0,0.0011,0.1066,0.9943,0,-0.0314,-0.9938,0.1066,0,0.0735,0,5.6047,1]},
{"frame":26,"values":[0.9985,-0.0515,0.0166,0,-0.011,0.1069,0.9942,0,-0.053,-0.9929,0.1062,0,0.0735,0,5.6906,1]},
{"frame":27,"values":[0.9974,-0.0668,0.0264,0,-0.0191,0.1074,0.994,0,-0.0692,-0.992,0.1058,0,0.0735,0,5.7551,1]},
{"frame":28,"values":[0.9962,-0.0799,0.0337,0,-0.025,0.108,0.9938,0,-0.0831,-0.9909,0.1055,0,0.0735,0,5.789,1]},
{"frame":29,"values":[0.9946,-0.0948,0.0417,0,-0.0313,0.1088,0.9936,0,-0.0987,-0.9895,0.1053,0,0.0735,0,5.7976,1]},
{"frame":30,"values":[0.992,-0.1145,0.0523,0,-0.0391,0.1142,0.9927,0,-0.1196,-0.9868,0.1088,0,0.0633,0,5.7288,1]},
{"frame":31,"values":[0.9884,-0.1376,0.0643,0,-0.0469,0.1266,0.9908,0,-0.1445,-0.9824,0.1187,0,0.0367,0,5.5488,1]},
{"frame":32,"values":[0.9852,-0.1551,0.0735,0,-0.052,0.1387,0.989,0,-0.1636,-0.9781,0.1286,0,0.0102,0,5.3688,1]},
{"frame":33,"values":[0.984,-0.161,0.0767,0,-0.0536,0.1433,0.9882,0,-0.1701,-0.9765,0.1324,0,0,0,5.3,1]}],"loopBehavior":1,"name":"anim","property":"_matrix"}},
{"name":"Chest","index":2,"matrix":[-0.9822,0.0767,0.1713,0,0.0937,0.9912,0.0935,0,-0.1627,0.1079,-0.9808,0,0,2.4738,0,1],"rest":[-1,0,0,0,0,0.994,0.109,0,0,0.109,-0.994,0,0,2.4738,0,1],"parentBoneIndex":1,"length":2.4279
,"animation":{"dataType":3,"framePerSecond":24,"keys":[
{"frame":1,"values":[-0.9822,0.0767,0.1713,0,0.0937,0.9912,0.0935,0,-0.1627,0.1079,-0.9808,0,0,2.4738,0,1]},
{"frame":2,"values":[-0.9827,0.0809,0.1664,0,0.0974,0.9909,0.0934,0,-0.1573,0.108,-0.9816,0,0,2.4738,0,1]},
{"frame":3,"values":[-0.9843,0.092,0.1503,0,0.1068,0.9899,0.0931,0,-0.1402,0.1077,-0.9842,0,0,2.4738,0,1]},
{"frame":4,"values":[-0.9866,0.1035,0.1259,0,0.1156,0.9889,0.093,0,-0.1149,0.1063,-0.9877,0,0,2.4738,0,1]},
{"frame":5,"values":[-0.9891,0.1085,0.1,0,0.1179,0.9887,0.0928,0,-0.0888,0.1035,-0.9907,0,0,2.4738,0,1]},
{"frame":6,"values":[-0.9928,0.0967,0.0702,0,0.1031,0.9903,0.0935,0,-0.0605,0.1001,-0.9931,0,0,2.4738,0,1]},
{"frame":7,"values":[-0.9976,0.0609,0.0328,0,0.0638,0.9934,0.0951,0,-0.0268,0.097,-0.9949,0,0,2.4738,0,1]},
{"frame":8,"values":[-0.9998,0.0168,-0.0045,0,0.0163,0.9953,0.0956,0,0.0061,0.0955,-0.9954,0,0,2.4738,0,1]},
{"frame":9,"values":[-0.9993,-0.0156,-0.0344,0,-0.0188,0.9953,0.0948,0,0.0328,0.0953,-0.9949,0,0,2.4738,0,1]},
{"frame":10,"values":[-0.9977,-0.0371,-0.0571,0,-0.0423,0.9947,0.0935,0,0.0533,0.0957,-0.994,0,0,2.4738,0,1]},
{"frame":11,"values":[-0.9958,-0.0541,-0.0743,0,-0.0609,0.9939,0.092,0,0.0689,0.0962,-0.993,0,0,2.4738,0,1]},
{"frame":12,"values":[-0.9939,-0.0659,-0.0887,0,-0.074,0.9931,0.0908,0,0.0822,0.0968,-0.9919,0,0,2.4738,0,1]},
{"frame":13,"values":[-0.9918,-0.0741,-0.1044,0,-0.0836,0.9925,0.0897,0,0.0969,0.0977,-0.9905,0,0,2.4738,0,1]},
{"frame":14,"values":[-0.9891,-0.078,-0.1245,0,-0.0895,0.992,0.0895,0,0.1166,0.0997,-0.9882,0,0,2.4738,0,1]},
{"frame":15,"values":[-0.9861,-0.0762,-0.1478,0,-0.0903,0.9917,0.0911,0,0.1396,0.1031,-0.9848,0,0,2.4738,0,1]},
{"frame":16,"values":[-0.9835,-0.0739,-0.1653,0,-0.0901,0.9916,0.093,0,0.1571,0.1064,-0.9818,0,0,2.4738,0,1]},
{"frame":17,"values":[-0.9822,-0.0767,-0.1713,0,-0.0937,0.9912,0.0935,0,0.1627,0.1079,-0.9808,0,0,2.4738,0,1]},
{"frame":18,"values":[-0.9824,-0.0849,-0.1665,0,-0.1014,0.9905,0.0931,0,0.157,0.1083,-0.9816,0,0,2.4738,0,1]},
{"frame":19,"values":[-0.984,-0.0956,-0.1504,0,-0.1104,0.9895,0.0929,0,0.1399,0.108,-0.9843,0,0,2.4738,0,1]},
{"frame":20,"values":[-0.9865,-0.1047,-0.126,0,-0.1168,0.9888,0.0929,0,0.1148,0.1063,-0.9877,0,0,2.4738,0,1]},
{"frame":21,"values":[-0.9891,-0.1085,-0.1,0,-0.1179,0.9887,0.0928,0,0.0888,0.1035,-0.9907,0,0,2.4738,0,1]},
{"frame":22,"values":[-0.9928,-0.0967,-0.0702,0,-0.1031,0.9903,0.0935,0,0.0605,0.1001,-0.9931,0,0,2.4738,0,1]},
{"frame":23,"values":[-0.9976,-0.0609,-0.0328,0,-0.0638,0.9934,0.0951,0,0.0268,0.097,-0.9949,0,0,2.4738,0,1]},
{"frame":24,"values":[-0.9998,-0.0168,0.0045,0,-0.0163,0.9953,0.0956,0,-0.0061,0.0955,-0.9954,0,0,2.4738,0,1]},
{"frame":25,"values":[-0.9993,0.0156,0.0344,0,0.0188,0.9953,0.0948,0,-0.0328,0.0953,-0.9949,0,0,2.4738,0,1]},
{"frame":26,"values":[-0.9977,0.0371,0.0571,0,0.0423,0.9947,0.0935,0,-0.0533,0.0957,-0.994,0,0,2.4738,0,1]},
{"frame":27,"values":[-0.9958,0.0541,0.0743,0,0.0609,0.9939,0.092,0,-0.0689,0.0962,-0.993,0,0,2.4738,0,1]},
{"frame":28,"values":[-0.9939,0.0659,0.0887,0,0.074,0.9931,0.0908,0,-0.0822,0.0968,-0.9919,0,0,2.4738,0,1]},
{"frame":29,"values":[-0.9918,0.0741,0.1044,0,0.0836,0.9925,0.0897,0,-0.0969,0.0977,-0.9905,0,0,2.4738,0,1]},
{"frame":30,"values":[-0.989,0.0792,0.1246,0,0.0907,0.9919,0.0894,0,-0.1165,0.0997,-0.9882,0,0,2.4738,0,1]},
{"frame":31,"values":[-0.9858,0.0798,0.1479,0,0.0939,0.9914,0.0908,0,-0.1393,0.1034,-0.9848,0,0,2.4738,0,1]},
{"frame":32,"values":[-0.9831,0.0779,0.1654,0,0.0941,0.9912,0.0927,0,-0.1568,0.1067,-0.9819,0,0,2.4738,0,1]},
{"frame":33,"values":[-0.9822,0.0767,0.1713,0,0.0937,0.9912,0.0935,0,-0.1627,0.1079,-0.9808,0,0,2.4738,0,1]}],"loopBehavior":1,"name":"anim","property":"_matrix"}},
{"name":"Neck","index":3,"matrix":[-1,0,0,0,0,0.9798,0.1998,0,0,0.1998,-0.9798,0,0,2.4279,0,1],"rest":[-1,0,0,0,0,0.9798,0.1998,0,0,0.1998,-0.9798,0,0,2.4279,0,1],"parentBoneIndex":2,"length":0.459
,"animation":{"dataType":3,"framePerSecond":24,"keys":[
{"frame":1,"values":[-1,0,0,0,0,0.9798,0.1998,0,0,0.1998,-0.9798,0,0,2.4279,0,1]},
{"frame":33,"values":[-1,0,0,0,0,0.9798,0.1998,0,0,0.1998,-0.9798,0,0,2.4279,0,1]}],"loopBehavior":1,"name":"anim","property":"_matrix"}},
{"name":"Head","index":4,"matrix":[1,0.0001,-0.0006,0,0,0.9846,0.1751,0,0.0006,-0.1751,0.9846,0,0,0.459,0,1],"rest":[1,0,0,0,0,0.9886,0.1507,0,0,-0.1507,0.9886,0,0,0.459,0,1],"parentBoneIndex":3,"length":3.2939
,"animation":{"dataType":3,"framePerSecond":24,"keys":[
{"frame":1,"values":[1,0.0001,-0.0006,0,0,0.9846,0.1751,0,0.0006,-0.1751,0.9846,0,0,0.459,0,1]},
{"frame":14,"values":[1,0.0001,-0.0004,0,0,0.9846,0.1751,0,0.0004,-0.1751,0.9846,0,0,0.459,0,1]},
{"frame":15,"values":[1,0,0,0,0,0.9846,0.1751,0,0,-0.1751,0.9846,0,0,0.459,0,1]},
{"frame":16,"values":[1,-0.0001,0.0004,0,0,0.9846,0.1751,0,-0.0004,-0.1751,0.9846,0,0,0.459,0,1]},
{"frame":17,"values":[1,-0.0001,0.0006,0,0,0.9846,0.1751,0,-0.0006,-0.1751,0.9846,0,0,0.459,0,1]},
{"frame":30,"values":[1,-0.0001,0.0004,0,0,0.9846,0.1751,0,-0.0004,-0.1751,0.9846,0,0,0.459,0,1]},
{"frame":31,"values":[1,0,0,0,0,0.9846,0.1751,0,0,-0.1751,0.9846,0,0,0.459,0,1]},
{"frame":32,"values":[1,0.0001,-0.0004,0,0,0.9846,0.1751,0,0.0004,-0.1751,0.9846,0,0,0.459,0,1]},
{"frame":33,"values":[1,0.0001,-0.0006,0,0,0.9846,0.1751,0,0.0006,-0.1751,0.9846,0,0,0.459,0,1]}],"loopBehavior":1,"name":"anim","property":"_matrix"}},
{"name":"Upper Arm.L","index":5,"matrix":[0.0289,-0.3992,0.9164,0,0.3255,-0.863,-0.3863,0,0.9451,0.3094,0.105,0,1.304,1.8287,-0.2397,1],"rest":[0.159,-0.0415,0.9864,0,0.616,-0.7766,-0.132,0,0.7715,0.6287,-0.0979,0,1.304,1.8287,-0.2397,1],"parentBoneIndex":2,"length":2.5731
,"animation":{"dataType":3,"framePerSecond":24,"keys":[
{"frame":1,"values":[0.0289,-0.3992,0.9164,0,0.3255,-0.863,-0.3863,0,0.9451,0.3094,0.105,0,1.304,1.8287,-0.2397,1]},
{"frame":2,"values":[0.0289,-0.3847,0.9226,0,0.3255,-0.869,-0.3726,0,0.9451,0.3111,0.1001,0,1.304,1.8287,-0.2397,1]},
{"frame":3,"values":[0.0289,-0.3401,0.9399,0,0.3255,-0.8859,-0.3306,0,0.9451,0.3155,0.0851,0,1.304,1.8287,-0.2397,1]},
{"frame":4,"values":[0.0288,-0.2781,0.9601,0,0.3254,-0.9056,-0.2721,0,0.9451,0.3203,0.0644,0,1.304,1.8287,-0.2397,1]},
{"frame":5,"values":[0.0287,-0.22,0.9751,0,0.3253,-0.9203,-0.2172,0,0.9452,0.3234,0.0452,0,1.304,1.8287,-0.2397,1]},
{"frame":6,"values":[0.0285,-0.1674,0.9855,0,0.3251,-0.9307,-0.1675,0,0.9452,0.3252,0.0279,0,1.304,1.8287,-0.2397,1]},
{"frame":7,"values":[0.0285,-0.1114,0.9934,0,0.3249,-0.9388,-0.1146,0,0.9453,0.326,0.0094,0,1.304,1.8287,-0.2397,1]},
{"frame":8,"values":[0.0283,-0.051,0.9983,0,0.325,-0.944,-0.0575,0,0.9453,0.3261,-0.0102,0,1.304,1.8287,-0.2397,1]},
{"frame":9,"values":[0.0278,0.0127,0.9995,0,0.3254,-0.9456,0.0029,0,0.9452,0.3252,-0.0304,0,1.304,1.8287,-0.2397,1]},
{"frame":10,"values":[0.0267,0.0817,0.9963,0,0.3257,-0.943,0.0686,0,0.9451,0.3227,-0.0518,0,1.304,1.8287,-0.2397,1]},
{"frame":11,"values":[0.0249,0.157,0.9873,0,0.3255,-0.9351,0.1405,0,0.9452,0.3178,-0.0744,0,1.304,1.8287,-0.2397,1]},
{"frame":12,"values":[0.0229,0.2303,0.9728,0,0.3248,-0.922,0.2106,0,0.9455,0.3112,-0.0959,0,1.304,1.8287,-0.2397,1]},
{"frame":13,"values":[0.0213,0.294,0.9556,0,0.3243,-0.9062,0.2715,0,0.9457,0.3041,-0.1146,0,1.304,1.8287,-0.2397,1]},
{"frame":14,"values":[0.0199,0.3571,0.9338,0,0.3237,-0.886,0.3319,0,0.9459,0.2957,-0.1332,0,1.304,1.8287,-0.2397,1]},
{"frame":15,"values":[0.0184,0.4209,0.9069,0,0.3231,-0.8609,0.393,0,0.9462,0.2858,-0.1518,0,1.304,1.8287,-0.2397,1]},
{"frame":16,"values":[0.0174,0.4651,0.8851,0,0.3226,-0.8405,0.4353,0,0.9464,0.2779,-0.1646,0,1.304,1.8287,-0.2397,1]},
{"frame":17,"values":[0.0171,0.4791,0.8776,0,0.3224,-0.8335,0.4488,0,0.9465,0.2753,-0.1687,0,1.304,1.8287,-0.2397,1]},
{"frame":18,"values":[0.0173,0.4728,0.881,0,0.3225,-0.8367,0.4427,0,0.9464,0.2765,-0.167,0,1.304,1.8287,-0.2397,1]},
{"frame":19,"values":[0.0181,0.4496,0.8931,0,0.3229,-0.848,0.4203,0,0.9463,0.2808,-0.1605,0,1.304,1.8287,-0.2397,1]},
{"frame":20,"values":[0.0193,0.4078,0.9129,0,0.3235,-0.8665,0.3803,0,0.946,0.288,-0.1487,0,1.304,1.8287,-0.2397,1]},
{"frame":21,"values":[0.0207,0.3543,0.9349,0,0.324,-0.887,0.329,0,0.9458,0.2962,-0.1331,0,1.304,1.8287,-0.2397,1]},
{"frame":22,"values":[0.0223,0.2853,0.9582,0,0.3247,-0.9085,0.2629,0,0.9455,0.3053,-0.1129,0,1.304,1.8287,-0.2397,1]},
{"frame":23,"values":[0.0246,0.194,0.9807,0,0.3256,-0.9291,0.1756,0,0.9452,0.3149,-0.086,0,1.304,1.8287,-0.2397,1]},
{"frame":24,"values":[0.0267,0.0968,0.995,0,0.3259,-0.9418,0.0829,0,0.945,0.322,-0.0566,0,1.304,1.8287,-0.2397,1]},
{"frame":25,"values":[0.0278,0.0127,0.9995,0,0.3254,-0.9456,0.0029,0,0.9452,0.3252,-0.0304,0,1.304,1.8287,-0.2397,1]},
{"frame":26,"values":[0.0281,-0.0598,0.9978,0,0.325,-0.9434,-0.0657,0,0.9453,0.3261,-0.0071,0,1.304,1.8287,-0.2397,1]},
{"frame":27,"values":[0.028,-0.1258,0.9917,0,0.3251,-0.937,-0.128,0,0.9453,0.3259,0.0146,0,1.304,1.8287,-0.2397,1]},
{"frame":28,"values":[0.0278,-0.184,0.9825,0,0.3255,-0.9277,-0.1829,0,0.9451,0.3249,0.0341,0,1.304,1.8287,-0.2397,1]},
{"frame":29,"values":[0.0278,-0.2369,0.9711,0,0.3257,-0.9164,-0.2328,0,0.9451,0.3228,0.0517,0,1.304,1.8287,-0.2397,1]},
{"frame":30,"values":[0.028,-0.2925,0.9559,0,0.3257,-0.9014,-0.2853,0,0.9451,0.3193,0.07,0,1.304,1.8287,-0.2397,1]},
{"frame":31,"values":[0.0284,-0.3483,0.9369,0,0.3256,-0.883,-0.3381,0,0.9451,0.3147,0.0883,0,1.304,1.8287,-0.2397,1]},
{"frame":32,"values":[0.0287,-0.3869,0.9217,0,0.3255,-0.8681,-0.3746,0,0.9451,0.3108,0.101,0,1.304,1.8287,-0.2397,1]},
{"frame":33,"values":[0.0289,-0.3992,0.9164,0,0.3255,-0.863,-0.3863,0,0.9451,0.3094,0.105,0,1.304,1.8287,-0.2397,1]}],"loopBehavior":1,"name":"anim","property":"_matrix"}},
{"name":"Lower Arm.L","index":6,"matrix":[0.769,-0.181,-0.613,0,-0.0115,0.955,-0.2964,0,0.6391,0.235,0.7323,0,0,2.5731,0,1],"rest":[0.8661,-0.312,-0.3907,0,0.282,0.9501,-0.1334,0,0.4128,0.0053,0.9108,0,0,2.5731,0,1],"parentBoneIndex":5,"length":2.3018
,"animation":{"dataType":3,"framePerSecond":24,"keys":[
{"frame":1,"values":[0.769,-0.181,-0.613,0,-0.0115,0.955,-0.2964,0,0.6391,0.235,0.7323,0,0,2.5731,0,1]},
{"frame":10,"values":[0.7727,-0.203,-0.6014,0,0.0183,0.9542,-0.2986,0,0.6345,0.2197,0.741,0,0,2.5731,0,1]},
{"frame":11,"values":[0.7772,-0.2688,-0.5689,0,0.1033,0.9464,-0.3061,0,0.6207,0.1792,0.7633,0,0,2.5731,0,1]},
{"frame":12,"values":[0.7698,-0.3549,-0.5305,0,0.2055,0.9247,-0.3203,0,0.6043,0.1376,0.7848,0,0,2.5731,0,1]},
{"frame":13,"values":[0.7507,-0.4268,-0.5043,0,0.2789,0.8967,-0.3437,0,0.5989,0.1174,0.7922,0,0,2.5731,0,1]},
{"frame":14,"values":[0.7258,-0.4871,-0.4857,0,0.3307,0.8662,-0.3745,0,0.6031,0.1112,0.7898,0,0,2.5731,0,1]},
{"frame":15,"values":[0.696,-0.5468,-0.4653,0,0.3798,0.8304,-0.4077,0,0.6094,0.1071,0.7856,0,0,2.5731,0,1]},
{"frame":16,"values":[0.6658,-0.5987,-0.4452,0,0.4219,0.7943,-0.4372,0,0.6154,0.1033,0.7814,0,0,2.5731,0,1]},
{"frame":17,"values":[0.6396,-0.6389,-0.4274,0,0.4559,0.7629,-0.4583,0,0.6189,0.0983,0.7793,0,0,2.5731,0,1]},
{"frame":18,"values":[0.6149,-0.6719,-0.4128,0,0.4907,0.7358,-0.4667,0,0.6173,0.0845,0.7822,0,0,2.5731,0,1]},
{"frame":19,"values":[0.5915,-0.698,-0.4038,0,0.5285,0.7138,-0.4596,0,0.609,0.0584,0.791,0,0,2.5731,0,1]},
{"frame":20,"values":[0.5758,-0.7126,-0.4009,0,0.556,0.7008,-0.447,0,0.5994,0.0345,0.7997,0,0,2.5731,0,1]},
{"frame":21,"values":[0.5709,-0.7165,-0.4008,0,0.5651,0.6971,-0.4414,0,0.5956,0.0255,0.8029,0,0,2.5731,0,1]},
{"frame":22,"values":[0.6037,-0.6752,-0.4239,0,0.5226,0.7367,-0.4291,0,0.602,0.0375,0.7976,0,0,2.5731,0,1]},
{"frame":23,"values":[0.6818,-0.5487,-0.4837,0,0.3943,0.8327,-0.3888,0,0.6161,0.0744,0.7841,0,0,2.5731,0,1]},
{"frame":24,"values":[0.7445,-0.3873,-0.5438,0,0.2316,0.9138,-0.3336,0,0.6261,0.1224,0.77,0,0,2.5731,0,1]},
{"frame":25,"values":[0.7673,-0.2793,-0.5773,0,0.1208,0.947,-0.2976,0,0.6298,0.1586,0.7604,0,0,2.5731,0,1]},
{"frame":26,"values":[0.7723,-0.2236,-0.5946,0,0.0575,0.9568,-0.2852,0,0.6326,0.1861,0.7518,0,0,2.5731,0,1]},
{"frame":27,"values":[0.7719,-0.1917,-0.6062,0,0.0137,0.9582,-0.2857,0,0.6356,0.2122,0.7422,0,0,2.5731,0,1]},
{"frame":28,"values":[0.7699,-0.1817,-0.6118,0,-0.0069,0.9562,-0.2927,0,0.6381,0.2296,0.7349,0,0,2.5731,0,1]},
{"frame":29,"values":[0.769,-0.181,-0.613,0,-0.0115,0.955,-0.2964,0,0.6391,0.235,0.7323,0,0,2.5731,0,1]},
{"frame":33,"values":[0.769,-0.181,-0.613,0,-0.0115,0.955,-0.2964,0,0.6391,0.235,0.7323,0,0,2.5731,0,1]}],"loopBehavior":1,"name":"anim","property":"_matrix"}},
{"name":"Hand.L","index":7,"matrix":[0.9842,0.0114,-0.177,0,-0.006,0.9995,0.0306,0,0.1772,-0.029,0.9837,0,0,2.3018,0,1],"rest":[0.9777,-0.1185,-0.1734,0,0.1448,0.9783,0.1479,0,0.1521,-0.1697,0.9737,0,0,2.3018,0,1],"parentBoneIndex":6,"length":0.8204
,"animation":{"dataType":3,"framePerSecond":24,"keys":[
{"frame":1,"values":[0.9842,0.0114,-0.177,0,-0.006,0.9995,0.0306,0,0.1772,-0.029,0.9837,0,0,2.3018,0,1]},
{"frame":14,"values":[0.9842,-0.0145,-0.1767,0,0.0245,0.9982,0.0545,0,0.1756,-0.058,0.9828,0,0,2.3018,0,1]},
{"frame":15,"values":[0.9799,-0.0871,-0.1794,0,0.11,0.9865,0.1216,0,0.1664,-0.1388,0.9762,0,0,2.3018,0,1]},
{"frame":16,"values":[0.9669,-0.1717,-0.1888,0,0.209,0.9574,0.1994,0,0.1465,-0.2322,0.9616,0,0,2.3018,0,1]},
{"frame":17,"values":[0.953,-0.2283,-0.1992,0,0.2749,0.9281,0.2511,0,0.1275,-0.2941,0.9472,0,0,2.3018,0,1]},
{"frame":18,"values":[0.9427,-0.2616,-0.207,0,0.3134,0.907,0.2814,0,0.1141,-0.3301,0.937,0,0,2.3018,0,1]},
{"frame":19,"values":[0.9348,-0.2841,-0.213,0,0.3395,0.8909,0.3016,0,0.1041,-0.3543,0.9293,0,0,2.3018,0,1]},
{"frame":20,"values":[0.9309,-0.2946,-0.2161,0,0.3516,0.883,0.3109,0,0.0992,-0.3654,0.9255,0,0,2.3018,0,1]},
{"frame":21,"values":[0.93,-0.2969,-0.2167,0,0.3543,0.8812,0.313,0,0.0981,-0.3678,0.9247,0,0,2.3018,0,1]},
{"frame":22,"values":[0.9382,-0.2756,-0.2095,0,0.3292,0.8974,0.2936,0,0.1071,-0.3444,0.9327,0,0,2.3018,0,1]},
{"frame":23,"values":[0.9567,-0.2179,-0.1927,0,0.2615,0.9346,0.2412,0,0.1276,-0.2812,0.9511,0,0,2.3018,0,1]},
{"frame":24,"values":[0.971,-0.1582,-0.1794,0,0.1915,0.9636,0.1867,0,0.1433,-0.2156,0.9659,0,0,2.3018,0,1]},
{"frame":25,"values":[0.9752,-0.135,-0.1751,0,0.1643,0.9724,0.1654,0,0.148,-0.1901,0.9705,0,0,2.3018,0,1]},
{"frame":26,"values":[0.9749,-0.1374,-0.1752,0,0.1671,0.9716,0.1676,0,0.1472,-0.1927,0.9702,0,0,2.3018,0,1]},
{"frame":27,"values":[0.974,-0.1438,-0.1753,0,0.1743,0.9693,0.1733,0,0.145,-0.1994,0.9691,0,0,2.3018,0,1]},
{"frame":28,"values":[0.973,-0.1501,-0.1755,0,0.1815,0.967,0.1791,0,0.1428,-0.2061,0.9681,0,0,2.3018,0,1]},
{"frame":29,"values":[0.9726,-0.1525,-0.1756,0,0.1842,0.966,0.1813,0,0.142,-0.2086,0.9676,0,0,2.3018,0,1]},
{"frame":30,"values":[0.9761,-0.1301,-0.1743,0,0.1585,0.9742,0.1607,0,0.1489,-0.1845,0.9715,0,0,2.3018,0,1]},
{"frame":31,"values":[0.9823,-0.0708,-0.1732,0,0.0901,0.9902,0.1063,0,0.1639,-0.12,0.9791,0,0,2.3018,0,1]},
{"frame":32,"values":[0.9845,-0.0113,-0.1753,0,0.0206,0.9985,0.0515,0,0.1744,-0.0543,0.9832,0,0,2.3018,0,1]},
{"frame":33,"values":[0.9842,0.0114,-0.177,0,-0.006,0.9995,0.0306,0,0.1772,-0.029,0.9837,0,0,2.3018,0,1]}],"loopBehavior":1,"name":"anim","property":"_matrix"}},
{"name":"Thumb01.L","index":8,"matrix":[0.8015,-0.4621,-0.3796,0,0.4894,0.8716,-0.0278,0,0.3437,-0.1635,0.9247,0,0.2277,0.5384,-0.0059,1],"rest":[-0.1484,-0.6818,-0.7163,0,0.9889,-0.1013,-0.1085,0,0.0014,-0.7245,0.6893,0,0.2277,0.5384,-0.0059,1],"parentBoneIndex":7,"length":0.267
,"animation":{"dataType":3,"framePerSecond":24,"keys":[
{"frame":1,"values":[0.8015,-0.4621,-0.3796,0,0.4894,0.8716,-0.0278,0,0.3437,-0.1635,0.9247,0,0.2277,0.5384,-0.0059,1]},
{"frame":33,"values":[0.8015,-0.4621,-0.3796,0,0.4894,0.8716,-0.0278,0,0.3437,-0.1635,0.9247,0,0.2277,0.5384,-0.0059,1]}],"loopBehavior":1,"name":"anim","property":"_matrix"}},
{"name":"Thumb02.L","index":9,"matrix":[0.9803,-0.0632,0.187,0,0.0988,0.9773,-0.1876,0,-0.1709,0.2024,0.9643,0,0,0.267,0,1],"rest":[0.9758,-0.2189,-0.0003,0,0.2188,0.9754,0.0275,0,-0.0057,-0.0269,0.9996,0,0,0.267,0,1],"parentBoneIndex":8,"length":0.3944
,"animation":{"dataType":3,"framePerSecond":24,"keys":[
{"frame":1,"values":[0.9803,-0.0632,0.187,0,0.0988,0.9773,-0.1876,0,-0.1709,0.2024,0.9643,0,0,0.267,0,1]},
{"frame":33,"values":[0.9803,-0.0632,0.187,0,0.0988,0.9773,-0.1876,0,-0.1709,0.2024,0.9643,0,0,0.267,0,1]}],"loopBehavior":1,"name":"anim","property":"_matrix"}},
{"name":"Fingers01.L","index":10,"matrix":[0.7602,-0.4479,-0.4706,0,0.231,0.8633,-0.4487,0,0.6072,0.2324,0.7598,0,0,0.8204,0,1],"rest":[0.7602,-0.4479,-0.4706,0,0.231,0.8633,-0.4487,0,0.6072,0.2324,0.7598,0,0,0.8204,0,1],"parentBoneIndex":7,"length":0.2962
,"animation":{"dataType":3,"framePerSecond":24,"keys":[
{"frame":1,"values":[0.7602,-0.4479,-0.4706,0,0.231,0.8633,-0.4487,0,0.6072,0.2324,0.7598,0,0,0.8204,0,1]},
{"frame":33,"values":[0.7602,-0.4479,-0.4706,0,0.231,0.8633,-0.4487,0,0.6072,0.2324,0.7598,0,0,0.8204,0,1]}],"loopBehavior":1,"name":"anim","property":"_matrix"}},
{"name":"Fingers02.L","index":11,"matrix":[0.6059,-0.2828,-0.7436,0,0.268,0.9526,-0.1439,0,0.749,-0.1121,0.653,0,0,0.2962,0,1],"rest":[0.6059,-0.2828,-0.7436,0,0.268,0.9526,-0.1439,0,0.749,-0.1121,0.653,0,0,0.2962,0,1],"parentBoneIndex":10,"length":0.4478
,"animation":{"dataType":3,"framePerSecond":24,"keys":[
{"frame":1,"values":[0.6059,-0.2828,-0.7436,0,0.268,0.9526,-0.1439,0,0.749,-0.1121,0.653,0,0,0.2962,0,1]},
{"frame":33,"values":[0.6059,-0.2828,-0.7436,0,0.268,0.9526,-0.1439,0,0.749,-0.1121,0.653,0,0,0.2962,0,1]}],"loopBehavior":1,"name":"anim","property":"_matrix"}},
{"name":"Upper Arm.R","index":12,"matrix":[0.0171,-0.4791,-0.8776,0,-0.3224,-0.8335,0.4488,0,-0.9465,0.2753,-0.1687,0,-1.304,1.8287,-0.2397,1],"rest":[0.159,0.0415,-0.9864,0,-0.616,-0.7766,-0.132,0,-0.7715,0.6287,-0.0979,0,-1.304,1.8287,-0.2397,1],"parentBoneIndex":2,"length":2.5731
,"animation":{"dataType":3,"framePerSecond":24,"keys":[
{"frame":1,"values":[0.0171,-0.4791,-0.8776,0,-0.3224,-0.8335,0.4488,0,-0.9465,0.2753,-0.1687,0,-1.304,1.8287,-0.2397,1]},
{"frame":2,"values":[0.0173,-0.4728,-0.881,0,-0.3225,-0.8367,0.4427,0,-0.9464,0.2765,-0.167,0,-1.304,1.8287,-0.2397,1]},
{"frame":3,"values":[0.0181,-0.4496,-0.8931,0,-0.3229,-0.848,0.4203,0,-0.9463,0.2808,-0.1605,0,-1.304,1.8287,-0.2397,1]},
{"frame":4,"values":[0.0193,-0.4078,-0.9129,0,-0.3235,-0.8665,0.3803,0,-0.946,0.288,-0.1487,0,-1.304,1.8287,-0.2397,1]},
{"frame":5,"values":[0.0207,-0.3543,-0.9349,0,-0.324,-0.887,0.329,0,-0.9458,0.2962,-0.1331,0,-1.304,1.8287,-0.2397,1]},
{"frame":6,"values":[0.0224,-0.2854,-0.9582,0,-0.3247,-0.9085,0.263,0,-0.9455,0.3053,-0.113,0,-1.304,1.8287,-0.2397,1]},
{"frame":7,"values":[0.0246,-0.1943,-0.9806,0,-0.3255,-0.929,0.1759,0,-0.9452,0.3149,-0.0861,0,-1.304,1.8287,-0.2397,1]},
{"frame":8,"values":[0.0267,-0.0971,-0.9949,0,-0.3259,-0.9417,0.0832,0,-0.945,0.322,-0.0568,0,-1.304,1.8287,-0.2397,1]},
{"frame":9,"values":[0.0278,-0.0127,-0.9995,0,-0.3254,-0.9456,0.0029,0,-0.9452,0.3252,-0.0304,0,-1.304,1.8287,-0.2397,1]},
{"frame":10,"values":[0.0281,0.0608,-0.9978,0,-0.325,-0.9434,-0.0666,0,-0.9453,0.3261,-0.0068,0,-1.304,1.8287,-0.2397,1]},
{"frame":11,"values":[0.0279,0.1283,-0.9913,0,-0.3251,-0.9367,-0.1303,0,-0.9453,0.3259,0.0156,0,-1.304,1.8287,-0.2397,1]},
{"frame":12,"values":[0.0276,0.1878,-0.9818,0,-0.3255,-0.927,-0.1865,0,-0.9451,0.3248,0.0355,0,-1.304,1.8287,-0.2397,1]},
{"frame":13,"values":[0.0276,0.2411,-0.9701,0,-0.3257,-0.9153,-0.2368,0,-0.9451,0.3225,0.0533,0,-1.304,1.8287,-0.2397,1]},
{"frame":14,"values":[0.0278,0.2961,-0.9548,0,-0.3257,-0.9003,-0.2887,0,-0.9451,0.319,0.0714,0,-1.304,1.8287,-0.2397,1]},
{"frame":15,"values":[0.0283,0.3504,-0.9362,0,-0.3257,-0.8822,-0.34,0,-0.9451,0.3145,0.0891,0,-1.304,1.8287,-0.2397,1]},
{"frame":16,"values":[0.0287,0.3875,-0.9214,0,-0.3256,-0.8679,-0.3751,0,-0.9451,0.3107,0.1012,0,-1.304,1.8287,-0.2397,1]},
{"frame":17,"values":[0.0289,0.3992,-0.9164,0,-0.3255,-0.863,-0.3863,0,-0.9451,0.3094,0.105,0,-1.304,1.8287,-0.2397,1]},
{"frame":18,"values":[0.0288,0.3875,-0.9214,0,-0.3255,-0.8679,-0.3752,0,-0.9451,0.3107,0.1011,0,-1.304,1.8287,-0.2397,1]},
{"frame":19,"values":[0.0285,0.3504,-0.9362,0,-0.3255,-0.8823,-0.3401,0,-0.9451,0.3144,0.0889,0,-1.304,1.8287,-0.2397,1]},
{"frame":20,"values":[0.0282,0.2961,-0.9548,0,-0.3255,-0.9004,-0.2888,0,-0.9451,0.3189,0.0709,0,-1.304,1.8287,-0.2397,1]},
{"frame":21,"values":[0.028,0.2411,-0.9701,0,-0.3254,-0.9154,-0.2369,0,-0.9451,0.3224,0.0528,0,-1.304,1.8287,-0.2397,1]},
{"frame":22,"values":[0.028,0.1863,-0.9821,0,-0.3253,-0.9273,-0.1852,0,-0.9452,0.3247,0.0346,0,-1.304,1.8287,-0.2397,1]},
{"frame":23,"values":[0.0282,0.1237,-0.9919,0,-0.3251,-0.9372,-0.1261,0,-0.9453,0.326,0.0138,0,-1.304,1.8287,-0.2397,1]},
{"frame":24,"values":[0.0282,0.0557,-0.998,0,-0.3251,-0.9437,-0.0619,0,-0.9453,0.3262,-0.0085,0,-1.304,1.8287,-0.2397,1]},
{"frame":25,"values":[0.0278,-0.0127,-0.9995,0,-0.3254,-0.9456,0.0029,0,-0.9452,0.3252,-0.0304,0,-1.304,1.8287,-0.2397,1]},
{"frame":26,"values":[0.0267,-0.0834,-0.9962,0,-0.3257,-0.9429,0.0702,0,-0.9451,0.3226,-0.0524,0,-1.304,1.8287,-0.2397,1]},
{"frame":27,"values":[0.0249,-0.1586,-0.987,0,-0.3254,-0.9348,0.142,0,-0.9452,0.3177,-0.0749,0,-1.304,1.8287,-0.2397,1]},
{"frame":28,"values":[0.0229,-0.2308,-0.9727,0,-0.3248,-0.9219,0.2111,0,-0.9455,0.3111,-0.0961,0,-1.304,1.8287,-0.2397,1]},
{"frame":29,"values":[0.0213,-0.294,-0.9556,0,-0.3243,-0.9062,0.2715,0,-0.9457,0.3041,-0.1146,0,-1.304,1.8287,-0.2397,1]},
{"frame":30,"values":[0.0199,-0.3571,-0.9338,0,-0.3237,-0.886,0.3319,0,-0.9459,0.2957,-0.1332,0,-1.304,1.8287,-0.2397,1]},
{"frame":31,"values":[0.0184,-0.4209,-0.9069,0,-0.3231,-0.8609,0.393,0,-0.9462,0.2858,-0.1518,0,-1.304,1.8287,-0.2397,1]},
{"frame":32,"values":[0.0174,-0.4651,-0.8851,0,-0.3226,-0.8405,0.4353,0,-0.9464,0.2779,-0.1646,0,-1.304,1.8287,-0.2397,1]},
{"frame":33,"values":[0.0171,-0.4791,-0.8776,0,-0.3224,-0.8335,0.4488,0,-0.9465,0.2753,-0.1687,0,-1.304,1.8287,-0.2397,1]}],"loopBehavior":1,"name":"anim","property":"_matrix"}},
{"name":"Lower Arm.R","index":13,"matrix":[0.6396,0.6389,0.4274,0,-0.4559,0.7629,-0.4583,0,-0.6189,0.0983,0.7793,0,0,2.5731,0,1],"rest":[0.8661,0.312,0.3907,0,-0.282,0.9501,-0.1334,0,-0.4128,0.0053,0.9108,0,0,2.5731,0,1],"parentBoneIndex":12,"length":2.3018
,"animation":{"dataType":3,"framePerSecond":24,"keys":[
{"frame":1,"values":[0.6396,0.6389,0.4274,0,-0.4559,0.7629,-0.4583,0,-0.6189,0.0983,0.7793,0,0,2.5731,0,1]},
{"frame":2,"values":[0.6308,0.6502,0.4235,0,-0.4715,0.7547,-0.4563,0,-0.6162,0.0881,0.7826,0,0,2.5731,0,1]},
{"frame":3,"values":[0.6067,0.6788,0.4136,0,-0.5116,0.7317,-0.4504,0,-0.6084,0.0616,0.7912,0,0,2.5731,0,1]},
{"frame":4,"values":[0.5811,0.7064,0.4042,0,-0.5506,0.707,-0.4439,0,-0.5993,0.0355,0.7997,0,0,2.5731,0,1]},
{"frame":5,"values":[0.5709,0.7165,0.4008,0,-0.5651,0.6971,-0.4414,0,-0.5956,0.0255,0.8029,0,0,2.5731,0,1]},
{"frame":6,"values":[0.5946,0.6871,0.4174,0,-0.5388,0.7259,-0.4274,0,-0.5967,0.0292,0.8019,0,0,2.5731,0,1]},
{"frame":7,"values":[0.6563,0.5971,0.4613,0,-0.4579,0.8011,-0.3854,0,-0.5997,0.0417,0.7991,0,0,2.5731,0,1]},
{"frame":8,"values":[0.7173,0.4763,0.5085,0,-0.3477,0.8772,-0.3312,0,-0.6038,0.0608,0.7948,0,0,2.5731,0,1]},
{"frame":9,"values":[0.7508,0.3805,0.54,0,-0.2566,0.9212,-0.2924,0,-0.6087,0.081,0.7892,0,0,2.5731,0,1]},
{"frame":10,"values":[0.7667,0.3064,0.5641,0,-0.1737,0.945,-0.2772,0,-0.618,0.1146,0.7778,0,0,2.5731,0,1]},
{"frame":11,"values":[0.7725,0.2379,0.5888,0,-0.0807,0.9564,-0.2806,0,-0.6299,0.1692,0.758,0,0,2.5731,0,1]},
{"frame":12,"values":[0.7707,0.1941,0.6069,0,-0.0115,0.9566,-0.2913,0,-0.6371,0.2175,0.7394,0,0,2.5731,0,1]},
{"frame":13,"values":[0.769,0.181,0.613,0,0.0115,0.955,-0.2964,0,-0.6391,0.235,0.7323,0,0,2.5731,0,1]},
{"frame":26,"values":[0.7727,0.203,0.6015,0,-0.0183,0.9542,-0.2986,0,-0.6345,0.2197,0.741,0,0,2.5731,0,1]},
{"frame":27,"values":[0.7772,0.2688,0.5689,0,-0.1033,0.9464,-0.3061,0,-0.6207,0.1792,0.7633,0,0,2.5731,0,1]},
{"frame":28,"values":[0.7698,0.3549,0.5305,0,-0.2055,0.9247,-0.3203,0,-0.6043,0.1376,0.7848,0,0,2.5731,0,1]},
{"frame":29,"values":[0.7507,0.4268,0.5043,0,-0.2789,0.8967,-0.3437,0,-0.5989,0.1174,0.7922,0,0,2.5731,0,1]},
{"frame":30,"values":[0.7223,0.4948,0.4831,0,-0.3375,0.862,-0.3783,0,-0.6037,0.1102,0.7896,0,0,2.5731,0,1]},
{"frame":31,"values":[0.684,0.5688,0.4568,0,-0.399,0.8159,-0.4184,0,-0.6107,0.1039,0.785,0,0,2.5731,0,1]},
{"frame":32,"values":[0.6513,0.6217,0.4351,0,-0.4421,0.7769,-0.4484,0,-0.6167,0.0997,0.7808,0,0,2.5731,0,1]},
{"frame":33,"values":[0.6396,0.6389,0.4274,0,-0.4559,0.7629,-0.4583,0,-0.6189,0.0983,0.7793,0,0,2.5731,0,1]}],"loopBehavior":1,"name":"anim","property":"_matrix"}},
{"name":"Hand.R","index":14,"matrix":[0.953,0.2283,0.1992,0,-0.2749,0.9281,0.2511,0,-0.1275,-0.2941,0.9472,0,0,2.3018,0,1],"rest":[0.9777,0.1185,0.1734,0,-0.1448,0.9783,0.1479,0,-0.1521,-0.1697,0.9737,0,0,2.3018,0,1],"parentBoneIndex":13,"length":0.8204
,"animation":{"dataType":3,"framePerSecond":24,"keys":[
{"frame":1,"values":[0.953,0.2283,0.1992,0,-0.2749,0.9281,0.2511,0,-0.1275,-0.2941,0.9472,0,0,2.3018,0,1]},
{"frame":2,"values":[0.9502,0.238,0.2014,0,-0.2861,0.9223,0.2599,0,-0.1239,-0.3045,0.9444,0,0,2.3018,0,1]},
{"frame":3,"values":[0.9422,0.263,0.2074,0,-0.3151,0.9061,0.2824,0,-0.1136,-0.3315,0.9366,0,0,2.3018,0,1]},
{"frame":4,"values":[0.9335,0.2877,0.2141,0,-0.3436,0.8884,0.3046,0,-0.1025,-0.3579,0.9281,0,0,2.3018,0,1]},
{"frame":5,"values":[0.93,0.2969,0.2167,0,-0.3543,0.8812,0.313,0,-0.0981,-0.3678,0.9247,0,0,2.3018,0,1]},
{"frame":6,"values":[0.9382,0.2756,0.2095,0,-0.3292,0.8974,0.2936,0,-0.1071,-0.3444,0.9327,0,0,2.3018,0,1]},
{"frame":7,"values":[0.9567,0.2179,0.1927,0,-0.2615,0.9346,0.2412,0,-0.1276,-0.2812,0.9511,0,0,2.3018,0,1]},
{"frame":8,"values":[0.971,0.1582,0.1794,0,-0.1915,0.9636,0.1867,0,-0.1433,-0.2156,0.9659,0,0,2.3018,0,1]},
{"frame":9,"values":[0.9752,0.135,0.1751,0,-0.1643,0.9724,0.1654,0,-0.148,-0.1901,0.9705,0,0,2.3018,0,1]},
{"frame":10,"values":[0.9749,0.1374,0.1752,0,-0.1671,0.9716,0.1676,0,-0.1472,-0.1927,0.9702,0,0,2.3018,0,1]},
{"frame":11,"values":[0.974,0.1438,0.1753,0,-0.1743,0.9693,0.1733,0,-0.145,-0.1994,0.9691,0,0,2.3018,0,1]},
{"frame":12,"values":[0.973,0.1501,0.1755,0,-0.1815,0.967,0.1791,0,-0.1428,-0.2061,0.9681,0,0,2.3018,0,1]},
{"frame":13,"values":[0.9726,0.1525,0.1756,0,-0.1842,0.966,0.1813,0,-0.142,-0.2086,0.9676,0,0,2.3018,0,1]},
{"frame":14,"values":[0.9761,0.1301,0.1743,0,-0.1585,0.9742,0.1607,0,-0.1489,-0.1845,0.9715,0,0,2.3018,0,1]},
{"frame":15,"values":[0.9823,0.0708,0.1732,0,-0.0901,0.9902,0.1063,0,-0.1639,-0.12,0.9791,0,0,2.3018,0,1]},
{"frame":16,"values":[0.9845,0.0113,0.1753,0,-0.0206,0.9985,0.0515,0,-0.1744,-0.0543,0.9832,0,0,2.3018,0,1]},
{"frame":17,"values":[0.9842,-0.0114,0.177,0,0.006,0.9995,0.0306,0,-0.1772,-0.029,0.9837,0,0,2.3018,0,1]},
{"frame":30,"values":[0.984,0.0223,0.1768,0,-0.0337,0.9975,0.0617,0,-0.175,-0.0666,0.9823,0,0,2.3018,0,1]},
{"frame":31,"values":[0.9772,0.1102,0.1813,0,-0.1371,0.9802,0.1428,0,-0.162,-0.1644,0.973,0,0,2.3018,0,1]},
{"frame":32,"values":[0.9614,0.1964,0.1929,0,-0.2377,0.9457,0.2219,0,-0.1389,-0.2592,0.9558,0,0,2.3018,0,1]},
{"frame":33,"values":[0.953,0.2283,0.1992,0,-0.2749,0.9281,0.2511,0,-0.1275,-0.2941,0.9472,0,0,2.3018,0,1]}],"loopBehavior":1,"name":"anim","property":"_matrix"}},
{"name":"Fingers01.R","index":15,"matrix":[0.7602,0.4479,0.4706,0,-0.231,0.8633,-0.4487,0,-0.6072,0.2324,0.7598,0,0,0.8204,0,1],"rest":[0.7602,0.4479,0.4706,0,-0.231,0.8633,-0.4487,0,-0.6072,0.2324,0.7598,0,0,0.8204,0,1],"parentBoneIndex":14,"length":0.2962
,"animation":{"dataType":3,"framePerSecond":24,"keys":[
{"frame":1,"values":[0.7602,0.4479,0.4706,0,-0.231,0.8633,-0.4487,0,-0.6072,0.2324,0.7598,0,0,0.8204,0,1]},
{"frame":33,"values":[0.7602,0.4479,0.4706,0,-0.231,0.8633,-0.4487,0,-0.6072,0.2324,0.7598,0,0,0.8204,0,1]}],"loopBehavior":1,"name":"anim","property":"_matrix"}},
{"name":"Fingers02.R","index":16,"matrix":[0.6059,0.2828,0.7436,0,-0.268,0.9526,-0.1439,0,-0.749,-0.1121,0.653,0,0,0.2962,0,1],"rest":[0.6059,0.2828,0.7436,0,-0.268,0.9526,-0.1439,0,-0.749,-0.1121,0.653,0,0,0.2962,0,1],"parentBoneIndex":15,"length":0.4478
,"animation":{"dataType":3,"framePerSecond":24,"keys":[
{"frame":1,"values":[0.6059,0.2828,0.7436,0,-0.268,0.9526,-0.1439,0,-0.749,-0.1121,0.653,0,0,0.2962,0,1]},
{"frame":33,"values":[0.6059,0.2828,0.7436,0,-0.268,0.9526,-0.1439,0,-0.749,-0.1121,0.653,0,0,0.2962,0,1]}],"loopBehavior":1,"name":"anim","property":"_matrix"}},
{"name":"Thumb01.R","index":17,"matrix":[-0.1264,0.4063,0.9049,0,-0.5037,0.7596,-0.4114,0,-0.8546,-0.5078,0.1086,0,-0.2277,0.5384,-0.0059,1],"rest":[-0.1484,0.6818,0.7163,0,-0.9889,-0.1013,-0.1085,0,-0.0014,-0.7245,0.6893,0,-0.2277,0.5384,-0.0059,1],"parentBoneIndex":14,"length":0.267
,"animation":{"dataType":3,"framePerSecond":24,"keys":[
{"frame":1,"values":[-0.1264,0.4063,0.9049,0,-0.5037,0.7596,-0.4114,0,-0.8546,-0.5078,0.1086,0,-0.2277,0.5384,-0.0059,1]},
{"frame":33,"values":[-0.1264,0.4063,0.9049,0,-0.5037,0.7596,-0.4114,0,-0.8546,-0.5078,0.1086,0,-0.2277,0.5384,-0.0059,1]}],"loopBehavior":1,"name":"anim","property":"_matrix"}},
{"name":"Thumb02.R","index":18,"matrix":[0.9758,0.2189,0.0003,0,-0.2188,0.9754,0.0275,0,0.0057,-0.0269,0.9996,0,0,0.267,0,1],"rest":[0.9758,0.2189,0.0003,0,-0.2188,0.9754,0.0275,0,0.0057,-0.0269,0.9996,0,0,0.267,0,1],"parentBoneIndex":17,"length":0.3944
,"animation":{"dataType":3,"framePerSecond":24,"keys":[
{"frame":1,"values":[0.9758,0.2189,0.0003,0,-0.2188,0.9754,0.0275,0,0.0057,-0.0269,0.9996,0,0,0.267,0,1]},
{"frame":33,"values":[0.9758,0.2189,0.0003,0,-0.2188,0.9754,0.0275,0,0.0057,-0.0269,0.9996,0,0,0.267,0,1]}],"loopBehavior":1,"name":"anim","property":"_matrix"}},
{"name":"Leg pole target.L","index":19,"matrix":[1,0,0,0,0,1,0,0,0,0,1,0,-0.8754,2.3788,3.4946,1],"rest":[1,0,0,0,0,1,0,0,0,0,1,0,-0.8754,2.3788,3.4946,1],"parentBoneIndex":0,"length":0.8462
,"animation":{"dataType":3,"framePerSecond":24,"keys":[
{"frame":1,"values":[1,0,0,0,0,1,0,0,0,0,1,0,-0.8754,2.3788,3.4946,1]},
{"frame":33,"values":[1,0,0,0,0,1,0,0,0,0,1,0,-0.8754,2.3788,3.4946,1]}],"loopBehavior":1,"name":"anim","property":"_matrix"}},
{"name":"Leg Control.L","index":20,"matrix":[0.9925,0.1219,0,0,-0.1039,0.8458,0.5233,0,0.0638,-0.5194,0.8521,0,-0.691,1.9489,-0.0058,1],"rest":[1,0,0,0,0,1,0,0,0,0,1,0,-0.8724,-0.6555,0.0006,1],"parentBoneIndex":0,"length":2.104
,"animation":{"dataType":3,"framePerSecond":24,"keys":[
{"frame":1,"values":[0.9925,0.1219,0,0,-0.1039,0.8458,0.5233,0,0.0638,-0.5194,0.8521,0,-0.691,1.9489,-0.0058,1]},
{"frame":2,"values":[0.9925,0.1219,0,0,-0.1173,0.9552,0.2719,0,0.0331,-0.2699,0.9623,0,-0.691,1.7052,-0.0066,1]},
{"frame":3,"values":[0.9925,0.1219,0,0,-0.1219,0.9925,0,0,0,0,1,0,-0.691,1.2959,-0.0079,1]},
{"frame":4,"values":[0.9925,0.1219,0,0,-0.1219,0.9925,0,0,0,0,1,0,-0.691,1.0694,-0.0085,1]},
{"frame":5,"values":[0.9925,0.1219,0,0,-0.1219,0.9925,0,0,0,0,1,0,-0.691,0.8174,-0.0087,1]},
{"frame":6,"values":[0.9925,0.1219,0,0,-0.1219,0.9925,0,0,0,0,1,0,-0.691,0.449,-0.0065,1]},
{"frame":7,"values":[0.9925,0.1219,0,0,-0.1219,0.9925,0,0,0,0,1,0,-0.691,0.0086,-0.0009,1]},
{"frame":8,"values":[0.9925,0.1219,0,0,-0.1219,0.9925,0,0,0,0,1,0,-0.691,-0.442,0.0048,1]},
{"frame":9,"values":[0.9925,0.1219,0,0,-0.1219,0.9925,0,0,0,0,1,0,-0.691,-0.8364,0.007,1]},
{"frame":10,"values":[0.9925,0.1219,0,0,-0.1219,0.9925,0,0,0,0,1,0,-0.691,-1.1642,0.0057,1]},
{"frame":11,"values":[0.9925,0.1219,0,0,-0.1219,0.9925,0,0,0,0,1,0,-0.691,-1.4434,0.0022,1]},
{"frame":12,"values":[0.9925,0.1219,0,0,-0.1219,0.9925,0,0,0,0,1,0,-0.691,-1.7197,-0.0012,1]},
{"frame":13,"values":[0.9925,0.1219,0,0,-0.1219,0.9925,0,0,0,0,1,0,-0.691,-2.0403,-0.0025,1]},
{"frame":14,"values":[0.9925,0.1219,0,0,-0.1219,0.9925,0,0,0,0,1,0,-0.6806,-2.4635,-0.0025,1]},
{"frame":15,"values":[0.9925,0.1219,0,0,-0.1219,0.9925,0,0,0,0,1,0,-0.6533,-2.9767,-0.0021,1]},
{"frame":16,"values":[0.9925,0.1219,0,0,-0.1219,0.9925,0,0,0,0,1,0,-0.6259,-3.4084,-0.0011,1]},
{"frame":17,"values":[0.9925,0.1219,0,0,-0.1219,0.9925,0,0,0,0,1,0,-0.6155,-3.626,0.0006,1]},
{"frame":18,"values":[0.9925,0.1209,-0.0154,0,-0.1219,0.9846,-0.1251,0,0,0.126,0.992,0,-0.6155,-3.715,0.2305,1]},
{"frame":19,"values":[0.9925,0.1086,-0.0553,0,-0.1219,0.8847,-0.45,0,0,0.4534,0.8913,0,-0.6155,-3.7677,0.8424,1]},
{"frame":20,"values":[0.9925,0.0829,-0.0894,0,-0.1219,0.6748,-0.7279,0,0,0.7333,0.6799,0,-0.6155,-3.7858,1.4917,1]},
{"frame":21,"values":[0.9925,0.0688,-0.1006,0,-0.1219,0.5607,-0.819,0,0,0.8252,0.5649,0,-0.6155,-3.7879,1.8161,1]},
{"frame":22,"values":[0.9925,0.0667,-0.102,0,-0.1219,0.5428,-0.831,0,0,0.8372,0.5469,0,-0.6155,-3.6098,1.9147,1]},
{"frame":23,"values":[0.9925,0.0653,-0.1029,0,-0.1219,0.5321,-0.8378,0,0,0.8441,0.5361,0,-0.6155,-3.0763,1.9729,1]},
{"frame":24,"values":[0.9925,0.0649,-0.1032,0,-0.1219,0.5284,-0.8402,0,0,0.8465,0.5324,0,-0.6155,-2.3604,1.993,1]},
{"frame":25,"values":[0.9925,0.0648,-0.1032,0,-0.1219,0.528,-0.8404,0,0,0.8468,0.532,0,-0.6155,-1.722,1.9953,1]},
{"frame":26,"values":[0.9927,0.0718,-0.0972,0,-0.1208,0.5763,-0.8082,0,-0.002,0.8141,0.5808,0,-0.6155,-1.1378,1.9173,1]},
{"frame":27,"values":[0.9928,0.0894,-0.0793,0,-0.1193,0.707,-0.697,0,-0.0062,0.7015,0.7126,0,-0.6155,-0.5075,1.6827,1]},
{"frame":28,"values":[0.9928,0.106,-0.0564,0,-0.1199,0.8473,-0.5174,0,-0.0071,0.5204,0.8539,0,-0.6155,0.093,1.3663,1]},
{"frame":29,"values":[0.9925,0.115,-0.0404,0,-0.1219,0.9363,-0.3293,0,0,0.3318,0.9433,0,-0.6155,0.6017,1.0815,1]},
{"frame":30,"values":[0.9923,0.1205,-0.0284,0,-0.1227,0.9881,-0.0931,0,0.0168,0.0959,0.9953,0,-0.6259,1.083,0.7768,1]},
{"frame":31,"values":[0.9923,0.1234,-0.014,0,-0.1174,0.9688,0.2181,0,0.0404,-0.2148,0.9758,0,-0.6533,1.544,0.4083,1]},
{"frame":32,"values":[0.9924,0.1227,-0.0033,0,-0.108,0.8864,0.4502,0,0.0582,-0.4464,0.8929,0,-0.6806,1.8526,0.1218,1]},
{"frame":33,"values":[0.9925,0.1219,0,0,-0.1039,0.8458,0.5233,0,0.0638,-0.5194,0.8521,0,-0.691,1.9489,0.0238,1]}],"loopBehavior":1,"name":"anim","property":"_matrix"}},
{"name":"Foot Roll.L","index":21,"matrix":[-0.9999,0.0148,0.0054,0,-0.0091,-0.8219,0.5696,0,0.0129,0.5695,0.8219,0,-0.003,1.5613,0.0268,1],"rest":[-0.9999,0.0148,0.0054,0,-0.0091,-0.8219,0.5696,0,0.0129,0.5695,0.8219,0,-0.003,1.5613,0.0268,1],"parentBoneIndex":20,"length":1.3539
