{"producer":{"name":"Blender","version":"2.76 (sub 0)","exporter_version":"5.3-beta","file":"my_cube3.babylon"},
"autoClear":true,"clearColor":[0.0509,0.0509,0.0509],"ambientColor":[0,0,0],"gravity":[0,-9.81,0],
"materials":[{"name":"my_cube3.Skin","id":"my_cube3.Skin","ambient":[0.8,0.7347,0.4121],"diffuse":[0.6777,0.6224,0.3491],"specular":[0.5,0.5,0.5],"emissive":[0,0,0],"specularPower":50,"alpha":1,"backFaceCulling":true,"checkReadyOnlyOnce":false,"maxSimultaneousLights":4},
{"name":"my_cube3.Mouth","id":"my_cube3.Mouth","ambient":[0.08,0.005,0],"diffuse":[0.064,0.004,0],"specular":[0.0094,0.0094,0.0094],"emissive":[0,0,0],"specularPower":50,"alpha":1,"backFaceCulling":true,"checkReadyOnlyOnce":false,"maxSimultaneousLights":4},
{"name":"my_cube3.Eye","id":"my_cube3.Eye","ambient":[0.0946,0.305,0.8],"diffuse":[0.0498,0.1606,0.4211],"specular":[1,1,1],"emissive":[0,0,0],"specularPower":50,"alpha":1,"backFaceCulling":true,"checkReadyOnlyOnce":false,"maxSimultaneousLights":4}],
"multiMaterials":[{"name":"my_cube3.Multimaterial#0","id":"my_cube3.Multimaterial#0","materials":["my_cube3.Skin","my_cube3.Mouth","my_cube3.Eye"]}],
"skeletons":[{"name":"Armature","id":0,"dimensionsAtRest":[5.6141,3.7227,1.4376],"bones":[
{"name":"Leg_lower_IK.L","index":0,"matrix":[1,0,0,0,0,0,1,0,0,1,0,0,0.6024,-0.6305,0.1527,1],"rest":[1,0,0,0,0,0,1,0,0,1,0,0,0.6024,-0.6305,0,1],"parentBoneIndex":-1,"length":0.2173
,"animation":{"dataType":3,"framePerSecond":30,"keys":[
{"frame":0,"values":[1,0,0,0,0,0,1,0,0,1,0,0,0.6024,-0.6305,0.1527,1]},
{"frame":1,"values":[1,0,0,0,0,0,1,0,0,1,0,0,0.6024,-0.6305,0.1519,1]},
{"frame":2,"values":[1,0,0,0,0,0,1,0,0,1,0,0,0.6024,-0.6305,0.1494,1]},
{"frame":3,"values":[1,0,0,0,0,0,1,0,0,1,0,0,0.6024,-0.6305,0.1453,1]},
{"frame":4,"values":[1,0,0,0,0,0,1,0,0,1,0,0,0.6024,-0.6305,0.1396,1]},
{"frame":5,"values":[1,0,0,0,0,0,1,0,0,1,0,0,0.6024,-0.6305,0.1322,1]},
{"frame":6,"values":[1,0,0,0,0,0,1,0,0,1,0,0,0.6024,-0.6305,0.1233,1]},
{"frame":7,"values":[1,0,0,0,0,0,1,0,0,1,0,0,0.6024,-0.6305,0.1128,1]},
{"frame":8,"values":[1,0,0,0,0,0,1,0,0,1,0,0,0.6024,-0.6305,0.1008,1]},
{"frame":9,"values":[1,0,0,0,0,0,1,0,0,1,0,0,0.6024,-0.6305,0.0874,1]},
{"frame":10,"values":[1,0,0,0,0,0,1,0,0,1,0,0,0.6024,-0.6305,0.0728,1]},
{"frame":11,"values":[1,0,0,0,0,0,1,0,0,1,0,0,0.6024,-0.6305,0.0571,1]},
{"frame":12,"values":[1,0,0,0,0,0,1,0,0,1,0,0,0.6024,-0.6305,0.0404,1]},
{"frame":13,"values":[1,0,0,0,0,0,1,0,0,1,0,0,0.6024,-0.6305,0.0231,1]},
{"frame":14,"values":[1,0,0,0,0,0,1,0,0,1,0,0,0.6024,-0.6305,0.0053,1]},
{"frame":15,"values":[1,0,0,0,0,0,1,0,0,1,0,0,0.6024,-0.6305,-0.0127,1]},
{"frame":16,"values":[1,0,0,0,0,0,1,0,0,1,0,0,0.6024,-0.6305,-0.0308,1]},
{"frame":17,"values":[1,0,0,0,0,0,1,0,0,1,0,0,0.6024,-0.6305,-0.0486,1]},
{"frame":18,"values":[1,0,0,0,0,0,1,0,0,1,0,0,0.6024,-0.6305,-0.0659,1]},
{"frame":19,"values":[1,0,0,0,0,0,1,0,0,1,0,0,0.6024,-0.6305,-0.0825,1]},
{"frame":20,"values":[1,0,0,0,0,0,1,0,0,1,0,0,0.6024,-0.6305,-0.0982,1]},
{"frame":21,"values":[1,0,0,0,0,0,1,0,0,1,0,0,0.6024,-0.6305,-0.1128,1]},
{"frame":22,"values":[1,0,0,0,0,0,1,0,0,1,0,0,0.6024,-0.6305,-0.1262,1]},
{"frame":23,"values":[1,0,0,0,0,0,1,0,0,1,0,0,0.6024,-0.6305,-0.1382,1]},
{"frame":24,"values":[1,0,0,0,0,0,1,0,0,1,0,0,0.6024,-0.6305,-0.1487,1]},
{"frame":25,"values":[1,0,0,0,0,0,1,0,0,1,0,0,0.6024,-0.6305,-0.1577,1]},
{"frame":26,"values":[1,0,0,0,0,0,1,0,0,1,0,0,0.6024,-0.6305,-0.1651,1]},
{"frame":27,"values":[1,0,0,0,0,0,1,0,0,1,0,0,0.6024,-0.6305,-0.1708,1]},
{"frame":28,"values":[1,0,0,0,0,0,1,0,0,1,0,0,0.6024,-0.6305,-0.1749,1]},
{"frame":29,"values":[1,0,0,0,0,0,1,0,0,1,0,0,0.6024,-0.6305,-0.1773,1]},
{"frame":30,"values":[1,0,0,0,0,0,1,0,0,1,0,0,0.6024,-0.6305,-0.1781,1]},
{"frame":31,"values":[1,0,0,0,0,0,1,0,0,1,0,0,0.6024,-0.6305,-0.1773,1]},
{"frame":32,"values":[1,0,0,0,0,0,1,0,0,1,0,0,0.6024,-0.6305,-0.1749,1]},
{"frame":33,"values":[1,0,0,0,0,0,1,0,0,1,0,0,0.6024,-0.6305,-0.1708,1]},
{"frame":34,"values":[1,0,0,0,0,0,1,0,0,1,0,0,0.6024,-0.6305,-0.1651,1]},
{"frame":35,"values":[1,0,0,0,0,0,1,0,0,1,0,0,0.6024,-0.6305,-0.1577,1]},
{"frame":36,"values":[1,0,0,0,0,0,1,0,0,1,0,0,0.6024,-0.6305,-0.1487,1]},
{"frame":37,"values":[1,0,0,0,0,0,1,0,0,1,0,0,0.6024,-0.6305,-0.1382,1]},
{"frame":38,"values":[1,0,0,0,0,0,1,0,0,1,0,0,0.6024,-0.6305,-0.1262,1]},
{"frame":39,"values":[1,0,0,0,0,0,1,0,0,1,0,0,0.6024,-0.6305,-0.1128,1]},
{"frame":40,"values":[1,0,0,0,0,0,1,0,0,1,0,0,0.6024,-0.6305,-0.0982,1]},
{"frame":41,"values":[1,0,0,0,0,0,1,0,0,1,0,0,0.6024,-0.6305,-0.0825,1]},
{"frame":42,"values":[1,0,0,0,0,0,1,0,0,1,0,0,0.6024,-0.6305,-0.0659,1]},
{"frame":43,"values":[1,0,0,0,0,0,1,0,0,1,0,0,0.6024,-0.6305,-0.0486,1]},
{"frame":44,"values":[1,0,0,0,0,0,1,0,0,1,0,0,0.6024,-0.6305,-0.0308,1]},
{"frame":45,"values":[1,0,0,0,0,0,1,0,0,1,0,0,0.6024,-0.6305,-0.0127,1]},
{"frame":46,"values":[1,0,0,0,0,0,1,0,0,1,0,0,0.6024,-0.6305,0.0053,1]},
{"frame":47,"values":[1,0,0,0,0,0,1,0,0,1,0,0,0.6024,-0.6305,0.0231,1]},
{"frame":48,"values":[1,0,0,0,0,0,1,0,0,1,0,0,0.6024,-0.6305,0.0404,1]},
{"frame":49,"values":[1,0,0,0,0,0,1,0,0,1,0,0,0.6024,-0.6305,0.0571,1]},
{"frame":50,"values":[1,0,0,0,0,0,1,0,0,1,0,0,0.6024,-0.6305,0.0728,1]},
{"frame":51,"values":[1,0,0,0,0,0,1,0,0,1,0,0,0.6024,-0.6305,0.0874,1]},
{"frame":52,"values":[1,0,0,0,0,0,1,0,0,1,0,0,0.6024,-0.6305,0.1008,1]},
{"frame":53,"values":[1,0,0,0,0,0,1,0,0,1,0,0,0.6024,-0.6305,0.1128,1]},
{"frame":54,"values":[1,0,0,0,0,0,1,0,0,1,0,0,0.6024,-0.6305,0.1233,1]},
{"frame":55,"values":[1,0,0,0,0,0,1,0,0,1,0,0,0.6024,-0.6305,0.1322,1]},
{"frame":56,"values":[1,0,0,0,0,0,1,0,0,1,0,0,0.6024,-0.6305,0.1396,1]},
{"frame":57,"values":[1,0,0,0,0,0,1,0,0,1,0,0,0.6024,-0.6305,0.1453,1]},
{"frame":58,"values":[1,0,0,0,0,0,1,0,0,1,0,0,0.6024,-0.6305,0.1494,1]},
{"frame":59,"values":[1,0,0,0,0,0,1,0,0,1,0,0,0.6024,-0.6305,0.1519,1]},
{"frame":60,"values":[1,0,0,0,0,0,1,0,0,1,0,0,0.6024,-0.6305,0.1527,1]}],"loopBehavior":1,"name":"anim","property":"_matrix"}},
{"name":"Origin","index":1,"matrix":[-0.9999,0.0003,0.0116,0,0.0003,1,0,0,0.0116,0,0.9999,0,0.0044,-0.0397,0,1],"rest":[-0.9999,0.0003,0.0116,0,0.0003,1,0,0,0.0116,0,0.9999,0,0.0044,-0.0397,0,1],"parentBoneIndex":-1,"length":0.0397
,"animation":{"dataType":3,"framePerSecond":30,"keys":[
{"frame":0,"values":[-0.9999,0.0003,0.0116,0,0.0003,1,0,0,0.0116,0,0.9999,0,0.0044,-0.0397,0,1]},
{"frame":60,"values":[-0.9999,0.0003,0.0116,0,0.0003,1,0,0,0.0116,0,0.9999,0,0.0044,-0.0397,0,1]}],"loopBehavior":1,"name":"anim","property":"_matrix"}},
{"name":"Spline_1","index":2,"matrix":[-1,0.0003,0.0034,0,0.0003,1,0,0,-0.0034,0,-1,0,0,0.0397,0,1],"rest":[-1,0.0003,0.0034,0,0.0003,1,0,0,-0.0034,0,-1,0,0,0.0397,0,1],"parentBoneIndex":1,"length":0.573
,"animation":{"dataType":3,"framePerSecond":30,"keys":[
{"frame":0,"values":[-1,0.0003,0.0034,0,0.0003,1,0,0,-0.0034,0,-1,0,0,0.0397,0,1]},
{"frame":60,"values":[-1,0.0003,0.0034,0,0.0003,1,0,0,-0.0034,0,-1,0,0,0.0397,0,1]}],"loopBehavior":1,"name":"anim","property":"_matrix"}},
{"name":"Spline_2","index":3,"matrix":[1,0,-0.0082,0,0,1,0,0,0.0082,0,1,0,0,0.573,0,1],"rest":[1,0,-0.0082,0,0,1,0,0,0.0082,0,1,0,0,0.573,0,1],"parentBoneIndex":2,"length":0.6559
,"animation":{"dataType":3,"framePerSecond":30,"keys":[
{"frame":0,"values":[1,0,-0.0082,0,0,1,0,0,0.0082,0,1,0,0,0.573,0,1]},
{"frame":60,"values":[1,0,-0.0082,0,0,1,0,0,0.0082,0,1,0,0,0.573,0,1]}],"loopBehavior":1,"name":"anim","property":"_matrix"}},
{"name":"Spline_3","index":4,"matrix":[1,0,-0.0095,0,0,1,0,0,0.0095,0,1,0,0,0.6559,0,1],"rest":[1,0,-0.0095,0,0,1,0,0,0.0095,0,1,0,0,0.6559,0,1],"parentBoneIndex":3,"length":0.5735
,"animation":{"dataType":3,"framePerSecond":30,"keys":[
{"frame":0,"values":[1,0,-0.0095,0,0,1,0,0,0.0095,0,1,0,0,0.6559,0,1]},
{"frame":60,"values":[1,0,-0.0095,0,0,1,0,0,0.0095,0,1,0,0,0.6559,0,1]}],"loopBehavior":1,"name":"anim","property":"_matrix"}},
{"name":"Shoulder_left","index":5,"matrix":[-0.0095,0,1,0,0.9984,-0.0549,0.0095,0,0.0549,0.9985,0.0005,0,0,0.5735,0,1],"rest":[-0.0095,0,1,0,0.9984,-0.0549,0.0095,0,0.0549,0.9985,0.0005,0,0,0.5735,0,1],"parentBoneIndex":4,"length":0.9661
,"animation":{"dataType":3,"framePerSecond":30,"keys":[
{"frame":0,"values":[-0.0095,0,1,0,0.9984,-0.0549,0.0095,0,0.0549,0.9985,0.0005,0,0,0.5735,0,1]},
{"frame":60,"values":[-0.0095,0,1,0,0.9984,-0.0549,0.0095,0,0.0549,0.9985,0.0005,0,0,0.5735,0,1]}],"loopBehavior":1,"name":"anim","property":"_matrix"}},
{"name":"Bicep_left","index":6,"matrix":[1,0,0,0,0,0.9894,-0.1449,0,0,0.1449,0.9894,0,0,0.9661,0,1],"rest":[1,0,0,0,0,0.9894,-0.1449,0,0,0.1449,0.9894,0,0,0.9661,0,1],"parentBoneIndex":5,"length":0.63
,"animation":{"dataType":3,"framePerSecond":30,"keys":[
{"frame":0,"values":[1,0,0,0,0,0.9894,-0.1449,0,0,0.1449,0.9894,0,0,0.9661,0,1]},
{"frame":60,"values":[1,0,0,0,0,0.9894,-0.1449,0,0,0.1449,0.9894,0,0,0.9661,0,1]}],"loopBehavior":1,"name":"anim","property":"_matrix"}},
{"name":"Arm_left","index":7,"matrix":[1,0,0,0,0,0.9825,0.1865,0,0,-0.1865,0.9825,0,0,0.63,0,1],"rest":[1,0,0,0,0,0.9825,0.1865,0,0,-0.1865,0.9825,0,0,0.63,0,1],"parentBoneIndex":6,"length":0.3762
,"animation":{"dataType":3,"framePerSecond":30,"keys":[
{"frame":0,"values":[1,0,0,0,0,0.9825,0.1865,0,0,-0.1865,0.9825,0,0,0.63,0,1]},
{"frame":60,"values":[1,0,0,0,0,0.9825,0.1865,0,0,-0.1865,0.9825,0,0,0.63,0,1]}],"loopBehavior":1,"name":"anim","property":"_matrix"}},
{"name":"Hand_left","index":8,"matrix":[1,0,0,0,0,0.9999,0.0128,0,0,-0.0128,0.9999,0,0,0.3762,0,1],"rest":[1,0,0,0,0,0.9999,0.0128,0,0,-0.0128,0.9999,0,0,0.3762,0,1],"parentBoneIndex":7,"length":0.8489
,"animation":{"dataType":3,"framePerSecond":30,"keys":[
{"frame":0,"values":[1,0,0,0,0,0.9999,0.0128,0,0,-0.0128,0.9999,0,0,0.3762,0,1]},
{"frame":60,"values":[1,0,0,0,0,0.9999,0.0128,0,0,-0.0128,0.9999,0,0,0.3762,0,1]}],"loopBehavior":1,"name":"anim","property":"_matrix"}},
{"name":"Shoulder_right","index":9,"matrix":[-0.0095,0,1,0,-0.9984,-0.0549,-0.0095,0,0.0549,-0.9985,0.0005,0,0,0.5735,0,1],"rest":[-0.0095,0,1,0,-0.9984,-0.0549,-0.0095,0,0.0549,-0.9985,0.0005,0,0,0.5735,0,1],"parentBoneIndex":4,"length":0.9661
,"animation":{"dataType":3,"framePerSecond":30,"keys":[
{"frame":0,"values":[-0.0095,0,1,0,-0.9984,-0.0549,-0.0095,0,0.0549,-0.9985,0.0005,0,0,0.5735,0,1]},
{"frame":60,"values":[-0.0095,0,1,0,-0.9984,-0.0549,-0.0095,0,0.0549,-0.9985,0.0005,0,0,0.5735,0,1]}],"loopBehavior":1,"name":"anim","property":"_matrix"}},
{"name":"Bicep_right","index":10,"matrix":[1,0,0,0,0,0.9894,0.1449,0,0,-0.1449,0.9894,0,0,0.9661,0,1],"rest":[1,0,0,0,0,0.9894,0.1449,0,0,-0.1449,0.9894,0,0,0.9661,0,1],"parentBoneIndex":9,"length":0.63
,"animation":{"dataType":3,"framePerSecond":30,"keys":[
{"frame":0,"values":[1,0,0,0,0,0.9894,0.1449,0,0,-0.1449,0.9894,0,0,0.9661,0,1]},
{"frame":60,"values":[1,0,0,0,0,0.9894,0.1449,0,0,-0.1449,0.9894,0,0,0.9661,0,1]}],"loopBehavior":1,"name":"anim","property":"_matrix"}},
{"name":"Arm_right","index":11,"matrix":[1,0,0,0,0,0.9825,-0.1865,0,0,0.1865,0.9825,0,0,0.63,0,1],"rest":[1,0,0,0,0,0.9825,-0.1865,0,0,0.1865,0.9825,0,0,0.63,0,1],"parentBoneIndex":10,"length":0.3762
,"animation":{"dataType":3,"framePerSecond":30,"keys":[
{"frame":0,"values":[1,0,0,0,0,0.9825,-0.1865,0,0,0.1865,0.9825,0,0,0.63,0,1]},
{"frame":60,"values":[1,0,0,0,0,0.9825,-0.1865,0,0,0.1865,0.9825,0,0,0.63,0,1]}],"loopBehavior":1,"name":"anim","property":"_matrix"}},
{"name":"Hand_right","index":12,"matrix":[1,0,-0.0037,0,0,0.9999,-0.0128,0,0.0037,0.0128,0.9999,0,0,0.3762,0,1],"rest":[1,0,-0.0037,0,0,0.9999,-0.0128,0,0.0037,0.0128,0.9999,0,0,0.3762,0,1],"parentBoneIndex":11,"length":0.8489
,"animation":{"dataType":3,"framePerSecond":30,"keys":[
{"frame":0,"values":[1,0,-0.0037,0,0,0.9999,-0.0128,0,0.0037,0.0128,0.9999,0,0,0.3762,0,1]},
{"frame":60,"values":[1,0,-0.0037,0,0,0.9999,-0.0128,0,0.0037,0.0128,0.9999,0,0,0.3762,0,1]}],"loopBehavior":1,"name":"anim","property":"_matrix"}},
{"name":"Spline_4","index":13,"matrix":[1,0,0.0095,0,0,1,0,0,-0.0095,0,1,0,0,0.5735,0,1],"rest":[1,0,0.0095,0,0,1,0,0,-0.0095,0,1,0,0,0.5735,0,1],"parentBoneIndex":4,"length":0.6109
,"animation":{"dataType":3,"framePerSecond":30,"keys":[
{"frame":0,"values":[1,0,0.0095,0,0,1,0,0,-0.0095,0,1,0,0,0.5735,0,1]},
{"frame":60,"values":[1,0,0.0095,0,0,1,0,0,-0.0095,0,1,0,0,0.5735,0,1]}],"loopBehavior":1,"name":"anim","property":"_matrix"}},
{"name":"Spline_5","index":14,"matrix":[1,0,0,0,0,1,0,0,0,0,1,0,0,0.6109,0,1],"rest":[1,0,0,0,0,1,0,0,0,0,1,0,0,0.6109,0,1],"parentBoneIndex":13,"length":0.6787
,"animation":{"dataType":3,"framePerSecond":30,"keys":[
{"frame":0,"values":[1,0,0,0,0,1,0,0,0,0,1,0,0,0.6109,0,1]},
{"frame":60,"values":[1,0,0,0,0,1,0,0,0,0,1,0,0,0.6109,0,1]}],"loopBehavior":1,"name":"anim","property":"_matrix"}},
{"name":"Eye_right","index":15,"matrix":[-0.8236,0.2253,0.5206,0,0.4956,-0.1607,0.8536,0,0.2759,0.9609,0.0207,0,0,0.6109,0,1],"rest":[-0.8236,0.2253,0.5206,0,0.4956,-0.1607,0.8536,0,0.2759,0.9609,0.0207,0,0,0.6109,0,1],"parentBoneIndex":13,"length":0.9138
,"animation":{"dataType":3,"framePerSecond":30,"keys":[
{"frame":0,"values":[-0.8236,0.2253,0.5206,0,0.4956,-0.1607,0.8536,0,0.2759,0.9609,0.0207,0,0,0.6109,0,1]},
{"frame":60,"values":[-0.8236,0.2253,0.5206,0,0.4956,-0.1607,0.8536,0,0.2759,0.9609,0.0207,0,0,0.6109,0,1]}],"loopBehavior":1,"name":"anim","property":"_matrix"}},
{"name":"Eye_left","index":16,"matrix":[-0.8235,0.3992,-0.403,0,-0.4956,-0.1607,0.8535,0,0.276,0.9027,0.3302,0,0,0.6109,0,1],"rest":[-0.8235,0.3992,-0.403,0,-0.4956,-0.1607,0.8535,0,0.276,0.9027,0.3302,0,0,0.6109,0,1],"parentBoneIndex":13,"length":0.9138
,"animation":{"dataType":3,"framePerSecond":30,"keys":[
{"frame":0,"values":[-0.8235,0.3992,-0.403,0,-0.4956,-0.1607,0.8535,0,0.276,0.9027,0.3302,0,0,0.6109,0,1]},
{"frame":60,"values":[-0.8235,0.3992,-0.403,0,-0.4956,-0.1607,0.8535,0,0.276,0.9027,0.3302,0,0,0.6109,0,1]}],"loopBehavior":1,"name":"anim","property":"_matrix"}},
{"name":"Helper_6","index":17,"matrix":[-1,0,0,0,0,-0.0124,0.9999,0,0,0.9999,0.0124,0,0,0.6559,0,1],"rest":[-1,0,0,0,0,-0.0124,0.9999,0,0,0.9983,0.0124,0,0,0.6559,0,1],"parentBoneIndex":3,"length":0.6367
,"animation":{"dataType":3,"framePerSecond":30,"keys":[
{"frame":0,"values":[-1,0,0,0,0,-0.0124,0.9999,0,0,0.9999,0.0124,0,0,0.6559,0,1]},
{"frame":60,"values":[-1,0,0,0,0,-0.0124,0.9999,0,0,0.9999,0.0124,0,0,0.6559,0,1]}],"loopBehavior":1,"name":"anim","property":"_matrix"}},
{"name":"Helper_8","index":18,"matrix":[1,0,0,0,0,-0.012,-0.9999,0,0,0.9999,-0.012,0,0,0.6559,0,1],"rest":[1,0,0,0,0,-0.012,-0.9999,0,0,0.9999,-0.012,0,0,0.6559,0,1],"parentBoneIndex":3,"length":0.6577
,"animation":{"dataType":3,"framePerSecond":30,"keys":[
{"frame":0,"values":[1,0,0,0,0,-0.012,-0.9999,0,0,0.9999,-0.012,0,0,0.6559,0,1]},
{"frame":60,"values":[1,0,0,0,0,-0.012,-0.9999,0,0,0.9999,-0.012,0,0,0.6559,0,1]}],"loopBehavior":1,"name":"anim","property":"_matrix"}},
{"name":"Helper_7","index":19,"matrix":[0,0,1,0,0.9999,0.0132,0,0,-0.0132,0.9999,0,0,0,0.6559,0,1],"rest":[0,0,1,0,0.9999,0.0132,0,0,-0.0132,0.9999,0,0,0,0.6559,0,1],"parentBoneIndex":3,"length":0.7945
,"animation":{"dataType":3,"framePerSecond":30,"keys":[
{"frame":0,"values":[0,0,1,0,0.9999,0.0132,0,0,-0.0132,0.9999,0,0,0,0.6559,0,1]},
{"frame":60,"values":[0,0,1,0,0.9999,0.0132,0,0,-0.0132,0.9999,0,0,0,0.6559,0,1]}],"loopBehavior":1,"name":"anim","property":"_matrix"}},
{"name":"Helper_5","index":20,"matrix":[0,0,-1,0,-0.9999,-0.01,0,0,-0.01,0.9999,0,0,0,0.6559,0,1],"rest":[0,0,-1,0,-0.9999,-0.01,0,0,-0.01,0.9999,0,0,0,0.6559,0,1],"parentBoneIndex":3,"length":0.7892
,"animation":{"dataType":3,"framePerSecond":30,"keys":[
{"frame":0,"values":[0,0,-1,0,-0.9999,-0.01,0,0,-0.01,0.9999,0,0,0,0.6559,0,1]},
{"frame":60,"values":[0,0,-1,0,-0.9999,-0.01,0,0,-0.01,0.9999,0,0,0,0.6559,0,1]}],"loopBehavior":1,"name":"anim","property":"_matrix"}},
{"name":"Helper_2","index":21,"matrix":[-1,0,0.0082,0,0.0082,-0.0139,0.9999,0,0.0001,0.9999,0.0139,0,0,0.573,0,1],"rest":[-1,0,0.0082,0,0.0082,-0.0139,0.9999,0,0.0001,0.9998,0.0139,0,0,0.573,0,1],"parentBoneIndex":2,"length":0.7577
,"animation":{"dataType":3,"framePerSecond":30,"keys":[
{"frame":0,"values":[-1,0,0.0082,0,0.0082,-0.0139,0.9999,0,0.0001,0.9999,0.0139,0,0,0.573,0,1]},
{"frame":60,"values":[-1,0,0.0082,0,0.0082,-0.0139,0.9999,0,0.0001,0.9999,0.0139,0,0,0.573,0,1]}],"loopBehavior":1,"name":"anim","property":"_matrix"}},
{"name":"Helper_4","index":22,"matrix":[1,0,-0.0082,0,-0.0082,-0.0084,-0.9999,0,0,1,-0.0084,0,0,0.573,0,1],"rest":[1,0,-0.0082,0,-0.0082,-0.0084,-0.9999,0,0,1,-0.0084,0,0,0.573,0,1],"parentBoneIndex":2,"length":0.6261
,"animation":{"dataType":3,"framePerSecond":30,"keys":[
{"frame":0,"values":[1,0,-0.0082,0,-0.0082,-0.0084,-0.9999,0,0,1,-0.0084,0,0,0.573,0,1]},
{"frame":60,"values":[1,0,-0.0082,0,-0.0082,-0.0084,-0.9999,0,0,1,-0.0084,0,0,0.573,0,1]}],"loopBehavior":1,"name":"anim","property":"_matrix"}},
{"name":"Helper_3","index":23,"matrix":[0.0082,0,1,0,1,-0.0035,-0.0082,0,0.0035,1,0,0,0,0.573,0,1],"rest":[0.0082,0,1,0,1,-0.0035,-0.0082,0,0.0035,1,0,0,0,0.573,0,1],"parentBoneIndex":2,"length":0.7629
,"animation":{"dataType":3,"framePerSecond":30,"keys":[
{"frame":0,"values":[0.0082,0,1,0,1,-0.0035,-0.0082,0,0.0035,1,0,0,0,0.573,0,1]},
{"frame":60,"values":[0.0082,0,1,0,1,-0.0035,-0.0082,0,0.0035,1,0,0,0,0.573,0,1]}],"loopBehavior":1,"name":"anim","property":"_matrix"}},
{"name":"Helper_1","index":24,"matrix":[-0.0082,0,-1,0,-0.9999,-0.0083,0.0082,0,-0.0083,1,0.0001,0,0,0.573,0,1],"rest":[-0.0082,0,-1,0,-0.9999,-0.0083,0.0082,0,-0.0083,1,0.0001,0,0,0.573,0,1],"parentBoneIndex":2,"length":0.7545
,"animation":{"dataType":3,"framePerSecond":30,"keys":[
{"frame":0,"values":[-0.0082,0,-1,0,-0.9999,-0.0083,0.0082,0,-0.0083,1,0.0001,0,0,0.573,0,1]},
{"frame":60,"values":[-0.0082,0,-1,0,-0.9999,-0.0083,0.0082,0,-0.0083,1,0.0001,0,0,0.573,0,1]}],"loopBehavior":1,"name":"anim","property":"_matrix"}},
{"name":"Basin_left","index":25,"matrix":[-0.0116,0,-0.9999,0,-0.9774,-0.2112,0.0113,0,-0.2112,0.9774,0.0024,0,0,0.0397,0,1],"rest":[-0.0116,0,-0.9999,0,-0.9774,-0.2112,0.0113,0,-0.2112,0.9774,0.0024,0,0,0.0397,0,1],"parentBoneIndex":1,"length":0.5619
,"animation":{"dataType":3,"framePerSecond":30,"keys":[
{"frame":0,"values":[-0.0116,0,-0.9999,0,-0.9774,-0.2112,0.0113,0,-0.2112,0.9774,0.0024,0,0,0.0397,0,1]},
{"frame":60,"values":[-0.0116,0,-0.9999,0,-0.9774,-0.2112,0.0113,0,-0.2112,0.9774,0.0024,0,0,0.0397,0,1]}],"loopBehavior":1,"name":"anim","property":"_matrix"}},
{"name":"Leg_upper_left","index":26,"matrix":[0.993,0.0157,-0.1167,0,-0.115,0.3417,-0.9327,0,0.0253,0.9397,0.3412,0,0,0.5619,0,1],"rest":[0.9438,-0.1337,0.3024,0,0.3306,0.3815,-0.8632,0,0,0.9146,0.4043,0,0,0.5619,0,1],"parentBoneIndex":25,"length":0.2567
,"animation":{"dataType":3,"framePerSecond":30,"keys":[
{"frame":0,"values":[0.993,0.0157,-0.1167,0,-0.115,0.3417,-0.9327,0,0.0253,0.9397,0.3412,0,0,0.5619,0,1]},
{"frame":1,"values":[0.9935,0.0144,-0.113,0,-0.111,0.3425,-0.9329,0,0.0253,0.9394,0.3419,0,0,0.5619,0,1]},
{"frame":2,"values":[0.9947,0.0105,-0.102,0,-0.0993,0.3447,-0.9334,0,0.0254,0.9386,0.344,0,0,0.5619,0,1]},
{"frame":3,"values":[0.9964,0.0042,-0.0842,0,-0.0804,0.3481,-0.934,0,0.0254,0.9374,0.3472,0,0,0.5619,0,1]},
{"frame":4,"values":[0.9981,-0.0042,-0.0608,0,-0.0554,0.3524,-0.9342,0,0.0253,0.9358,0.3515,0,0,0.5619,0,1]},
{"frame":5,"values":[0.9994,-0.0142,-0.0325,0,-0.0252,0.3572,-0.9337,0,0.0249,0.9339,0.3566,0,0,0.5619,0,1]},
{"frame":6,"values":[0.9997,-0.0257,-0.0003,0,0.009,0.3621,-0.9321,0,0.0241,0.9318,0.3622,0,0,0.5619,0,1]},
{"frame":7,"values":[0.9987,-0.0382,0.0347,0,0.0464,0.367,-0.9291,0,0.0228,0.9294,0.3683,0,0,0.5619,0,1]},
{"frame":8,"values":[0.9961,-0.0515,0.0719,0,0.0859,0.3714,-0.9245,0,0.021,0.927,0.3744,0,0,0.5619,0,1]},
{"frame":9,"values":[0.9918,-0.0653,0.1103,0,0.1268,0.3753,-0.9182,0,0.0186,0.9246,0.3805,0,0,0.5619,0,1]},
{"frame":10,"values":[0.9856,-0.0793,0.1491,0,0.1681,0.3785,-0.9102,0,0.0157,0.9222,0.3864,0,0,0.5619,0,1]},
{"frame":11,"values":[0.9778,-0.093,0.1875,0,0.209,0.3809,-0.9007,0,0.0124,0.9199,0.3919,0,0,0.5619,0,1]},
{"frame":12,"values":[0.9686,-0.1064,0.2248,0,0.2486,0.3822,-0.89,0,0.0088,0.9179,0.3966,0,0,0.5619,0,1]},
{"frame":13,"values":[0.9582,-0.119,0.2603,0,0.2861,0.3826,-0.8785,0,0.0049,0.9162,0.4006,0,0,0.5619,0,1]},
{"frame":14,"values":[0.9471,-0.1305,0.2932,0,0.321,0.3819,-0.8667,0,0.0011,0.9149,0.4036,0,0,0.5619,0,1]},
{"frame":15,"values":[0.9358,-0.1407,0.3231,0,0.3524,0.3803,-0.8551,0,-0.0025,0.9141,0.4055,0,0,0.5619,0,1]},
{"frame":16,"values":[0.9249,-0.1495,0.3495,0,0.3801,0.3778,-0.8443,0,-0.0058,0.9137,0.4063,0,0,0.5619,0,1]},
{"frame":17,"values":[0.9149,-0.1567,0.372,0,0.4036,0.3744,-0.8348,0,-0.0085,0.9139,0.4058,0,0,0.5619,0,1]},
{"frame":18,"values":[0.9062,-0.1622,0.3904,0,0.4227,0.3703,-0.8272,0,-0.0104,0.9146,0.4042,0,0,0.5619,0,1]},
{"frame":19,"values":[0.8993,-0.166,0.4046,0,0.4372,0.3656,-0.8217,0,-0.0115,0.9159,0.4013,0,0,0.5619,0,1]},
{"frame":20,"values":[0.8943,-0.1682,0.4146,0,0.4472,0.3602,-0.8187,0,-0.0117,0.9176,0.3974,0,0,0.5619,0,1]},
{"frame":21,"values":[0.8916,-0.1687,0.4203,0,0.4528,0.3543,-0.8182,0,-0.0109,0.9198,0.3923,0,0,0.5619,0,1]},
{"frame":22,"values":[0.891,-0.1679,0.4219,0,0.454,0.3479,-0.8203,0,-0.0091,0.9224,0.3862,0,0,0.5619,0,1]},
{"frame":23,"values":[0.8925,-0.1656,0.4195,0,0.451,0.3411,-0.8248,0,-0.0065,0.9253,0.3791,0,0,0.5619,0,1]},
{"frame":24,"values":[0.8961,-0.1618,0.4132,0,0.4438,0.3342,-0.8315,0,-0.0035,0.9285,0.3713,0,0,0.5619,0,1]},
{"frame":25,"values":[0.9015,-0.157,0.4032,0,0.4327,0.3268,-0.8402,0,0.0001,0.932,0.3625,0,0,0.5619,0,1]},
{"frame":26,"values":[0.9085,-0.1512,0.3896,0,0.4179,0.3191,-0.8506,0,0.0043,0.9356,0.3531,0,0,0.5619,0,1]},
{"frame":27,"values":[0.9167,-0.1446,0.3725,0,0.3995,0.311,-0.8624,0,0.0088,0.9393,0.3429,0,0,0.5619,0,1]},
{"frame":28,"values":[0.926,-0.1371,0.3518,0,0.3773,0.3027,-0.8752,0,0.0135,0.9432,0.332,0,0,0.5619,0,1]},
{"frame":29,"values":[0.9365,-0.1285,0.3263,0,0.3502,0.2937,-0.8895,0,0.0184,0.9472,0.32,0,0,0.5619,0,1]},
{"frame":30,"values":[0.9435,-0.1225,0.308,0,0.3308,0.2877,-0.8988,0,0.0215,0.9499,0.3119,0,0,0.5619,0,1]},
{"frame":31,"values":[0.9365,-0.1285,0.3263,0,0.3502,0.2937,-0.8895,0,0.0184,0.9472,0.32,0,0,0.5619,0,1]},
{"frame":32,"values":[0.926,-0.1371,0.3518,0,0.3773,0.3027,-0.8752,0,0.0135,0.9432,0.332,0,0,0.5619,0,1]},
{"frame":33,"values":[0.9167,-0.1446,0.3725,0,0.3995,0.311,-0.8624,0,0.0088,0.9393,0.3429,0,0,0.5619,0,1]},
{"frame":34,"values":[0.9085,-0.1512,0.3896,0,0.4179,0.3191,-0.8506,0,0.0043,0.9356,0.3531,0,0,0.5619,0,1]},
{"frame":35,"values":[0.9015,-0.157,0.4032,0,0.4327,0.3268,-0.8402,0,0.0001,0.932,0.3625,0,0,0.5619,0,1]},
{"frame":36,"values":[0.8961,-0.1618,0.4132,0,0.4438,0.3342,-0.8315,0,-0.0035,0.9285,0.3713,0,0,0.5619,0,1]},
{"frame":37,"values":[0.8925,-0.1656,0.4195,0,0.451,0.3411,-0.8248,0,-0.0065,0.9253,0.3791,0,0,0.5619,0,1]},
{"frame":38,"values":[0.891,-0.1679,0.4219,0,0.454,0.3479,-0.8203,0,-0.0091,0.9224,0.3862,0,0,0.5619,0,1]},
{"frame":39,"values":[0.8916,-0.1687,0.4203,0,0.4528,0.3543,-0.8182,0,-0.0109,0.9198,0.3923,0,0,0.5619,0,1]},
{"frame":40,"values":[0.8943,-0.1682,0.4146,0,0.4472,0.3602,-0.8187,0,-0.0117,0.9176,0.3974,0,0,0.5619,0,1]},
{"frame":41,"values":[0.8993,-0.166,0.4046,0,0.4372,0.3656,-0.8217,0,-0.0115,0.9159,0.4013,0,0,0.5619,0,1]},
{"frame":42,"values":[0.9062,-0.1622,0.3904,0,0.4227,0.3703,-0.8272,0,-0.0104,0.9146,0.4042,0,0,0.5619,0,1]},
{"frame":43,"values":[0.9149,-0.1567,0.372,0,0.4036,0.3744,-0.8348,0,-0.0085,0.9139,0.4058,0,0,0.5619,0,1]},
{"frame":44,"values":[0.9249,-0.1495,0.3495,0,0.3801,0.3778,-0.8443,0,-0.0058,0.9137,0.4063,0,0,0.5619,0,1]},
{"frame":45,"values":[0.9358,-0.1407,0.3231,0,0.3524,0.3803,-0.8551,0,-0.0025,0.9141,0.4055,0,0,0.5619,0,1]},
{"frame":46,"values":[0.9471,-0.1305,0.2932,0,0.321,0.3819,-0.8667,0,0.0011,0.9149,0.4036,0,0,0.5619,0,1]},
{"frame":47,"values":[0.9582,-0.119,0.2603,0,0.2861,0.3826,-0.8785,0,0.0049,0.9162,0.4006,0,0,0.5619,0,1]},
{"frame":48,"values":[0.9686,-0.1064,0.2248,0,0.2486,0.3822,-0.89,0,0.0088,0.9179,0.3966,0,0,0.5619,0,1]},
{"frame":49,"values":[0.9778,-0.093,0.1875,0,0.209,0.3809,-0.9007,0,0.0124,0.9199,0.3919,0,0,0.5619,0,1]},
{"frame":50,"values":[0.9856,-0.0793,0.1491,0,0.1681,0.3785,-0.9102,0,0.0157,0.9222,0.3864,0,0,0.5619,0,1]},
{"frame":51,"values":[0.9918,-0.0653,0.1103,0,0.1268,0.3753,-0.9182,0,0.0186,0.9246,0.3805,0,0,0.5619,0,1]},
{"frame":52,"values":[0.9961,-0.0515,0.0719,0,0.0859,0.3714,-0.9245,0,0.021,0.927,0.3744,0,0,0.5619,0,1]},
{"frame":53,"values":[0.9987,-0.0382,0.0347,0,0.0464,0.367,-0.9291,0,0.0228,0.9294,0.3683,0,0,0.5619,0,1]},
{"frame":54,"values":[0.9997,-0.0257,-0.0003,0,0.009,0.3621,-0.9321,0,0.0241,0.9318,0.3622,0,0,0.5619,0,1]},
{"frame":55,"values":[0.9994,-0.0142,-0.0325,0,-0.0252,0.3572,-0.9337,0,0.0249,0.9339,0.3566,0,0,0.5619,0,1]},
{"frame":56,"values":[0.9981,-0.0042,-0.0608,0,-0.0554,0.3524,-0.9342,0,0.0253,0.9358,0.3515,0,0,0.5619,0,1]},
{"frame":57,"values":[0.9964,0.0042,-0.0842,0,-0.0804,0.3481,-0.934,0,0.0254,0.9374,0.3472,0,0,0.5619,0,1]},
{"frame":58,"values":[0.9947,0.0105,-0.102,0,-0.0993,0.3447,-0.9334,0,0.0254,0.9386,0.344,0,0,0.5619,0,1]},
{"frame":59,"values":[0.9935,0.0144,-0.113,0,-0.111,0.3425,-0.9329,0,0.0253,0.9394,0.3419,0,0,0.5619,0,1]},
{"frame":60,"values":[0.993,0.0157,-0.1167,0,-0.115,0.3417,-0.9327,0,0.0253,0.9397,0.3412,0,0,0.5619,0,1]}],"loopBehavior":1,"name":"anim","property":"_matrix"}},
{"name":"Leg_lower_left","index":27,"matrix":[-0.0064,0.0875,0.9961,0,-0.3203,0.9435,-0.0849,0,-0.9473,-0.3196,0.0219,0,0,0.2567,0,1],"rest":[-0.0667,0.1903,0.9795,0,-0.5882,0.7854,-0.1927,0,-0.806,-0.589,0.0596,0,0,0.2567,0,1],"parentBoneIndex":26,"length":0.2873
,"animation":{"dataType":3,"framePerSecond":30,"keys":[
{"frame":0,"values":[-0.0064,0.0875,0.9961,0,-0.3203,0.9435,-0.0849,0,-0.9473,-0.3196,0.0219,0,0,0.2567,0,1]},
{"frame":1,"values":[-0.0069,0.0888,0.996,0,-0.3248,0.9418,-0.0862,0,-0.9458,-0.3241,0.0223,0,0,0.2567,0,1]},
{"frame":2,"values":[-0.0084,0.0926,0.9957,0,-0.3379,0.9369,-0.09,0,-0.9411,-0.3372,0.0234,0,0,0.2567,0,1]},
{"frame":3,"values":[-0.0108,0.0986,0.9951,0,-0.3582,0.9287,-0.0959,0,-0.9336,-0.3575,0.0253,0,0,0.2567,0,1]},
{"frame":4,"values":[-0.0141,0.1063,0.9942,0,-0.3837,0.9176,-0.1035,0,-0.9233,-0.383,0.0278,0,0,0.2567,0,1]},
{"frame":5,"values":[-0.0183,0.1151,0.9932,0,-0.4124,0.904,-0.1124,0,-0.9108,-0.4117,0.0309,0,0,0.2567,0,1]},
{"frame":6,"values":[-0.0233,0.1247,0.9919,0,-0.4424,0.8885,-0.122,0,-0.8965,-0.4416,0.0345,0,0,0.2567,0,1]},
{"frame":7,"values":[-0.0288,0.1346,0.9905,0,-0.472,0.8716,-0.1321,0,-0.8811,-0.4713,0.0384,0,0,0.2567,0,1]},
{"frame":8,"values":[-0.0348,0.1445,0.9889,0,-0.4999,0.8543,-0.1424,0,-0.8654,-0.4993,0.0425,0,0,0.2567,0,1]},
{"frame":9,"values":[-0.0409,0.1541,0.9872,0,-0.5252,0.8372,-0.1524,0,-0.85,-0.5247,0.0467,0,0,0.2567,0,1]},
{"frame":10,"values":[-0.047,0.1632,0.9855,0,-0.5469,0.8213,-0.1621,0,-0.8359,-0.5466,0.0507,0,0,0.2567,0,1]},
{"frame":11,"values":[-0.0528,0.1715,0.9838,0,-0.5645,0.8075,-0.1711,0,-0.8238,-0.5644,0.0542,0,0,0.2567,0,1]},
{"frame":12,"values":[-0.0581,0.1787,0.9822,0,-0.5775,0.7965,-0.1791,0,-0.8143,-0.5776,0.057,0,0,0.2567,0,1]},
{"frame":13,"values":[-0.0625,0.1847,0.9808,0,-0.5855,0.7891,-0.1859,0,-0.8083,-0.5859,0.0588,0,0,0.2567,0,1]},
{"frame":14,"values":[-0.0659,0.1893,0.9797,0,-0.5884,0.7856,-0.1913,0,-0.8059,-0.589,0.0596,0,0,0.2567,0,1]},
{"frame":15,"values":[-0.0681,0.1922,0.979,0,-0.5859,0.7865,-0.1952,0,-0.8075,-0.5869,0.0591,0,0,0.2567,0,1]},
{"frame":16,"values":[-0.0689,0.1933,0.9787,0,-0.578,0.7919,-0.1971,0,-0.8131,-0.5793,0.0572,0,0,0.2567,0,1]},
{"frame":17,"values":[-0.0684,0.1925,0.9789,0,-0.5647,0.8014,-0.1971,0,-0.8225,-0.5662,0.0539,0,0,0.2567,0,1]},
{"frame":18,"values":[-0.0666,0.1896,0.9796,0,-0.5459,0.8149,-0.1949,0,-0.8352,-0.5477,0.0493,0,0,0.2567,0,1]},
{"frame":19,"values":[-0.0635,0.1846,0.9808,0,-0.5217,0.8316,-0.1903,0,-0.8507,-0.5238,0.0435,0,0,0.2567,0,1]},
{"frame":20,"values":[-0.0594,0.1772,0.9824,0,-0.4924,0.8509,-0.1833,0,-0.8683,-0.4946,0.0367,0,0,0.2567,0,1]},
{"frame":21,"values":[-0.0545,0.1676,0.9844,0,-0.4581,0.8718,-0.1737,0,-0.8872,-0.4604,0.0293,0,0,0.2567,0,1]},
{"frame":22,"values":[-0.049,0.1555,0.9866,0,-0.4191,0.8934,-0.1616,0,-0.9066,-0.4214,0.0214,0,0,0.2567,0,1]},
{"frame":23,"values":[-0.0432,0.1413,0.989,0,-0.3758,0.915,-0.1471,0,-0.9257,-0.378,0.0135,0,0,0.2567,0,1]},
{"frame":24,"values":[-0.0377,0.1253,0.9914,0,-0.3285,0.9354,-0.1307,0,-0.9438,-0.3306,0.0059,0,0,0.2567,0,1]},
{"frame":25,"values":[-0.0324,0.1072,0.9937,0,-0.2779,0.9541,-0.112,0,-0.9601,-0.2798,-0.0011,0,0,0.2567,0,1]},
{"frame":26,"values":[-0.0277,0.0875,0.9958,0,-0.2244,0.9702,-0.0915,0,-0.9741,-0.226,-0.0073,0,0,0.2567,0,1]},
{"frame":27,"values":[-0.0239,0.0663,0.9975,0,-0.1686,0.9832,-0.0693,0,-0.9854,-0.1699,-0.0123,0,0,0.2567,0,1]},
{"frame":28,"values":[-0.021,0.0437,0.9988,0,-0.1106,0.9928,-0.0457,0,-0.9936,-0.1114,-0.016,0,0,0.2567,0,1]},
{"frame":29,"values":[-0.0192,0.019,0.9996,0,-0.048,0.9986,-0.0199,0,-0.9987,-0.0484,-0.0183,0,0,0.2567,0,1]},
{"frame":30,"values":[-0.0188,0.0026,0.9998,0,-0.0066,1,-0.0027,0,-0.9998,-0.0067,-0.0188,0,0,0.2567,0,1]},
{"frame":31,"values":[-0.0192,0.019,0.9996,0,-0.048,0.9986,-0.0199,0,-0.9987,-0.0484,-0.0183,0,0,0.2567,0,1]},
{"frame":32,"values":[-0.021,0.0437,0.9988,0,-0.1106,0.9928,-0.0457,0,-0.9936,-0.1114,-0.016,0,0,0.2567,0,1]},
{"frame":33,"values":[-0.0239,0.0663,0.9975,0,-0.1686,0.9832,-0.0693,0,-0.9854,-0.1699,-0.0123,0,0,0.2567,0,1]},
{"frame":34,"values":[-0.0277,0.0875,0.9958,0,-0.2244,0.9702,-0.0915,0,-0.9741,-0.226,-0.0073,0,0,0.2567,0,1]},
{"frame":35,"values":[-0.0324,0.1072,0.9937,0,-0.2779,0.9541,-0.112,0,-0.9601,-0.2798,-0.0011,0,0,0.2567,0,1]},
{"frame":36,"values":[-0.0377,0.1253,0.9914,0,-0.3285,0.9354,-0.1307,0,-0.9438,-0.3306,0.0059,0,0,0.2567,0,1]},
{"frame":37,"values":[-0.0432,0.1413,0.989,0,-0.3758,0.915,-0.1471,0,-0.9257,-0.378,0.0135,0,0,0.2567,0,1]},
{"frame":38,"values":[-0.049,0.1555,0.9866,0,-0.4191,0.8934,-0.1616,0,-0.9066,-0.4214,0.0214,0,0,0.2567,0,1]},
{"frame":39,"values":[-0.0545,0.1676,0.9844,0,-0.4581,0.8718,-0.1737,0,-0.8872,-0.4604,0.0293,0,0,0.2567,0,1]},
{"frame":40,"values":[-0.0594,0.1772,0.9824,0,-0.4924,0.8509,-0.1833,0,-0.8683,-0.4946,0.0367,0,0,0.2567,0,1]},
{"frame":41,"values":[-0.0635,0.1846,0.9808,0,-0.5217,0.8316,-0.1903,0,-0.8507,-0.5238,0.0435,0,0,0.2567,0,1]},
{"frame":42,"values":[-0.0666,0.1896,0.9796,0,-0.5459,0.8149,-0.1949,0,-0.8352,-0.5477,0.0493,0,0,0.2567,0,1]},
{"frame":43,"values":[-0.0684,0.1925,0.9789,0,-0.5647,0.8014,-0.1971,0,-0.8225,-0.5662,0.0539,0,0,0.2567,0,1]},
{"frame":44,"values":[-0.0689,0.1933,0.9787,0,-0.578,0.7919,-0.1971,0,-0.8131,-0.5793,0.0572,0,0,0.2567,0,1]},
{"frame":45,"values":[-0.0681,0.1922,0.979,0,-0.5859,0.7865,-0.1952,0,-0.8075,-0.5869,0.0591,0,0,0.2567,0,1]},
{"frame":46,"values":[-0.0659,0.1893,0.9797,0,-0.5884,0.7856,-0.1913,0,-0.8059,-0.589,0.0596,0,0,0.2567,0,1]},
{"frame":47,"values":[-0.0625,0.1847,0.9808,0,-0.5855,0.7891,-0.1859,0,-0.8083,-0.5859,0.0588,0,0,0.2567,0,1]},
{"frame":48,"values":[-0.0581,0.1787,0.9822,0,-0.5775,0.7965,-0.1791,0,-0.8143,-0.5776,0.057,0,0,0.2567,0,1]},
{"frame":49,"values":[-0.0528,0.1715,0.9838,0,-0.5645,0.8075,-0.1711,0,-0.8238,-0.5644,0.0542,0,0,0.2567,0,1]},
{"frame":50,"values":[-0.047,0.1632,0.9855,0,-0.5469,0.8213,-0.1621,0,-0.8359,-0.5466,0.0507,0,0,0.2567,0,1]},
{"frame":51,"values":[-0.0409,0.1541,0.9872,0,-0.5252,0.8372,-0.1524,0,-0.85,-0.5247,0.0467,0,0,0.2567,0,1]},
{"frame":52,"values":[-0.0348,0.1445,0.9889,0,-0.4999,0.8543,-0.1424,0,-0.8654,-0.4993,0.0425,0,0,0.2567,0,1]},
{"frame":53,"values":[-0.0288,0.1346,0.9905,0,-0.472,0.8716,-0.1321,0,-0.8811,-0.4713,0.0384,0,0,0.2567,0,1]},
{"frame":54,"values":[-0.0233,0.1247,0.9919,0,-0.4424,0.8885,-0.122,0,-0.8965,-0.4416,0.0345,0,0,0.2567,0,1]},
{"frame":55,"values":[-0.0183,0.1151,0.9932,0,-0.4124,0.904,-0.1124,0,-0.9108,-0.4117,0.0309,0,0,0.2567,0,1]},
{"frame":56,"values":[-0.0141,0.1063,0.9942,0,-0.3837,0.9176,-0.1035,0,-0.9233,-0.383,0.0278,0,0,0.2567,0,1]},
{"frame":57,"values":[-0.0108,0.0986,0.9951,0,-0.3582,0.9287,-0.0959,0,-0.9336,-0.3575,0.0253,0,0,0.2567,0,1]},
{"frame":58,"values":[-0.0084,0.0926,0.9957,0,-0.3379,0.9369,-0.09,0,-0.9411,-0.3372,0.0234,0,0,0.2567,0,1]},
{"frame":59,"values":[-0.0069,0.0888,0.996,0,-0.3248,0.9418,-0.0862,0,-0.9458,-0.3241,0.0223,0,0,0.2567,0,1]},
{"frame":60,"values":[-0.0064,0.0875,0.9961,0,-0.3203,0.9435,-0.0849,0,-0.9473,-0.3196,0.0219,0,0,0.2567,0,1]}],"loopBehavior":1,"name":"anim","property":"_matrix"}},
{"name":"Sole_left","index":28,"matrix":[-1,0,0,0,0,-0.3015,-0.9535,0,0,-0.9535,0.3015,0,0,0.2873,0,1],"rest":[-1,0,0,0,0,-0.3015,-0.9535,0,0,-0.949,0.3,0,0,0.2873,0,1],"parentBoneIndex":27,"length":0.1997
,"animation":{"dataType":3,"framePerSecond":30,"keys":[
{"frame":0,"values":[-1,0,0,0,0,-0.3015,-0.9535,0,0,-0.9535,0.3015,0,0,0.2873,0,1]},
{"frame":60,"values":[-1,0,0,0,0,-0.3015,-0.9535,0,0,-0.9535,0.3015,0,0,0.2873,0,1]}],"loopBehavior":1,"name":"anim","property":"_matrix"}},
{"name":"Basin_right","index":29,"matrix":[-0.0116,0,-0.9999,0,0.9772,-0.2118,-0.0113,0,-0.2118,-0.9773,0.0025,0,0,0.0397,0,1],"rest":[-0.0116,0,-0.9999,0,0.9772,-0.2118,-0.0113,0,-0.2118,-0.9773,0.0025,0,0,0.0397,0,1],"parentBoneIndex":1,"length":0.5619
,"animation":{"dataType":3,"framePerSecond":30,"keys":[
{"frame":0,"values":[-0.0116,0,-0.9999,0,0.9772,-0.2118,-0.0113,0,-0.2118,-0.9773,0.0025,0,0,0.0397,0,1]},
{"frame":60,"values":[-0.0116,0,-0.9999,0,0.9772,-0.2118,-0.0113,0,-0.2118,-0.9773,0.0025,0,0,0.0397,0,1]}],"loopBehavior":1,"name":"anim","property":"_matrix"}},
{"name":"Leg_lower_IK.R","index":30,"matrix":[1,0,0,0,0,0,1,0,0,1,0,0,-0.5937,-0.6305,-0.4453,1],"rest":[1,0,0,0,0,0,1,0,0,1,0,0,-0.5937,-0.6305,0,1],"parentBoneIndex":-1,"length":0.218
,"animation":{"dataType":3,"framePerSecond":30,"keys":[
{"frame":0,"values":[1,0,0,0,0,0,1,0,0,1,0,0,-0.5937,-0.6305,-0.4453,1]},
{"frame":1,"values":[1,0,0,0,0,0,1,0,0,1,0,0,-0.5937,-0.6305,-0.4436,1]},
{"frame":2,"values":[1,0,0,0,0,0,1,0,0,1,0,0,-0.5937,-0.6305,-0.4386,1]},
{"frame":3,"values":[1,0,0,0,0,0,1,0,0,1,0,0,-0.5937,-0.6305,-0.4302,1]},
{"frame":4,"values":[1,0,0,0,0,0,1,0,0,1,0,0,-0.5937,-0.6305,-0.4184,1]},
{"frame":5,"values":[1,0,0,0,0,0,1,0,0,1,0,0,-0.5937,-0.6305,-0.4033,1]},
{"frame":6,"values":[1,0,0,0,0,0,1,0,0,1,0,0,-0.5937,-0.6305,-0.3848,1]},
{"frame":7,"values":[1,0,0,0,0,0,1,0,0,1,0,0,-0.5937,-0.6305,-0.3632,1]},
{"frame":8,"values":[1,0,0,0,0,0,1,0,0,1,0,0,-0.5937,-0.6305,-0.3385,1]},
{"frame":9,"values":[1,0,0,0,0,0,1,0,0,1,0,0,-0.5937,-0.6305,-0.311,1]},
{"frame":10,"values":[1,0,0,0,0,0,1,0,0,1,0,0,-0.5937,-0.6305,-0.2809,1]},
{"frame":11,"values":[1,0,0,0,0,0,1,0,0,1,0,0,-0.5937,-0.6305,-0.2486,1]},
{"frame":12,"values":[1,0,0,0,0,0,1,0,0,1,0,0,-0.5937,-0.6305,-0.2144,1]},
{"frame":13,"values":[1,0,0,0,0,0,1,0,0,1,0,0,-0.5937,-0.6305,-0.1787,1]},
{"frame":14,"values":[1,0,0,0,0,0,1,0,0,1,0,0,-0.5937,-0.6305,-0.1421,1]},
{"frame":15,"values":[1,0,0,0,0,0,1,0,0,1,0,0,-0.5937,-0.6305,-0.105,1]},
{"frame":16,"values":[1,0,0,0,0,0,1,0,0,1,0,0,-0.5937,-0.6305,-0.0678,1]},
{"frame":17,"values":[1,0,0,0,0,0,1,0,0,1,0,0,-0.5937,-0.6305,-0.0312,1]},
{"frame":18,"values":[1,0,0,0,0,0,1,0,0,1,0,0,-0.5937,-0.6305,0.0044,1]},
{"frame":19,"values":[1,0,0,0,0,0,1,0,0,1,0,0,-0.5937,-0.6305,0.0386,1]},
{"frame":20,"values":[1,0,0,0,0,0,1,0,0,1,0,0,-0.5937,-0.6305,0.071,1]},
{"frame":21,"values":[1,0,0,0,0,0,1,0,0,1,0,0,-0.5937,-0.6305,0.101,1]},
{"frame":22,"values":[1,0,0,0,0,0,1,0,0,1,0,0,-0.5937,-0.6305,0.1285,1]},
{"frame":23,"values":[1,0,0,0,0,0,1,0,0,1,0,0,-0.5937,-0.6305,0.1532,1]},
{"frame":24,"values":[1,0,0,0,0,0,1,0,0,1,0,0,-0.5937,-0.6305,0.1749,1]},
{"frame":25,"values":[1,0,0,0,0,0,1,0,0,1,0,0,-0.5937,-0.6305,0.1933,1]},
{"frame":26,"values":[1,0,0,0,0,0,1,0,0,1,0,0,-0.5937,-0.6305,0.2085,1]},
{"frame":27,"values":[1,0,0,0,0,0,1,0,0,1,0,0,-0.5937,-0.6305,0.2203,1]},
{"frame":28,"values":[1,0,0,0,0,0,1,0,0,1,0,0,-0.5937,-0.6305,0.2287,1]},
{"frame":29,"values":[1,0,0,0,0,0,1,0,0,1,0,0,-0.5937,-0.6305,0.2337,1]},
{"frame":30,"values":[1,0,0,0,0,0,1,0,0,1,0,0,-0.5937,-0.6305,0.2354,1]},
{"frame":31,"values":[1,0,0,0,0,0,1,0,0,1,0,0,-0.5937,-0.6305,0.2337,1]},
{"frame":32,"values":[1,0,0,0,0,0,1,0,0,1,0,0,-0.5937,-0.6305,0.2287,1]},
{"frame":33,"values":[1,0,0,0,0,0,1,0,0,1,0,0,-0.5937,-0.6305,0.2203,1]},
{"frame":34,"values":[1,0,0,0,0,0,1,0,0,1,0,0,-0.5937,-0.6305,0.2085,1]},
{"frame":35,"values":[1,0,0,0,0,0,1,0,0,1,0,0,-0.5937,-0.6305,0.1933,1]},
{"frame":36,"values":[1,0,0,0,0,0,1,0,0,1,0,0,-0.5937,-0.6305,0.1749,1]},
{"frame":37,"values":[1,0,0,0,0,0,1,0,0,1,0,0,-0.5937,-0.6305,0.1532,1]},
{"frame":38,"values":[1,0,0,0,0,0,1,0,0,1,0,0,-0.5937,-0.6305,0.1285,1]},
{"frame":39,"values":[1,0,0,0,0,0,1,0,0,1,0,0,-0.5937,-0.6305,0.101,1]},
{"frame":40,"values":[1,0,0,0,0,0,1,0,0,1,0,0,-0.5937,-0.6305,0.071,1]},
{"frame":41,"values":[1,0,0,0,0,0,1,0,0,1,0,0,-0.5937,-0.6305,0.0386,1]},
{"frame":42,"values":[1,0,0,0,0,0,1,0,0,1,0,0,-0.5937,-0.6305,0.0044,1]},
{"frame":43,"values":[1,0,0,0,0,0,1,0,0,1,0,0,-0.5937,-0.6305,-0.0312,1]},
{"frame":44,"values":[1,0,0,0,0,0,1,0,0,1,0,0,-0.5937,-0.6305,-0.0678,1]},
{"frame":45,"values":[1,0,0,0,0,0,1,0,0,1,0,0,-0.5937,-0.6305,-0.105,1]},
{"frame":46,"values":[1,0,0,0,0,0,1,0,0,1,0,0,-0.5937,-0.6305,-0.1421,1]},
{"frame":47,"values":[1,0,0,0,0,0,1,0,0,1,0,0,-0.5937,-0.6305,-0.1787,1]},
{"frame":48,"values":[1,0,0,0,0,0,1,0,0,1,0,0,-0.5937,-0.6305,-0.2144,1]},
{"frame":49,"values":[1,0,0,0,0,0,1,0,0,1,0,0,-0.5937,-0.6305,-0.2486,1]},
{"frame":50,"values":[1,0,0,0,0,0,1,0,0,1,0,0,-0.5937,-0.6305,-0.2809,1]},
{"frame":51,"values":[1,0,0,0,0,0,1,0,0,1,0,0,-0.5937,-0.6305,-0.311,1]},
{"frame":52,"values":[1,0,0,0,0,0,1,0,0,1,0,0,-0.5937,-0.6305,-0.3385,1]},
{"frame":53,"values":[1,0,0,0,0,0,1,0,0,1,0,0,-0.5937,-0.6305,-0.3632,1]},
{"frame":54,"values":[1,0,0,0,0,0,1,0,0,1,0,0,-0.5937,-0.6305,-0.3848,1]},
{"frame":55,"values":[1,0,0,0,0,0,1,0,0,1,0,0,-0.5937,-0.6305,-0.4033,1]},
{"frame":56,"values":[1,0,0,0,0,0,1,0,0,1,0,0,-0.5937,-0.6305,-0.4184,1]},
{"frame":57,"values":[1,0,0,0,0,0,1,0,0,1,0,0,-0.5937,-0.6305,-0.4302,1]},
{"frame":58,"values":[1,0,0,0,0,0,1,0,0,1,0,0,-0.5937,-0.6305,-0.4386,1]},
{"frame":59,"values":[1,0,0,0,0,0,1,0,0,1,0,0,-0.5937,-0.6305,-0.4436,1]},
{"frame":60,"values":[1,0,0,0,0,0,1,0,0,1,0,0,-0.5937,-0.6305,-0.4453,1]}],"loopBehavior":1,"name":"anim","property":"_matrix"}},
{"name":"Bone.006","index":31,"matrix":[0.7535,-0.1911,-0.6291,0,0.6575,0.2307,0.7173,0,0.008,-0.9541,0.2995,0,0,0.5619,0,1],"rest":[0.9432,-0.1017,-0.3163,0,0.3306,0.3815,0.8632,0,0.0329,-0.9187,0.3935,0,0,0.5619,0,1],"parentBoneIndex":29,"length":0.2567
,"animation":{"dataType":3,"framePerSecond":30,"keys":[
{"frame":0,"values":[0.7535,-0.1911,-0.6291,0,0.6575,0.2307,0.7173,0,0.008,-0.9541,0.2995,0,0,0.5619,0,1]},
{"frame":1,"values":[0.7547,-0.1907,-0.6278,0,0.6561,0.2311,0.7184,0,0.0081,-0.9541,0.2995,0,0,0.5619,0,1]},
{"frame":2,"values":[0.7583,-0.1894,-0.6238,0,0.6519,0.2322,0.7219,0,0.0081,-0.954,0.2996,0,0,0.5619,0,1]},
{"frame":3,"values":[0.7644,-0.1871,-0.617,0,0.6447,0.2341,0.7277,0,0.0082,-0.954,0.2996,0,0,0.5619,0,1]},
{"frame":4,"values":[0.7731,-0.1839,-0.6071,0,0.6343,0.2367,0.736,0,0.0084,-0.954,0.2997,0,0,0.5619,0,1]},
{"frame":5,"values":[0.7846,-0.1794,-0.5935,0,0.62,0.24,0.747,0,0.0084,-0.9541,0.2995,0,0,0.5619,0,1]},
{"frame":6,"values":[0.7983,-0.1739,-0.5766,0,0.6022,0.2442,0.7601,0,0.0086,-0.954,0.2996,0,0,0.5619,0,1]},
