{"producer":{"name":"Blender","version":"2.76 (sub 0)","exporter_version":"5.0.5","file":"dk14_34b.babylon"},
"autoClear":true,"clearColor":[0,0,0],"ambientColor":[0,0,0],"gravity":[0,-9.81,0],
"materials":[{"name":"dk14_34b.desk01","id":"dk14_34b.desk01","ambient":[0,0,0],"diffuse":[0,0,0],"specular":[0.5,0.5,0.5],"emissive":[0,0,0],"specularPower":50,"alpha":1,"backFaceCulling":true,"checkReadyOnlyOnce":false,"maxSimultaneousLights":4},
{"name":"dk14_34b.monitor","id":"dk14_34b.monitor","ambient":[0.0374,0.0374,0.0374],"diffuse":[0.0374,0.0374,0.0374],"specular":[0.5,0.5,0.5],"emissive":[0,0,0],"specularPower":50,"alpha":1,"backFaceCulling":true,"checkReadyOnlyOnce":false,"maxSimultaneousLights":4},
{"name":"dk14_34b.screen","id":"dk14_34b.screen","ambient":[1,1,1],"diffuse":[1,1,1],"specular":[0.5,0.5,0.5],"emissive":[1,1,1],"specularPower":50,"alpha":1,"backFaceCulling":true,"checkReadyOnlyOnce":false,"maxSimultaneousLights":4, 
"diffuseTexture":{"name":"screens2.png","level":1,"hasAlpha":1,"coordinatesMode":0,"uOffset":0,"vOffset":0,"uScale":1,"vScale":1,"uAng":0,"vAng":0,"wAng":0,"wrapU":1,"wrapV":1,"coordinatesIndex":0}},
{"name":"dk14_34b.blue","id":"dk14_34b.blue","ambient":[0,0,0.1679],"diffuse":[0,0,0.1344],"specular":[0,0,0],"emissive":[0,0,0],"specularPower":50,"alpha":1,"backFaceCulling":true,"checkReadyOnlyOnce":false,"maxSimultaneousLights":4},
{"name":"dk14_34b.desktop","id":"dk14_34b.desktop","ambient":[0.8,0.8,0.8],"diffuse":[0.64,0.64,0.64],"specular":[0,0,0],"emissive":[0,0,0],"specularPower":50,"alpha":1,"backFaceCulling":true,"checkReadyOnlyOnce":false,"maxSimultaneousLights":4},
{"name":"dk14_34b.dk2:clothes","id":"dk14_34b.dk2:clothes","ambient":[1,1,1],"diffuse":[1,1,1],"specular":[0,0,0],"emissive":[0,0,0],"specularPower":100,"alpha":1,"backFaceCulling":true,"checkReadyOnlyOnce":false,"maxSimultaneousLights":4, 
"diffuseTexture":{"name":"avatar1.png","level":1,"hasAlpha":1,"coordinatesMode":0,"uOffset":0,"vOffset":0,"uScale":1,"vScale":1,"uAng":0,"vAng":0,"wAng":0,"wrapU":1,"wrapV":1,"coordinatesIndex":0}, 
"bumpTexture":{"name":"avatar1n.png","level":2.8571,"hasAlpha":1,"coordinatesMode":0,"uOffset":0,"vOffset":0,"uScale":1,"vScale":1,"uAng":0,"vAng":0,"wAng":0,"wrapU":1,"wrapV":1,"coordinatesIndex":0}},
{"name":"dk14_34b.dk2:Skin","id":"dk14_34b.dk2:Skin","ambient":[1,0.7949,0.8069],"diffuse":[1,0.7949,0.8069],"specular":[0,0,0],"emissive":[0,0,0],"specularPower":491,"alpha":1,"backFaceCulling":true,"checkReadyOnlyOnce":false,"maxSimultaneousLights":4, 
"diffuseTexture":{"name":"beard2.png","level":1,"hasAlpha":1,"coordinatesMode":0,"uOffset":0,"vOffset":0,"uScale":1,"vScale":1,"uAng":0,"vAng":0,"wAng":0,"wrapU":1,"wrapV":1,"coordinatesIndex":0}},
{"name":"dk14_34b.seat","id":"dk14_34b.seat","ambient":[0.8,0.8,0.8],"diffuse":[0.64,0.64,0.64],"specular":[0.056,0.056,0.056],"emissive":[0,0,0],"specularPower":9,"alpha":1,"backFaceCulling":true,"checkReadyOnlyOnce":false,"maxSimultaneousLights":4, 
"diffuseTexture":{"name":"newchair1.png","level":1,"hasAlpha":1,"coordinatesMode":0,"uOffset":0,"vOffset":0,"uScale":1,"vScale":1,"uAng":0,"vAng":0,"wAng":0,"wrapU":1,"wrapV":1,"coordinatesIndex":0}}],
"multiMaterials":[{"name":"dk14_34b.Multimaterial#0","id":"dk14_34b.Multimaterial#0","materials":["dk14_34b.blue","dk14_34b.desktop"]}],
"skeletons":[{"name":"dk2","id":0,"dimensionsAtRest":[0.9421,1.5886,0.3043],"bones":[
{"name":"root","index":0,"matrix":[-1,0,0,0,0,0,-1,0,0,1,0,0,0,0,0,1],"rest":[-1,0,0,0,0,0,-1,0,0,1,0,0,0,0,0,1],"parentBoneIndex":-1,"length":0.2
,"animation":{"dataType":3,"framePerSecond":30,"keys":[
{"frame":1,"values":[-1,0,0,0,0,0,-1,0,0,1,0,0,0,0,0,1]},
{"frame":154,"values":[-1,0,0,0,0,0,-1,0,0,1,0,0,0,0,0,1]},
{"frame":161,"values":[-1,0,0,0,0,0,-1,0,0,1,0,0,0,0,0,1]},
{"frame":162,"values":[-1,0,0,0,0,0,-1,0,0,1,0,0,0,0,0,1]},
{"frame":171,"values":[-1,0,0,0,0,0,-1,0,0,1,0,0,0,0,0,1]},
{"frame":172,"values":[-1,0,0,0,0,0,-1,0,0,1,0,0,0,0,-0.2738,1]},
{"frame":734,"values":[-1,0,0,0,0,0,-1,0,0,1,0,0,0,0,0,1]}],"loopBehavior":1,"name":"anim","property":"_matrix"}},
{"name":"hips","index":1,"matrix":[-1,0,0,0,0,-0.1511,0.9885,0,0,0.9885,0.1511,0,0,0.0036,0.8394,1],"rest":[-1,0,0,0,0,-0.1511,0.9885,0,0,0.9885,0.1511,0,0,0.0036,0.8394,1],"parentBoneIndex":0,"length":0.1467
,"animation":{"dataType":3,"framePerSecond":30,"keys":[
{"frame":1,"values":[-1,0,0,0,0,-0.1511,0.9885,0,0,0.9885,0.1511,0,0,0.0036,0.8394,1]},
{"frame":154,"values":[-1,0,0,0,0,-0.1511,0.9885,0,0,0.9885,0.1511,0,0,0.0036,0.8394,1]},
{"frame":161,"values":[-1,0,0,0,0,-0.1511,0.9885,0,0,0.9885,0.1511,0,0,0.0036,0.8394,1]},
{"frame":162,"values":[-1,0,0,0,0,-0.1511,0.9885,0,0,0.9885,0.1511,0,0,0.0036,0.8394,1]},
{"frame":171,"values":[-1,0,0,0,0,-0.1511,0.9885,0,0,0.9885,0.1511,0,0,0.0036,0.8394,1]},
{"frame":172,"values":[-1,0,0,0,0,-0.1511,0.9885,0,0,0.9885,0.1511,0,0,-0.3044,0.6238,1]},
{"frame":734,"values":[-1,0,0,0,0,-0.1511,0.9885,0,0,0.9885,0.1511,0,0,0.0036,0.8394,1]}],"loopBehavior":1,"name":"anim","property":"_matrix"}},
{"name":"spine","index":2,"matrix":[1,0,0,0,0,0.9987,-0.0514,0,0,0.0514,0.9987,0,0,0.1467,0,1],"rest":[1,0,0,0,0,0.9987,-0.0514,0,0,0.0514,0.9987,0,0,0.1467,0,1],"parentBoneIndex":1,"length":0.0619
,"animation":{"dataType":3,"framePerSecond":30,"keys":[
{"frame":1,"values":[1,0,0,0,0,0.9987,-0.0514,0,0,0.0514,0.9987,0,0,0.1467,0,1]},
{"frame":154,"values":[1,0,0,0,0,0.9987,-0.0514,0,0,0.0514,0.9987,0,0,0.1467,0,1]},
{"frame":161,"values":[1,0,0,0,0,0.9987,-0.0514,0,0,0.0514,0.9987,0,0,0.1467,0,1]},
{"frame":162,"values":[1,0,0,0,0,0.9987,-0.0514,0,0,0.0514,0.9987,0,0,0.1467,0,1]},
{"frame":171,"values":[1,0,0,0,0,0.9987,-0.0514,0,0,0.0514,0.9987,0,0,0.1467,0,1]},
{"frame":734,"values":[1,0,0,0,0,0.9987,-0.0514,0,0,0.0514,0.9987,0,0,0.1467,0,1]}],"loopBehavior":1,"name":"anim","property":"_matrix"}},
{"name":"chest","index":3,"matrix":[1,0,0,0,0,0.9441,0.3298,0,0,-0.3298,0.9441,0,0,0.0619,0,1],"rest":[1,0,0,0,0,0.9441,0.3298,0,0,-0.3298,0.9441,0,0,0.0619,0,1],"parentBoneIndex":2,"length":0.3268
,"animation":{"dataType":3,"framePerSecond":30,"keys":[
{"frame":1,"values":[1,0,0,0,0,0.9441,0.3298,0,0,-0.3298,0.9441,0,0,0.0619,0,1]},
{"frame":154,"values":[1,0,0,0,0,0.9441,0.3298,0,0,-0.3298,0.9441,0,0,0.0619,0,1]},
{"frame":161,"values":[1,0,0,0,0,0.9441,0.3298,0,0,-0.3298,0.9441,0,0,0.0619,0,1]},
{"frame":162,"values":[1,0,0,0,0,0.9441,0.3298,0,0,-0.3298,0.9441,0,0,0.0619,0,1]},
{"frame":171,"values":[1,0,0,0,0,0.9441,0.3298,0,0,-0.3298,0.9441,0,0,0.0619,0,1]},
{"frame":734,"values":[1,0,0,0,0,0.9441,0.3298,0,0,-0.3298,0.9441,0,0,0.0619,0,1]}],"loopBehavior":1,"name":"anim","property":"_matrix"}},
{"name":"clavicle.R","index":4,"matrix":[0.2348,-0.2646,-0.9353,0,-0.9622,-0.2001,-0.1849,0,-0.1383,0.9434,-0.3016,0,-0.021,0.2655,0.0468,1],"rest":[0.2348,-0.2646,-0.9353,0,-0.9622,-0.2001,-0.1849,0,-0.1383,0.9434,-0.3016,0,-0.021,0.2655,0.0468,1],"parentBoneIndex":3,"length":0.1579
,"animation":{"dataType":3,"framePerSecond":30,"keys":[
{"frame":1,"values":[0.2348,-0.2646,-0.9353,0,-0.9622,-0.2001,-0.1849,0,-0.1383,0.9434,-0.3016,0,-0.021,0.2655,0.0468,1]},
{"frame":154,"values":[0.2348,-0.2646,-0.9353,0,-0.9622,-0.2001,-0.1849,0,-0.1383,0.9434,-0.3016,0,-0.021,0.2655,0.0468,1]},
{"frame":161,"values":[0.2348,-0.2646,-0.9353,0,-0.9622,-0.2001,-0.1849,0,-0.1383,0.9434,-0.3016,0,-0.021,0.2655,0.0468,1]},
{"frame":162,"values":[0.2348,-0.2646,-0.9353,0,-0.9622,-0.2001,-0.1849,0,-0.1383,0.9434,-0.3016,0,-0.021,0.2655,0.0468,1]},
{"frame":171,"values":[0.2348,-0.2646,-0.9353,0,-0.9622,-0.2001,-0.1849,0,-0.1383,0.9434,-0.3016,0,-0.021,0.2655,0.0468,1]},
{"frame":734,"values":[0.2348,-0.2646,-0.9353,0,-0.9622,-0.2001,-0.1849,0,-0.1383,0.9434,-0.3016,0,-0.021,0.2655,0.0468,1]}],"loopBehavior":1,"name":"anim","property":"_matrix"}},
{"name":"upper_arm.R","index":5,"matrix":[-0.198,0.6065,0.77,0,-0.0371,0.7804,-0.6242,0,-0.9795,-0.1522,-0.1319,0,0,0.1579,0,1],"rest":[-0.1674,0.6318,0.7568,0,-0.0319,0.7638,-0.6447,0,-0.9854,-0.132,-0.1077,0,0,0.1579,0,1],"parentBoneIndex":4,"length":0.2272
,"animation":{"dataType":3,"framePerSecond":30,"keys":[
{"frame":1,"values":[-0.198,0.6065,0.77,0,-0.0371,0.7804,-0.6242,0,-0.9795,-0.1522,-0.1319,0,0,0.1579,0,1]},
{"frame":2,"values":[-0.1441,0.8359,0.5296,0,0.1566,0.5477,-0.8219,0,-0.9771,-0.0355,-0.2098,0,0,0.1579,0,1]},
{"frame":3,"values":[-0.0424,0.9856,0.1638,0,0.1486,0.1684,-0.9745,0,-0.988,-0.0169,-0.1536,0,0,0.1579,0,1]},
{"frame":20,"values":[-0.0428,0.9855,0.1644,0,0.1481,0.169,-0.9744,0,-0.988,-0.0174,-0.1532,0,0,0.1579,0,1]},
{"frame":21,"values":[-0.0442,0.9851,0.166,0,0.1467,0.1708,-0.9743,0,-0.9882,-0.0187,-0.1521,0,0,0.1579,0,1]},
{"frame":22,"values":[-0.0466,0.9845,0.1688,0,0.1444,0.1739,-0.9741,0,-0.9884,-0.021,-0.1502,0,0,0.1579,0,1]},
{"frame":23,"values":[-0.0498,0.9837,0.1727,0,0.1409,0.1781,-0.9739,0,-0.9888,-0.0241,-0.1475,0,0,0.1579,0,1]},
{"frame":24,"values":[-0.0537,0.9827,0.1774,0,0.1365,0.1832,-0.9735,0,-0.9892,-0.0281,-0.144,0,0,0.1579,0,1]},
{"frame":25,"values":[-0.0582,0.9814,0.183,0,0.131,0.1892,-0.9732,0,-0.9897,-0.0327,-0.1396,0,0,0.1579,0,1]},
{"frame":26,"values":[-0.0631,0.9799,0.189,0,0.1248,0.1956,-0.9727,0,-0.9902,-0.0378,-0.1346,0,0,0.1579,0,1]},
{"frame":27,"values":[-0.0682,0.9784,0.1952,0,0.118,0.2022,-0.9722,0,-0.9907,-0.0432,-0.1292,0,0,0.1579,0,1]},
{"frame":28,"values":[-0.073,0.9768,0.2013,0,0.111,0.2086,-0.9717,0,-0.9911,-0.0486,-0.1237,0,0,0.1579,0,1]},
{"frame":29,"values":[-0.0774,0.9753,0.207,0,0.1043,0.2144,-0.9712,0,-0.9915,-0.0536,-0.1184,0,0,0.1579,0,1]},
{"frame":30,"values":[-0.0812,0.9739,0.2119,0,0.0983,0.2194,-0.9707,0,-0.9918,-0.058,-0.1136,0,0,0.1579,0,1]},
{"frame":31,"values":[-0.0843,0.9728,0.2159,0,0.0933,0.2234,-0.9702,0,-0.9921,-0.0616,-0.1096,0,0,0.1579,0,1]},
{"frame":32,"values":[-0.0865,0.9719,0.2188,0,0.0896,0.2263,-0.9699,0,-0.9922,-0.0643,-0.1067,0,0,0.1579,0,1]},
{"frame":33,"values":[-0.0878,0.9714,0.2206,0,0.0874,0.2281,-0.9697,0,-0.9923,-0.0659,-0.1049,0,0,0.1579,0,1]},
{"frame":34,"values":[-0.0882,0.9712,0.2211,0,0.0866,0.2286,-0.9696,0,-0.9923,-0.0664,-0.1043,0,0,0.1579,0,1]},
{"frame":35,"values":[-0.0878,0.9714,0.2206,0,0.0874,0.2281,-0.9697,0,-0.9923,-0.0659,-0.1049,0,0,0.1579,0,1]},
{"frame":36,"values":[-0.0865,0.9719,0.2188,0,0.0896,0.2263,-0.9699,0,-0.9922,-0.0643,-0.1067,0,0,0.1579,0,1]},
{"frame":37,"values":[-0.0843,0.9728,0.2159,0,0.0933,0.2234,-0.9702,0,-0.9921,-0.0616,-0.1096,0,0,0.1579,0,1]},
{"frame":38,"values":[-0.0812,0.9739,0.2119,0,0.0983,0.2194,-0.9707,0,-0.9918,-0.058,-0.1136,0,0,0.1579,0,1]},
{"frame":39,"values":[-0.0774,0.9753,0.207,0,0.1043,0.2144,-0.9712,0,-0.9915,-0.0536,-0.1184,0,0,0.1579,0,1]},
{"frame":40,"values":[-0.073,0.9768,0.2013,0,0.111,0.2086,-0.9717,0,-0.9911,-0.0486,-0.1237,0,0,0.1579,0,1]},
{"frame":41,"values":[-0.0682,0.9784,0.1952,0,0.118,0.2022,-0.9722,0,-0.9907,-0.0432,-0.1292,0,0,0.1579,0,1]},
{"frame":42,"values":[-0.0631,0.9799,0.189,0,0.1248,0.1956,-0.9727,0,-0.9902,-0.0378,-0.1346,0,0,0.1579,0,1]},
{"frame":43,"values":[-0.0582,0.9814,0.183,0,0.131,0.1892,-0.9732,0,-0.9897,-0.0327,-0.1396,0,0,0.1579,0,1]},
{"frame":44,"values":[-0.0537,0.9827,0.1774,0,0.1365,0.1832,-0.9735,0,-0.9892,-0.0281,-0.144,0,0,0.1579,0,1]},
{"frame":45,"values":[-0.0498,0.9837,0.1727,0,0.1409,0.1781,-0.9739,0,-0.9888,-0.0241,-0.1475,0,0,0.1579,0,1]},
{"frame":46,"values":[-0.0466,0.9845,0.1688,0,0.1444,0.1739,-0.9741,0,-0.9884,-0.021,-0.1502,0,0,0.1579,0,1]},
{"frame":47,"values":[-0.0442,0.9851,0.166,0,0.1467,0.1708,-0.9743,0,-0.9882,-0.0187,-0.1521,0,0,0.1579,0,1]},
{"frame":48,"values":[-0.0428,0.9855,0.1644,0,0.1481,0.169,-0.9744,0,-0.988,-0.0174,-0.1532,0,0,0.1579,0,1]},
{"frame":49,"values":[-0.0424,0.9856,0.1638,0,0.1486,0.1684,-0.9745,0,-0.988,-0.0169,-0.1536,0,0,0.1579,0,1]},
{"frame":80,"values":[-0.0422,0.9856,0.1634,0,0.148,0.168,-0.9746,0,-0.9881,-0.017,-0.1529,0,0,0.1579,0,1]},
{"frame":81,"values":[-0.0419,0.9859,0.1623,0,0.146,0.1667,-0.9751,0,-0.9884,-0.0171,-0.1509,0,0,0.1579,0,1]},
{"frame":82,"values":[-0.0412,0.9862,0.1603,0,0.1427,0.1646,-0.976,0,-0.9889,-0.0174,-0.1475,0,0,0.1579,0,1]},
{"frame":83,"values":[-0.0404,0.9867,0.1576,0,0.138,0.1617,-0.9771,0,-0.9896,-0.0177,-0.1427,0,0,0.1579,0,1]},
{"frame":84,"values":[-0.0393,0.9873,0.1541,0,0.132,0.158,-0.9786,0,-0.9905,-0.0181,-0.1366,0,0,0.1579,0,1]},
{"frame":85,"values":[-0.0379,0.988,0.15,0,0.1249,0.1536,-0.9802,0,-0.9914,-0.0184,-0.1292,0,0,0.1579,0,1]},
{"frame":86,"values":[-0.0361,0.9887,0.1452,0,0.1169,0.1485,-0.982,0,-0.9925,-0.0184,-0.121,0,0,0.1579,0,1]},
{"frame":87,"values":[-0.0342,0.9895,0.1401,0,0.1084,0.143,-0.9838,0,-0.9935,-0.0185,-0.1121,0,0,0.1579,0,1]},
{"frame":88,"values":[-0.0325,0.9903,0.135,0,0.0996,0.1376,-0.9855,0,-0.9945,-0.0185,-0.1031,0,0,0.1579,0,1]},
{"frame":89,"values":[-0.0309,0.991,0.1302,0,0.0911,0.1325,-0.987,0,-0.9954,-0.0186,-0.0944,0,0,0.1579,0,1]},
{"frame":90,"values":[-0.0299,0.9916,0.126,0,0.0833,0.1281,-0.9883,0,-0.9961,-0.019,-0.0865,0,0,0.1579,0,1]},
{"frame":91,"values":[-0.0291,0.992,0.1225,0,0.0769,0.1244,-0.9892,0,-0.9966,-0.0194,-0.0799,0,0,0.1579,0,1]},
{"frame":92,"values":[-0.0286,0.9924,0.1199,0,0.0721,0.1217,-0.9899,0,-0.997,-0.0197,-0.075,0,0,0.1579,0,1]},
{"frame":93,"values":[-0.0283,0.9926,0.1184,0,0.0691,0.1201,-0.9904,0,-0.9972,-0.0198,-0.072,0,0,0.1579,0,1]},
{"frame":94,"values":[-0.0282,0.9926,0.1178,0,0.0681,0.1195,-0.9905,0,-0.9973,-0.0199,-0.071,0,0,0.1579,0,1]},
{"frame":95,"values":[-0.0283,0.9926,0.1184,0,0.0691,0.1201,-0.9904,0,-0.9972,-0.0198,-0.072,0,0,0.1579,0,1]},
{"frame":96,"values":[-0.0286,0.9924,0.1199,0,0.0721,0.1217,-0.9899,0,-0.997,-0.0197,-0.075,0,0,0.1579,0,1]},
{"frame":97,"values":[-0.0291,0.992,0.1225,0,0.0769,0.1244,-0.9892,0,-0.9966,-0.0194,-0.0799,0,0,0.1579,0,1]},
{"frame":98,"values":[-0.0299,0.9916,0.126,0,0.0833,0.1281,-0.9883,0,-0.9961,-0.019,-0.0865,0,0,0.1579,0,1]},
{"frame":99,"values":[-0.0309,0.991,0.1302,0,0.0911,0.1325,-0.987,0,-0.9954,-0.0186,-0.0944,0,0,0.1579,0,1]},
{"frame":100,"values":[-0.0325,0.9903,0.135,0,0.0996,0.1376,-0.9855,0,-0.9945,-0.0185,-0.1031,0,0,0.1579,0,1]},
{"frame":101,"values":[-0.0342,0.9895,0.1401,0,0.1084,0.143,-0.9838,0,-0.9935,-0.0185,-0.1121,0,0,0.1579,0,1]},
{"frame":102,"values":[-0.0361,0.9887,0.1452,0,0.1169,0.1485,-0.982,0,-0.9925,-0.0184,-0.121,0,0,0.1579,0,1]},
{"frame":103,"values":[-0.0379,0.988,0.15,0,0.1249,0.1536,-0.9802,0,-0.9914,-0.0184,-0.1292,0,0,0.1579,0,1]},
{"frame":104,"values":[-0.0393,0.9873,0.1541,0,0.132,0.158,-0.9786,0,-0.9905,-0.0181,-0.1366,0,0,0.1579,0,1]},
{"frame":105,"values":[-0.0404,0.9867,0.1576,0,0.138,0.1617,-0.9771,0,-0.9896,-0.0177,-0.1427,0,0,0.1579,0,1]},
{"frame":106,"values":[-0.0412,0.9862,0.1603,0,0.1427,0.1646,-0.976,0,-0.9889,-0.0174,-0.1475,0,0,0.1579,0,1]},
{"frame":107,"values":[-0.0419,0.9859,0.1623,0,0.146,0.1667,-0.9751,0,-0.9884,-0.0171,-0.1509,0,0,0.1579,0,1]},
{"frame":108,"values":[-0.0422,0.9856,0.1634,0,0.148,0.168,-0.9746,0,-0.9881,-0.017,-0.1529,0,0,0.1579,0,1]},
{"frame":109,"values":[-0.0424,0.9856,0.1638,0,0.1486,0.1684,-0.9745,0,-0.988,-0.0169,-0.1536,0,0,0.1579,0,1]},
{"frame":154,"values":[-0.0424,0.9856,0.1638,0,0.1486,0.1684,-0.9745,0,-0.988,-0.0169,-0.1536,0,0,0.1579,0,1]},
{"frame":161,"values":[-0.198,0.6065,0.77,0,-0.0371,0.7804,-0.6242,0,-0.9795,-0.1522,-0.1319,0,0,0.1579,0,1]},
{"frame":162,"values":[-0.0785,0.9008,0.427,0,0.1512,0.4341,-0.8881,0,-0.9854,-0.0051,-0.1703,0,0,0.1579,0,1]},
{"frame":171,"values":[-0.198,0.6065,0.77,0,-0.0371,0.7804,-0.6242,0,-0.9795,-0.1522,-0.1319,0,0,0.1579,0,1]},
{"frame":172,"values":[-0.4366,0.8613,0.2601,0,-0.0377,0.2713,-0.9618,0,-0.8989,-0.4297,-0.086,0,0,0.1579,0,1]},
{"frame":186,"values":[-0.4353,0.8616,0.2611,0,-0.0367,0.2728,-0.9614,0,-0.8995,-0.4281,-0.0872,0,0,0.1579,0,1]},
{"frame":187,"values":[-0.4315,0.8625,0.2642,0,-0.0335,0.2773,-0.9602,0,-0.9015,-0.4232,-0.0908,0,0,0.1579,0,1]},
{"frame":188,"values":[-0.4252,0.8641,0.2692,0,-0.0282,0.2846,-0.9582,0,-0.9047,-0.415,-0.0967,0,0,0.1579,0,1]},
{"frame":189,"values":[-0.4163,0.8663,0.276,0,-0.0209,0.2943,-0.9555,0,-0.909,-0.4035,-0.1044,0,0,0.1579,0,1]},
{"frame":190,"values":[-0.4048,0.8691,0.2843,0,-0.0118,0.3059,-0.952,0,-0.9143,-0.3887,-0.1136,0,0,0.1579,0,1]},
{"frame":191,"values":[-0.3909,0.8723,0.2938,0,-0.0013,0.3187,-0.9479,0,-0.9204,-0.3709,-0.1234,0,0,0.1579,0,1]},
{"frame":192,"values":[-0.3749,0.8758,0.3041,0,0.0101,0.3318,-0.9433,0,-0.927,-0.3505,-0.1333,0,0,0.1579,0,1]},
{"frame":193,"values":[-0.357,0.8795,0.3147,0,0.0218,0.3447,-0.9385,0,-0.9338,-0.3282,-0.1422,0,0,0.1579,0,1]},
{"frame":194,"values":[-0.3381,0.8828,0.326,0,0.0326,0.3572,-0.9335,0,-0.9405,-0.305,-0.1496,0,0,0.1579,0,1]},
{"frame":195,"values":[-0.3187,0.8859,0.3372,0,0.0421,0.3686,-0.9286,0,-0.9469,-0.2818,-0.1548,0,0,0.1579,0,1]},
{"frame":196,"values":[-0.2992,0.8886,0.3477,0,0.0499,0.3784,-0.9243,0,-0.9529,-0.2592,-0.1575,0,0,0.1579,0,1]},
{"frame":197,"values":[-0.2797,0.8913,0.3569,0,0.0559,0.3862,-0.9207,0,-0.9585,-0.2376,-0.1578,0,0,0.1579,0,1]},
{"frame":198,"values":[-0.261,0.8938,0.3648,0,0.0599,0.3922,-0.9179,0,-0.9635,-0.2177,-0.1559,0,0,0.1579,0,1]},
{"frame":199,"values":[-0.2435,0.896,0.3713,0,0.062,0.3965,-0.916,0,-0.9679,-0.2,-0.1521,0,0,0.1579,0,1]},
{"frame":200,"values":[-0.2281,0.8978,0.3768,0,0.0625,0.3997,-0.9145,0,-0.9716,-0.1851,-0.1473,0,0,0.1579,0,1]},
{"frame":201,"values":[-0.2151,0.8991,0.3813,0,0.0618,0.4022,-0.9135,0,-0.9746,-0.1729,-0.1421,0,0,0.1579,0,1]},
{"frame":202,"values":[-0.2047,0.9,0.3849,0,0.0605,0.4041,-0.9127,0,-0.977,-0.1635,-0.1371,0,0,0.1579,0,1]},
{"frame":203,"values":[-0.197,0.9005,0.3877,0,0.059,0.4056,-0.9121,0,-0.9786,-0.1568,-0.133,0,0,0.1579,0,1]},
{"frame":204,"values":[-0.1922,0.9006,0.3899,0,0.0577,0.407,-0.9116,0,-0.9797,-0.1527,-0.1302,0,0,0.1579,0,1]},
{"frame":205,"values":[-0.1903,0.9004,0.3913,0,0.0569,0.4081,-0.9112,0,-0.9801,-0.1511,-0.1289,0,0,0.1579,0,1]},
{"frame":206,"values":[-0.1898,0.9,0.3924,0,0.0564,0.409,-0.9108,0,-0.9802,-0.1507,-0.1284,0,0,0.1579,0,1]},
{"frame":207,"values":[-0.1893,0.8996,0.3935,0,0.056,0.4099,-0.9104,0,-0.9803,-0.1503,-0.1279,0,0,0.1579,0,1]},
{"frame":208,"values":[-0.1889,0.8993,0.3944,0,0.0555,0.4108,-0.91,0,-0.9804,-0.15,-0.1276,0,0,0.1579,0,1]},
{"frame":209,"values":[-0.1886,0.899,0.3953,0,0.0552,0.4116,-0.9097,0,-0.9805,-0.1498,-0.1272,0,0,0.1579,0,1]},
{"frame":210,"values":[-0.1884,0.8987,0.3961,0,0.0548,0.4123,-0.9094,0,-0.9806,-0.1496,-0.1269,0,0,0.1579,0,1]},
{"frame":211,"values":[-0.1883,0.8984,0.3968,0,0.0545,0.413,-0.9091,0,-0.9806,-0.1495,-0.1267,0,0,0.1579,0,1]},
{"frame":212,"values":[-0.1882,0.8981,0.3974,0,0.0543,0.4136,-0.9089,0,-0.9806,-0.1495,-0.1266,0,0,0.1579,0,1]},
{"frame":213,"values":[-0.1882,0.8979,0.398,0,0.054,0.4141,-0.9086,0,-0.9806,-0.1495,-0.1264,0,0,0.1579,0,1]},
{"frame":214,"values":[-0.1882,0.8976,0.3985,0,0.0538,0.4146,-0.9084,0,-0.9807,-0.1495,-0.1264,0,0,0.1579,0,1]},
{"frame":215,"values":[-0.1883,0.8974,0.399,0,0.0537,0.4151,-0.9082,0,-0.9806,-0.1496,-0.1263,0,0,0.1579,0,1]},
{"frame":216,"values":[-0.1884,0.8972,0.3995,0,0.0535,0.4155,-0.908,0,-0.9806,-0.1497,-0.1263,0,0,0.1579,0,1]},
{"frame":217,"values":[-0.1886,0.897,0.3999,0,0.0533,0.416,-0.9078,0,-0.9806,-0.1498,-0.1263,0,0,0.1579,0,1]},
{"frame":218,"values":[-0.1887,0.8967,0.4003,0,0.0532,0.4164,-0.9076,0,-0.9806,-0.15,-0.1263,0,0,0.1579,0,1]},
{"frame":219,"values":[-0.1888,0.8965,0.4008,0,0.053,0.4168,-0.9074,0,-0.9806,-0.1501,-0.1263,0,0,0.1579,0,1]},
{"frame":220,"values":[-0.189,0.8963,0.4013,0,0.0529,0.4173,-0.9072,0,-0.9806,-0.1502,-0.1262,0,0,0.1579,0,1]},
{"frame":221,"values":[-0.1891,0.896,0.4017,0,0.0527,0.4178,-0.907,0,-0.9805,-0.1503,-0.1262,0,0,0.1579,0,1]},
{"frame":222,"values":[-0.1891,0.8958,0.4023,0,0.0525,0.4183,-0.9068,0,-0.9805,-0.1504,-0.1261,0,0,0.1579,0,1]},
{"frame":223,"values":[-0.1892,0.8955,0.4028,0,0.0523,0.4188,-0.9066,0,-0.9805,-0.1504,-0.1261,0,0,0.1579,0,1]},
{"frame":224,"values":[-0.1892,0.8953,0.4032,0,0.0521,0.4192,-0.9064,0,-0.9806,-0.1505,-0.126,0,0,0.1579,0,1]},
{"frame":225,"values":[-0.1892,0.8951,0.4036,0,0.052,0.4196,-0.9062,0,-0.9806,-0.1505,-0.1259,0,0,0.1579,0,1]},
{"frame":226,"values":[-0.1892,0.895,0.404,0,0.0518,0.4199,-0.9061,0,-0.9806,-0.1505,-0.1259,0,0,0.1579,0,1]},
{"frame":227,"values":[-0.1892,0.8948,0.4043,0,0.0517,0.4202,-0.9059,0,-0.9806,-0.1505,-0.1258,0,0,0.1579,0,1]},
{"frame":228,"values":[-0.1892,0.8947,0.4045,0,0.0516,0.4205,-0.9058,0,-0.9806,-0.1505,-0.1258,0,0,0.1579,0,1]},
{"frame":229,"values":[-0.1893,0.8946,0.4048,0,0.0515,0.4208,-0.9057,0,-0.9806,-0.1506,-0.1257,0,0,0.1579,0,1]},
{"frame":230,"values":[-0.1894,0.8944,0.4051,0,0.0514,0.421,-0.9056,0,-0.9806,-0.1507,-0.1257,0,0,0.1579,0,1]},
{"frame":231,"values":[-0.1895,0.8943,0.4054,0,0.0513,0.4214,-0.9054,0,-0.9805,-0.1508,-0.1258,0,0,0.1579,0,1]},
{"frame":232,"values":[-0.1898,0.894,0.4058,0,0.0512,0.4218,-0.9052,0,-0.9805,-0.151,-0.1258,0,0,0.1579,0,1]},
{"frame":233,"values":[-0.1901,0.8938,0.4063,0,0.0511,0.4223,-0.905,0,-0.9804,-0.1513,-0.1259,0,0,0.1579,0,1]},
{"frame":234,"values":[-0.1905,0.8934,0.4068,0,0.0509,0.4229,-0.9048,0,-0.9804,-0.1516,-0.126,0,0,0.1579,0,1]},
{"frame":235,"values":[-0.1909,0.893,0.4075,0,0.0507,0.4235,-0.9045,0,-0.9803,-0.152,-0.1262,0,0,0.1579,0,1]},
{"frame":236,"values":[-0.1914,0.8926,0.4082,0,0.0505,0.4243,-0.9041,0,-0.9802,-0.1525,-0.1263,0,0,0.1579,0,1]},
{"frame":237,"values":[-0.192,0.8921,0.409,0,0.0503,0.4252,-0.9037,0,-0.9801,-0.153,-0.1265,0,0,0.1579,0,1]},
{"frame":238,"values":[-0.1928,0.8916,0.4097,0,0.0501,0.4259,-0.9034,0,-0.98,-0.1537,-0.1268,0,0,0.1579,0,1]},
{"frame":239,"values":[-0.1939,0.8912,0.41,0,0.05,0.4264,-0.9032,0,-0.9797,-0.1546,-0.1273,0,0,0.1579,0,1]},
{"frame":240,"values":[-0.1954,0.891,0.4099,0,0.0501,0.4265,-0.9031,0,-0.9794,-0.1559,-0.128,0,0,0.1579,0,1]},
{"frame":241,"values":[-0.1972,0.8908,0.4094,0,0.0504,0.4263,-0.9032,0,-0.9791,-0.1575,-0.1289,0,0,0.1579,0,1]},
{"frame":242,"values":[-0.1993,0.8907,0.4085,0,0.0507,0.4257,-0.9034,0,-0.9786,-0.1593,-0.13,0,0,0.1579,0,1]},
{"frame":243,"values":[-0.2017,0.8907,0.4073,0,0.0512,0.4249,-0.9038,0,-0.9781,-0.1615,-0.1313,0,0,0.1579,0,1]},
{"frame":244,"values":[-0.2045,0.8909,0.4057,0,0.0517,0.4237,-0.9043,0,-0.9775,-0.164,-0.1327,0,0,0.1579,0,1]},
{"frame":245,"values":[-0.2076,0.8911,0.4036,0,0.0523,0.4222,-0.905,0,-0.9768,-0.1668,-0.1342,0,0,0.1579,0,1]},
{"frame":246,"values":[-0.211,0.8913,0.4013,0,0.0529,0.4203,-0.9058,0,-0.9761,-0.1699,-0.1358,0,0,0.1579,0,1]},
{"frame":247,"values":[-0.2147,0.8917,0.3985,0,0.0536,0.4181,-0.9068,0,-0.9752,-0.1733,-0.1375,0,0,0.1579,0,1]},
{"frame":248,"values":[-0.2187,0.8921,0.3954,0,0.0542,0.4157,-0.9079,0,-0.9743,-0.1771,-0.1392,0,0,0.1579,0,1]},
{"frame":249,"values":[-0.2229,0.8926,0.3919,0,0.0547,0.4129,-0.9091,0,-0.9733,-0.1812,-0.1409,0,0,0.1579,0,1]},
{"frame":250,"values":[-0.2274,0.8931,0.3882,0,0.0553,0.4098,-0.9105,0,-0.9722,-0.1856,-0.1425,0,0,0.1579,0,1]},
{"frame":251,"values":[-0.2321,0.8936,0.3841,0,0.0557,0.4064,-0.912,0,-0.9711,-0.1903,-0.1441,0,0,0.1579,0,1]},
{"frame":252,"values":[-0.237,0.8942,0.3798,0,0.0559,0.4028,-0.9136,0,-0.9699,-0.1953,-0.1455,0,0,0.1579,0,1]},
{"frame":253,"values":[-0.242,0.8948,0.3752,0,0.0561,0.3989,-0.9153,0,-0.9686,-0.2005,-0.1467,0,0,0.1579,0,1]},
{"frame":254,"values":[-0.2472,0.8954,0.3704,0,0.056,0.3949,-0.917,0,-0.9673,-0.206,-0.1478,0,0,0.1579,0,1]},
{"frame":255,"values":[-0.2525,0.8959,0.3655,0,0.0558,0.3906,-0.9189,0,-0.966,-0.2116,-0.1486,0,0,0.1579,0,1]},
{"frame":256,"values":[-0.2578,0.8964,0.3605,0,0.0554,0.3862,-0.9208,0,-0.9646,-0.2174,-0.1492,0,0,0.1579,0,1]},
{"frame":257,"values":[-0.2631,0.8969,0.3554,0,0.0548,0.3816,-0.9227,0,-0.9632,-0.2233,-0.1496,0,0,0.1579,0,1]},
{"frame":258,"values":[-0.2685,0.8974,0.3502,0,0.0541,0.377,-0.9246,0,-0.9618,-0.2293,-0.1497,0,0,0.1579,0,1]},
{"frame":259,"values":[-0.2737,0.8978,0.3451,0,0.0531,0.3724,-0.9266,0,-0.9604,-0.2352,-0.1496,0,0,0.1579,0,1]},
{"frame":260,"values":[-0.2788,0.8981,0.34,0,0.0521,0.3677,-0.9285,0,-0.9589,-0.2412,-0.1493,0,0,0.1579,0,1]},
{"frame":261,"values":[-0.2838,0.8984,0.3351,0,0.0508,0.363,-0.9304,0,-0.9575,-0.247,-0.1487,0,0,0.1579,0,1]},
{"frame":262,"values":[-0.2886,0.8987,0.3303,0,0.0495,0.3585,-0.9322,0,-0.9562,-0.2527,-0.1479,0,0,0.1579,0,1]},
{"frame":263,"values":[-0.2932,0.8988,0.3258,0,0.048,0.3542,-0.934,0,-0.9548,-0.2582,-0.147,0,0,0.1579,0,1]},
{"frame":264,"values":[-0.2977,0.8989,0.3215,0,0.0465,0.35,-0.9356,0,-0.9535,-0.2635,-0.146,0,0,0.1579,0,1]},
{"frame":265,"values":[-0.3018,0.8989,0.3175,0,0.045,0.3461,-0.9371,0,-0.9523,-0.2686,-0.1449,0,0,0.1579,0,1]},
{"frame":266,"values":[-0.3058,0.8989,0.3138,0,0.0434,0.3424,-0.9385,0,-0.9511,-0.2734,-0.1437,0,0,0.1579,0,1]},
{"frame":267,"values":[-0.3095,0.8988,0.3106,0,0.0418,0.3392,-0.9398,0,-0.95,-0.2778,-0.1425,0,0,0.1579,0,1]},
{"frame":268,"values":[-0.3129,0.8986,0.3077,0,0.0402,0.3362,-0.9409,0,-0.9489,-0.282,-0.1414,0,0,0.1579,0,1]},
{"frame":269,"values":[-0.316,0.8983,0.3053,0,0.0387,0.3337,-0.9419,0,-0.948,-0.2858,-0.1402,0,0,0.1579,0,1]},
{"frame":270,"values":[-0.3188,0.898,0.3033,0,0.0373,0.3316,-0.9427,0,-0.9471,-0.2892,-0.1392,0,0,0.1579,0,1]},
{"frame":271,"values":[-0.3213,0.8976,0.3018,0,0.0359,0.33,-0.9433,0,-0.9463,-0.2923,-0.1383,0,0,0.1579,0,1]},
{"frame":272,"values":[-0.3235,0.8972,0.3007,0,0.0347,0.3288,-0.9437,0,-0.9456,-0.2949,-0.1375,0,0,0.1579,0,1]},
{"frame":273,"values":[-0.3255,0.8966,0.3002,0,0.0335,0.3282,-0.944,0,-0.945,-0.2972,-0.1368,0,0,0.1579,0,1]},
{"frame":274,"values":[-0.3271,0.8961,0.3001,0,0.0324,0.328,-0.9441,0,-0.9444,-0.2991,-0.1364,0,0,0.1579,0,1]},
{"frame":275,"values":[-0.3285,0.8954,0.3005,0,0.0315,0.3284,-0.944,0,-0.944,-0.3006,-0.1361,0,0,0.1579,0,1]},
{"frame":276,"values":[-0.3295,0.8948,0.3014,0,0.0307,0.3292,-0.9438,0,-0.9437,-0.3017,-0.1359,0,0,0.1579,0,1]},
{"frame":277,"values":[-0.3304,0.894,0.3025,0,0.0299,0.3303,-0.9434,0,-0.9434,-0.3027,-0.1359,0,0,0.1579,0,1]},
{"frame":278,"values":[-0.3313,0.8933,0.3037,0,0.0292,0.3314,-0.943,0,-0.9431,-0.3036,-0.1359,0,0,0.1579,0,1]},
{"frame":279,"values":[-0.3322,0.8926,0.3048,0,0.0285,0.3324,-0.9427,0,-0.9428,-0.3045,-0.1358,0,0,0.1579,0,1]},
{"frame":280,"values":[-0.333,0.8919,0.3058,0,0.0278,0.3335,-0.9423,0,-0.9425,-0.3053,-0.1358,0,0,0.1579,0,1]},
{"frame":281,"values":[-0.3338,0.8913,0.3069,0,0.0271,0.3345,-0.942,0,-0.9422,-0.3062,-0.1358,0,0,0.1579,0,1]},
{"frame":282,"values":[-0.3347,0.8906,0.3079,0,0.0264,0.3355,-0.9417,0,-0.942,-0.307,-0.1358,0,0,0.1579,0,1]},
{"frame":283,"values":[-0.3354,0.89,0.3089,0,0.0257,0.3364,-0.9414,0,-0.9417,-0.3078,-0.1357,0,0,0.1579,0,1]},
{"frame":284,"values":[-0.3362,0.8893,0.3099,0,0.025,0.3374,-0.941,0,-0.9415,-0.3086,-0.1357,0,0,0.1579,0,1]},
{"frame":285,"values":[-0.337,0.8887,0.3109,0,0.0244,0.3383,-0.9407,0,-0.9412,-0.3094,-0.1357,0,0,0.1579,0,1]},
{"frame":286,"values":[-0.3377,0.8881,0.3118,0,0.0238,0.3392,-0.9404,0,-0.941,-0.3102,-0.1357,0,0,0.1579,0,1]},
{"frame":287,"values":[-0.3384,0.8875,0.3127,0,0.0232,0.3401,-0.9401,0,-0.9407,-0.3109,-0.1356,0,0,0.1579,0,1]},
{"frame":288,"values":[-0.3391,0.887,0.3136,0,0.0226,0.3409,-0.9398,0,-0.9405,-0.3116,-0.1356,0,0,0.1579,0,1]},
{"frame":289,"values":[-0.3397,0.8864,0.3144,0,0.022,0.3417,-0.9395,0,-0.9403,-0.3123,-0.1356,0,0,0.1579,0,1]},
{"frame":290,"values":[-0.3404,0.8859,0.3152,0,0.0215,0.3425,-0.9393,0,-0.94,-0.3129,-0.1356,0,0,0.1579,0,1]},
{"frame":291,"values":[-0.341,0.8854,0.316,0,0.0209,0.3432,-0.939,0,-0.9398,-0.3136,-0.1356,0,0,0.1579,0,1]},
{"frame":292,"values":[-0.3416,0.8849,0.3168,0,0.0204,0.344,-0.9388,0,-0.9396,-0.3142,-0.1356,0,0,0.1579,0,1]},
{"frame":293,"values":[-0.3421,0.8844,0.3175,0,0.02,0.3447,-0.9385,0,-0.9394,-0.3147,-0.1356,0,0,0.1579,0,1]},
{"frame":294,"values":[-0.3426,0.8839,0.3182,0,0.0195,0.3453,-0.9383,0,-0.9393,-0.3153,-0.1355,0,0,0.1579,0,1]},
{"frame":295,"values":[-0.3431,0.8835,0.3188,0,0.0191,0.3459,-0.9381,0,-0.9391,-0.3158,-0.1355,0,0,0.1579,0,1]},
{"frame":296,"values":[-0.3436,0.8831,0.3195,0,0.0186,0.3465,-0.9379,0,-0.9389,-0.3163,-0.1355,0,0,0.1579,0,1]},
{"frame":297,"values":[-0.3441,0.8827,0.3201,0,0.0182,0.3471,-0.9377,0,-0.9388,-0.3168,-0.1355,0,0,0.1579,0,1]},
{"frame":298,"values":[-0.3445,0.8824,0.3206,0,0.0179,0.3476,-0.9375,0,-0.9386,-0.3172,-0.1355,0,0,0.1579,0,1]},
{"frame":299,"values":[-0.3449,0.882,0.3211,0,0.0175,0.3481,-0.9373,0,-0.9385,-0.3176,-0.1355,0,0,0.1579,0,1]},
{"frame":300,"values":[-0.3452,0.8817,0.3216,0,0.0172,0.3486,-0.9371,0,-0.9384,-0.318,-0.1355,0,0,0.1579,0,1]},
{"frame":301,"values":[-0.3456,0.8814,0.3221,0,0.0169,0.349,-0.937,0,-0.9382,-0.3183,-0.1355,0,0,0.1579,0,1]},
{"frame":302,"values":[-0.3459,0.8811,0.3225,0,0.0166,0.3494,-0.9368,0,-0.9381,-0.3187,-0.1355,0,0,0.1579,0,1]},
{"frame":303,"values":[-0.3462,0.8809,0.3229,0,0.0164,0.3498,-0.9367,0,-0.938,-0.319,-0.1355,0,0,0.1579,0,1]},
{"frame":304,"values":[-0.3464,0.8806,0.3232,0,0.0161,0.3501,-0.9366,0,-0.9379,-0.3192,-0.1355,0,0,0.1579,0,1]},
{"frame":305,"values":[-0.3467,0.8804,0.3236,0,0.0159,0.3504,-0.9364,0,-0.9378,-0.3195,-0.1355,0,0,0.1579,0,1]},
{"frame":306,"values":[-0.3469,0.8802,0.3239,0,0.0157,0.3507,-0.9363,0,-0.9378,-0.3197,-0.1355,0,0,0.1579,0,1]},
{"frame":307,"values":[-0.3471,0.88,0.3241,0,0.0155,0.351,-0.9363,0,-0.9377,-0.3199,-0.1355,0,0,0.1579,0,1]},
{"frame":308,"values":[-0.3473,0.8799,0.3244,0,0.0154,0.3512,-0.9362,0,-0.9376,-0.3201,-0.1355,0,0,0.1579,0,1]},
{"frame":309,"values":[-0.3474,0.8797,0.3246,0,0.0152,0.3514,-0.9361,0,-0.9376,-0.3203,-0.1355,0,0,0.1579,0,1]},
{"frame":310,"values":[-0.3476,0.8796,0.3248,0,0.0151,0.3516,-0.936,0,-0.9375,-0.3204,-0.1355,0,0,0.1579,0,1]},
{"frame":311,"values":[-0.3477,0.8795,0.325,0,0.015,0.3518,-0.936,0,-0.9375,-0.3206,-0.1355,0,0,0.1579,0,1]},
{"frame":312,"values":[-0.3478,0.8794,0.3251,0,0.0149,0.3519,-0.9359,0,-0.9374,-0.3207,-0.1355,0,0,0.1579,0,1]},
{"frame":313,"values":[-0.3479,0.8793,0.3253,0,0.0148,0.3521,-0.9359,0,-0.9374,-0.3208,-0.1355,0,0,0.1579,0,1]},
{"frame":314,"values":[-0.348,0.8792,0.3254,0,0.0147,0.3522,-0.9358,0,-0.9374,-0.3209,-0.1355,0,0,0.1579,0,1]},
{"frame":315,"values":[-0.3481,0.8792,0.3255,0,0.0147,0.3523,-0.9358,0,-0.9374,-0.3209,-0.1355,0,0,0.1579,0,1]},
{"frame":316,"values":[-0.3481,0.8791,0.3256,0,0.0146,0.3523,-0.9358,0,-0.9373,-0.321,-0.1355,0,0,0.1579,0,1]},
{"frame":317,"values":[-0.3482,0.8791,0.3256,0,0.0146,0.3524,-0.9357,0,-0.9373,-0.321,-0.1355,0,0,0.1579,0,1]},
{"frame":318,"values":[-0.3482,0.879,0.3257,0,0.0146,0.3525,-0.9357,0,-0.9373,-0.3211,-0.1355,0,0,0.1579,0,1]},
{"frame":319,"values":[-0.3482,0.879,0.3257,0,0.0145,0.3525,-0.9357,0,-0.9373,-0.3211,-0.1355,0,0,0.1579,0,1]},
{"frame":320,"values":[-0.3482,0.879,0.3258,0,0.0145,0.3525,-0.9357,0,-0.9373,-0.3211,-0.1355,0,0,0.1579,0,1]},
{"frame":335,"values":[-0.3481,0.8796,0.3242,0,0.0149,0.351,-0.9363,0,-0.9373,-0.3211,-0.1353,0,0,0.1579,0,1]},
{"frame":336,"values":[-0.3478,0.8815,0.3194,0,0.016,0.3462,-0.938,0,-0.9374,-0.3211,-0.1345,0,0,0.1579,0,1]},
{"frame":337,"values":[-0.3471,0.8846,0.3114,0,0.0179,0.3382,-0.9409,0,-0.9376,-0.321,-0.1332,0,0,0.1579,0,1]},
{"frame":338,"values":[-0.3462,0.8889,0.3001,0,0.0205,0.327,-0.9448,0,-0.9379,-0.3209,-0.1314,0,0,0.1579,0,1]},
{"frame":339,"values":[-0.3448,0.8941,0.2859,0,0.0238,0.3128,-0.9495,0,-0.9384,-0.3206,-0.1291,0,0,0.1579,0,1]},
{"frame":340,"values":[-0.3431,0.8999,0.269,0,0.0276,0.296,-0.9548,0,-0.9389,-0.3202,-0.1264,0,0,0.1579,0,1]},
{"frame":341,"values":[-0.3409,0.9062,0.2501,0,0.0318,0.277,-0.9603,0,-0.9396,-0.3195,-0.1232,0,0,0.1579,0,1]},
{"frame":342,"values":[-0.3384,0.9125,0.2299,0,0.0361,0.2568,-0.9658,0,-0.9403,-0.3185,-0.1198,0,0,0.1579,0,1]},
{"frame":343,"values":[-0.3355,0.9185,0.2094,0,0.0404,0.2361,-0.9709,0,-0.9412,-0.3173,-0.1164,0,0,0.1579,0,1]},
{"frame":344,"values":[-0.3326,0.9238,0.1896,0,0.0445,0.2162,-0.9753,0,-0.942,-0.3159,-0.113,0,0,0.1579,0,1]},
{"frame":345,"values":[-0.3296,0.9284,0.1714,0,0.0481,0.1978,-0.9791,0,-0.9429,-0.3145,-0.1098,0,0,0.1579,0,1]},
{"frame":346,"values":[-0.3269,0.9322,0.1556,0,0.0511,0.1819,-0.982,0,-0.9437,-0.3131,-0.1071,0,0,0.1579,0,1]},
{"frame":347,"values":[-0.3246,0.935,0.1429,0,0.0535,0.169,-0.9842,0,-0.9443,-0.3118,-0.1049,0,0,0.1579,0,1]},
{"frame":348,"values":[-0.3229,0.9369,0.1337,0,0.0553,0.1597,-0.9856,0,-0.9448,-0.3109,-0.1033,0,0,0.1579,0,1]},
{"frame":349,"values":[-0.3219,0.9381,0.1281,0,0.0563,0.1541,-0.9865,0,-0.9451,-0.3103,-0.1024,0,0,0.1579,0,1]},
{"frame":350,"values":[-0.3215,0.9384,0.1263,0,0.0566,0.1522,-0.9867,0,-0.9452,-0.3101,-0.1021,0,0,0.1579,0,1]},
{"frame":351,"values":[-0.3219,0.9381,0.1281,0,0.0563,0.1541,-0.9865,0,-0.9451,-0.3103,-0.1024,0,0,0.1579,0,1]},
{"frame":352,"values":[-0.3229,0.9369,0.1337,0,0.0553,0.1597,-0.9856,0,-0.9448,-0.3109,-0.1033,0,0,0.1579,0,1]},
{"frame":353,"values":[-0.3246,0.935,0.1429,0,0.0535,0.169,-0.9842,0,-0.9443,-0.3118,-0.1049,0,0,0.1579,0,1]},
{"frame":354,"values":[-0.3269,0.9322,0.1556,0,0.0511,0.1819,-0.982,0,-0.9437,-0.3131,-0.1071,0,0,0.1579,0,1]},
{"frame":355,"values":[-0.3296,0.9284,0.1714,0,0.0481,0.1978,-0.9791,0,-0.9429,-0.3145,-0.1098,0,0,0.1579,0,1]},
{"frame":356,"values":[-0.3326,0.9238,0.1896,0,0.0445,0.2162,-0.9753,0,-0.942,-0.3159,-0.113,0,0,0.1579,0,1]},
{"frame":357,"values":[-0.3355,0.9185,0.2094,0,0.0404,0.2361,-0.9709,0,-0.9412,-0.3173,-0.1164,0,0,0.1579,0,1]},
{"frame":358,"values":[-0.3384,0.9125,0.2299,0,0.0361,0.2568,-0.9658,0,-0.9403,-0.3185,-0.1198,0,0,0.1579,0,1]},
{"frame":359,"values":[-0.3409,0.9062,0.2501,0,0.0318,0.277,-0.9603,0,-0.9396,-0.3195,-0.1232,0,0,0.1579,0,1]},
{"frame":360,"values":[-0.3431,0.8999,0.269,0,0.0276,0.296,-0.9548,0,-0.9389,-0.3202,-0.1264,0,0,0.1579,0,1]},
{"frame":361,"values":[-0.3448,0.8941,0.2859,0,0.0238,0.3128,-0.9495,0,-0.9384,-0.3206,-0.1291,0,0,0.1579,0,1]},
{"frame":362,"values":[-0.3462,0.8889,0.3001,0,0.0205,0.327,-0.9448,0,-0.9379,-0.3209,-0.1314,0,0,0.1579,0,1]},
{"frame":363,"values":[-0.3471,0.8846,0.3114,0,0.0179,0.3382,-0.9409,0,-0.9376,-0.321,-0.1332,0,0,0.1579,0,1]},
{"frame":364,"values":[-0.3478,0.8815,0.3194,0,0.016,0.3462,-0.938,0,-0.9374,-0.3211,-0.1345,0,0,0.1579,0,1]},
{"frame":365,"values":[-0.3481,0.8796,0.3242,0,0.0149,0.351,-0.9363,0,-0.9373,-0.3211,-0.1353,0,0,0.1579,0,1]},
{"frame":366,"values":[-0.3482,0.879,0.3258,0,0.0145,0.3525,-0.9357,0,-0.9373,-0.3211,-0.1355,0,0,0.1579,0,1]},
{"frame":367,"values":[-0.3481,0.8796,0.3242,0,0.0149,0.351,-0.9363,0,-0.9373,-0.3211,-0.1353,0,0,0.1579,0,1]},
{"frame":368,"values":[-0.3478,0.8815,0.3194,0,0.016,0.3462,-0.938,0,-0.9374,-0.3211,-0.1345,0,0,0.1579,0,1]},
{"frame":369,"values":[-0.3471,0.8846,0.3114,0,0.0179,0.3382,-0.9409,0,-0.9376,-0.321,-0.1332,0,0,0.1579,0,1]},
{"frame":370,"values":[-0.3462,0.8889,0.3001,0,0.0205,0.327,-0.9448,0,-0.9379,-0.3209,-0.1314,0,0,0.1579,0,1]},
{"frame":371,"values":[-0.3448,0.8941,0.2859,0,0.0238,0.3128,-0.9495,0,-0.9384,-0.3206,-0.1291,0,0,0.1579,0,1]},
{"frame":372,"values":[-0.3431,0.8999,0.269,0,0.0276,0.296,-0.9548,0,-0.9389,-0.3202,-0.1264,0,0,0.1579,0,1]},
{"frame":373,"values":[-0.3409,0.9062,0.2501,0,0.0318,0.277,-0.9603,0,-0.9396,-0.3195,-0.1232,0,0,0.1579,0,1]},
{"frame":374,"values":[-0.3384,0.9125,0.2299,0,0.0361,0.2568,-0.9658,0,-0.9403,-0.3185,-0.1198,0,0,0.1579,0,1]},
{"frame":375,"values":[-0.3355,0.9185,0.2094,0,0.0404,0.2361,-0.9709,0,-0.9412,-0.3173,-0.1164,0,0,0.1579,0,1]},
{"frame":376,"values":[-0.3326,0.9238,0.1896,0,0.0445,0.2162,-0.9753,0,-0.942,-0.3159,-0.113,0,0,0.1579,0,1]},
{"frame":377,"values":[-0.3296,0.9284,0.1714,0,0.0481,0.1978,-0.9791,0,-0.9429,-0.3145,-0.1098,0,0,0.1579,0,1]},
{"frame":378,"values":[-0.3269,0.9322,0.1556,0,0.0511,0.1819,-0.982,0,-0.9437,-0.3131,-0.1071,0,0,0.1579,0,1]},
{"frame":379,"values":[-0.3246,0.935,0.1429,0,0.0535,0.169,-0.9842,0,-0.9443,-0.3118,-0.1049,0,0,0.1579,0,1]},
{"frame":380,"values":[-0.3229,0.9369,0.1337,0,0.0553,0.1597,-0.9856,0,-0.9448,-0.3109,-0.1033,0,0,0.1579,0,1]},
{"frame":381,"values":[-0.3219,0.9381,0.1281,0,0.0563,0.1541,-0.9865,0,-0.9451,-0.3103,-0.1024,0,0,0.1579,0,1]},
{"frame":382,"values":[-0.3215,0.9384,0.1263,0,0.0566,0.1522,-0.9867,0,-0.9452,-0.3101,-0.1021,0,0,0.1579,0,1]},
{"frame":383,"values":[-0.3216,0.9382,0.1278,0,0.0565,0.1538,-0.9865,0,-0.9452,-0.3101,-0.1024,0,0,0.1579,0,1]},
{"frame":384,"values":[-0.322,0.9374,0.1326,0,0.056,0.1586,-0.9858,0,-0.9451,-0.31,-0.1036,0,0,0.1579,0,1]},
{"frame":385,"values":[-0.3226,0.9361,0.1404,0,0.0551,0.1667,-0.9845,0,-0.9449,-0.3098,-0.1054,0,0,0.1579,0,1]},
{"frame":386,"values":[-0.3234,0.9341,0.1514,0,0.0539,0.1779,-0.9826,0,-0.9447,-0.3096,-0.1078,0,0,0.1579,0,1]},
{"frame":387,"values":[-0.3245,0.9314,0.1651,0,0.0521,0.1919,-0.98,0,-0.9444,-0.3094,-0.1108,0,0,0.1579,0,1]},
{"frame":388,"values":[-0.3258,0.9279,0.1813,0,0.0499,0.2083,-0.9768,0,-0.9441,-0.3092,-0.1141,0,0,0.1579,0,1]},
{"frame":389,"values":[-0.3273,0.9237,0.1992,0,0.0471,0.2265,-0.9729,0,-0.9438,-0.309,-0.1176,0,0,0.1579,0,1]},
{"frame":390,"values":[-0.3289,0.9188,0.2181,0,0.0439,0.2456,-0.9684,0,-0.9434,-0.3089,-0.1211,0,0,0.1579,0,1]},
{"frame":391,"values":[-0.3306,0.9134,0.2373,0,0.0403,0.2649,-0.9634,0,-0.9429,-0.309,-0.1244,0,0,0.1579,0,1]},
{"frame":392,"values":[-0.3325,0.9077,0.2558,0,0.0365,0.2834,-0.9583,0,-0.9424,-0.3093,-0.1274,0,0,0.1579,0,1]},
{"frame":393,"values":[-0.3346,0.9019,0.273,0,0.0325,0.3006,-0.9532,0,-0.9418,-0.31,-0.1299,0,0,0.1579,0,1]},
{"frame":394,"values":[-0.3368,0.8963,0.2884,0,0.0286,0.3159,-0.9484,0,-0.9411,-0.3112,-0.132,0,0,0.1579,0,1]},
{"frame":395,"values":[-0.3393,0.8911,0.3015,0,0.0247,0.3289,-0.9441,0,-0.9404,-0.3128,-0.1336,0,0,0.1579,0,1]},
{"frame":396,"values":[-0.342,0.8863,0.3122,0,0.0211,0.3393,-0.9404,0,-0.9395,-0.315,-0.1347,0,0,0.1579,0,1]},
{"frame":397,"values":[-0.345,0.8823,0.3202,0,0.0177,0.3472,-0.9376,0,-0.9384,-0.3178,-0.1354,0,0,0.1579,0,1]},
{"frame":398,"values":[-0.3482,0.879,0.3258,0,0.0145,0.3525,-0.9357,0,-0.9373,-0.3211,-0.1355,0,0,0.1579,0,1]},
{"frame":399,"values":[-0.3527,0.8763,0.3283,0,0.0113,0.3548,-0.9349,0,-0.9357,-0.326,-0.1351,0,0,0.1579,0,1]},
{"frame":400,"values":[-0.3592,0.874,0.3272,0,0.0079,0.3534,-0.9354,0,-0.9332,-0.3335,-0.1338,0,0,0.1579,0,1]},
{"frame":401,"values":[-0.3682,0.8718,0.323,0,0.0034,0.3487,-0.9372,0,-0.9297,-0.344,-0.1314,0,0,0.1579,0,1]},
{"frame":402,"values":[-0.3791,0.8697,0.3161,0,-0.0022,0.3407,-0.9402,0,-0.9253,-0.3571,-0.1273,0,0,0.1579,0,1]},
{"frame":403,"values":[-0.3911,0.8678,0.3066,0,-0.0086,0.3296,-0.9441,0,-0.9203,-0.3719,-0.1214,0,0,0.1579,0,1]},
{"frame":404,"values":[-0.4034,0.8659,0.2957,0,-0.0158,0.3166,-0.9484,0,-0.9149,-0.3873,-0.114,0,0,0.1579,0,1]},
{"frame":405,"values":[-0.4147,0.8643,0.2847,0,-0.0229,0.3028,-0.9528,0,-0.9097,-0.4016,-0.1058,0,0,0.1579,0,1]},
{"frame":406,"values":[-0.4241,0.863,0.2746,0,-0.0291,0.2901,-0.9566,0,-0.9051,-0.4137,-0.0979,0,0,0.1579,0,1]},
{"frame":407,"values":[-0.431,0.862,0.2667,0,-0.0338,0.2799,-0.9594,0,-0.9017,-0.4226,-0.0915,0,0,0.1579,0,1]},
{"frame":408,"values":[-0.4352,0.8614,0.2618,0,-0.0367,0.2735,-0.9612,0,-0.8996,-0.4279,-0.0874,0,0,0.1579,0,1]},
{"frame":409,"values":[-0.4366,0.8613,0.2601,0,-0.0377,0.2713,-0.9618,0,-0.8989,-0.4297,-0.086,0,0,0.1579,0,1]},
{"frame":410,"values":[-0.4364,0.8613,0.2602,0,-0.0376,0.2715,-0.9617,0,-0.899,-0.4295,-0.0861,0,0,0.1579,0,1]},
{"frame":411,"values":[-0.4359,0.8614,0.2607,0,-0.0372,0.2722,-0.9615,0,-0.8992,-0.4288,-0.0866,0,0,0.1579,0,1]},
{"frame":412,"values":[-0.4351,0.8616,0.2614,0,-0.0365,0.2732,-0.9613,0,-0.8996,-0.4278,-0.0874,0,0,0.1579,0,1]},
{"frame":413,"values":[-0.4341,0.8618,0.2624,0,-0.0356,0.2746,-0.9609,0,-0.9002,-0.4264,-0.0885,0,0,0.1579,0,1]},
