{"producer":{"name":"Blender","version":"2.76 (sub 0)","exporter_version":"5.4.0","file":"boris1o.babylon"},
"autoClear":true,"clearColor":[0.0509,0.0509,0.0509],"ambientColor":[0,0,0],"gravity":[0,-9.81,0],
"materials":[{"name":"boris1o.Boris_skin","id":"boris1o.Boris_skin","ambient":[0.11,0.11,0.11],"diffuse":[1,1,1],"specular":[0,0,0],"emissive":[0.03,0.03,0.03],"specularPower":491,"alpha":1,"backFaceCulling":true,"checkReadyOnlyOnce":false,"maxSimultaneousLights":4, 
"diffuseTexture":{"name":"vc_baked_2048_uvs.png","level":1,"hasAlpha":1,"coordinatesMode":0,"uOffset":0,"vOffset":0,"uScale":1,"vScale":1,"uAng":0,"vAng":0,"wAng":0,"wrapU":1,"wrapV":1,"coordinatesIndex":0}},
{"name":"boris1o.suit","id":"boris1o.suit","ambient":[1,1,1],"diffuse":[1,1,1],"specular":[0,0,0],"emissive":[0,0,0],"specularPower":100,"alpha":1,"backFaceCulling":true,"checkReadyOnlyOnce":false,"maxSimultaneousLights":4, 
"diffuseTexture":{"name":"aomapped1.png","level":1,"hasAlpha":1,"coordinatesMode":0,"uOffset":0,"vOffset":0,"uScale":1,"vScale":1,"uAng":0,"vAng":0,"wAng":0,"wrapU":1,"wrapV":1,"coordinatesIndex":0}}],
"multiMaterials":[],
"skeletons":[{"name":"Boris02","id":0,"dimensionsAtRest":[0.9792,1.5461,0.3577],"bones":[
{"name":"Hips","index":0,"matrix":[1,0,0,0,0,0.9021,0.4316,0,0,0.4316,-0.9021,0,0,0.8154,-0.0097,1],"rest":[1,0,0,0,0,0.9021,0.4316,0,0,0.4316,-0.9021,0,0,0.8154,-0.0097,1],"parentBoneIndex":-1,"length":0.0874},
{"name":"LHipJoint","index":1,"matrix":[-0.1209,0.0342,-0.9921,0,0.9904,-0.0632,-0.1228,0,-0.0669,-0.9974,-0.0262,0,0,0,0,1],"rest":[-0.1209,0.0342,-0.9921,0,0.9904,-0.0632,-0.1228,0,-0.0669,-0.9974,-0.0262,0,0,0,0,1],"parentBoneIndex":0,"length":0.1021},
{"name":"LeftUpLeg","index":2,"matrix":[-0.2001,0.9648,-0.1705,0,0.3114,0.2277,0.9226,0,0.929,0.1315,-0.346,0,0,0.1021,0,1],"rest":[-0.2001,0.9648,-0.1705,0,0.3114,0.2277,0.9226,0,0.929,0.1315,-0.346,0,0,0.1021,0,1],"parentBoneIndex":1,"length":0.322},
{"name":"LeftLeg","index":3,"matrix":[0.9996,0.0274,0.0103,0,-0.0283,0.9943,0.1032,0,-0.0075,-0.1034,0.9946,0,0,0.322,0,1],"rest":[0.9996,0.0274,0.0103,0,-0.0283,0.9943,0.1032,0,-0.0075,-0.1034,0.9946,0,0,0.322,0,1],"parentBoneIndex":2,"length":0.4212},
{"name":"LeftFoot","index":4,"matrix":[0.9961,-0.024,0.0849,0,0.0882,0.2708,-0.9586,0,0,0.9623,0.2718,0,0,0.4212,0,1],"rest":[0.9961,-0.024,0.0849,0,0.0882,0.2708,-0.9586,0,0,0.9623,0.2718,0,0,0.4212,0,1],"parentBoneIndex":3,"length":0.1407},
{"name":"LeftToeBase","index":5,"matrix":[0.9982,0.0594,-0.0075,0,-0.0599,0.9841,-0.1671,0,-0.0026,0.1673,0.9859,0,0,0.1407,0,1],"rest":[0.9982,0.0594,-0.0075,0,-0.0599,0.9841,-0.1671,0,-0.0026,0.1673,0.9859,0,0,0.1407,0,1],"parentBoneIndex":4,"length":0.0197},
{"name":"LowerBack","index":6,"matrix":[1,0,0,0,0,0.8661,0.4998,0,0,-0.4998,0.8661,0,0,0.0874,0,1],"rest":[1,0,0,0,0,0.8661,0.4998,0,0,-0.4998,0.8661,0,0,0.0874,0,1],"parentBoneIndex":0,"length":0.1334},
{"name":"Spine","index":7,"matrix":[1,0,0,0,0,0.9125,-0.4091,0,0,0.4091,0.9125,0,0,0.1334,0,1],"rest":[1,0,0,0,0,0.9125,-0.4091,0,0,0.4091,0.9125,0,0,0.1334,0,1],"parentBoneIndex":6,"length":0.1141},
{"name":"Spine1","index":8,"matrix":[1,0,0,0,0,0.7809,0.6247,0,0,-0.6247,0.7809,0,0,0.1141,0,1],"rest":[1,0,0,0,0,0.7809,0.6247,0,0,-0.6247,0.7809,0,0,0.1141,0,1],"parentBoneIndex":7,"length":0.2094},
{"name":"LeftShoulder","index":9,"matrix":[-0.1615,-0.8784,0.4498,0,0.986,-0.1631,0.0356,0,0.0421,0.4492,0.8924,0,0.0185,0.1451,0.0301,1],"rest":[-0.1615,-0.8784,0.4498,0,0.986,-0.1631,0.0356,0,0.0421,0.4492,0.8924,0,0.0185,0.1451,0.0301,1],"parentBoneIndex":8,"length":0.1712},
{"name":"LeftArm","index":10,"matrix":[0.776,-0.6296,-0.0367,0,0.6261,0.776,-0.0761,0,0.0764,0.036,0.9964,0,0,0.1712,0,1],"rest":[0.776,-0.6296,-0.0367,0,0.6261,0.776,-0.0761,0,0.0764,0.036,0.9964,0,0,0.1712,0,1],"parentBoneIndex":9,"length":0.2283},
{"name":"LeftForeArm","index":11,"matrix":[1,0.0089,-0.0002,0,-0.0061,0.6996,0.7145,0,0.0065,-0.7145,0.6996,0,0,0.2283,0,1],"rest":[1,0.0089,-0.0002,0,-0.0061,0.6996,0.7145,0,0.0065,-0.7145,0.6996,0,0,0.2283,0,1],"parentBoneIndex":10,"length":0.2327},
{"name":"LeftHand","index":12,"matrix":[0.9923,-0.1171,-0.0391,0,0.1223,0.9757,0.1819,0,0.0169,-0.1853,0.9825,0,0,0.2327,0,1],"rest":[0.9923,-0.1171,-0.0391,0,0.1223,0.9757,0.1819,0,0.0169,-0.1853,0.9825,0,0,0.2327,0,1],"parentBoneIndex":11,"length":0.0336},
{"name":"LThumb","index":13,"matrix":[-0.5983,0.7991,0.0586,0,0.6679,0.4569,0.5875,0,0.4427,0.3907,-0.8071,0,0.0015,0.041,0.021,1],"rest":[-0.5983,0.7991,0.0586,0,0.6679,0.4569,0.5875,0,0.4427,0.3907,-0.8071,0,0.0015,0.041,0.021,1],"parentBoneIndex":12,"length":0.0316},
{"name":"LeftFingerBase","index":14,"matrix":[-0.2591,0.1969,-0.9456,0,-0.0206,0.9776,0.2093,0,0.9656,0.0737,-0.2493,0,0,0.0336,0,1],"rest":[-0.2591,0.1969,-0.9456,0,-0.0206,0.9776,0.2093,0,0.9656,0.0737,-0.2493,0,0,0.0336,0,1],"parentBoneIndex":12,"length":0.0764},
{"name":"LeftHandFinger1","index":15,"matrix":[0.9952,-0.098,-0.0039,0,0.0952,0.9553,0.2797,0,-0.0237,-0.2788,0.9601,0,0,0.0764,0,1],"rest":[0.9952,-0.098,-0.0039,0,0.0952,0.9553,0.2797,0,-0.0237,-0.2788,0.9601,0,0,0.0764,0,1],"parentBoneIndex":14,"length":0.0266},
{"name":"Neck","index":16,"matrix":[0.9999,0.0158,0.0021,0,-0.0158,0.9993,0.0341,0,-0.0016,-0.0341,0.9994,0,0,0.2094,0,1],"rest":[0.9999,0.0158,0.0021,0,-0.0158,0.9993,0.0341,0,-0.0016,-0.0341,0.9994,0,0,0.2094,0,1],"parentBoneIndex":8,"length":0.0467},
{"name":"Head","index":17,"matrix":[0.9987,-0.0246,-0.0439,0,0.0109,0.9574,-0.2884,0,0.0491,0.2876,0.9565,0,0,0.0467,0,1],"rest":[0.9987,-0.0246,-0.0439,0,0.0109,0.9574,-0.2884,0,0.0491,0.2876,0.9565,0,0,0.0467,0,1],"parentBoneIndex":16,"length":0.1932},
{"name":"jaw","index":18,"matrix":[0.9991,-0.0038,0.043,0,-0.0394,-0.489,0.8714,0,0.0177,-0.8722,-0.4887,0,-0.0018,0.0245,0.0274,1],"rest":[0.9991,-0.0038,0.043,0,-0.0394,-0.489,0.8714,0,0.0177,-0.8722,-0.4887,0,-0.0018,0.0245,0.0274,1],"parentBoneIndex":17,"length":0.0676},
{"name":"upper lip","index":19,"matrix":[0.9991,-0.0038,0.043,0,0.0069,0.9974,-0.0717,0,-0.0427,0.0719,0.9965,0,-0.0053,0.0242,0.1082,1],"rest":[0.9991,-0.0038,0.043,0,0.0069,0.9974,-0.0717,0,-0.0427,0.0719,0.9965,0,-0.0053,0.0242,0.1082,1],"parentBoneIndex":17,"length":0.0183},
{"name":"mouth_l","index":20,"matrix":[0.9991,-0.0038,0.043,0,0.0069,0.9974,-0.0717,0,-0.0427,0.0719,0.9965,0,0.0224,0.0192,0.1017,1],"rest":[0.9991,-0.0038,0.043,0,0.0069,0.9974,-0.0717,0,-0.0427,0.0719,0.9965,0,0.0224,0.0192,0.1017,1],"parentBoneIndex":17,"length":0.0138},
{"name":"mouth.r","index":21,"matrix":[0.9991,-0.0038,0.043,0,0.0069,0.9974,-0.0717,0,-0.0427,0.0719,0.9965,0,-0.0302,0.0195,0.096,1],"rest":[0.9991,-0.0038,0.043,0,0.0069,0.9974,-0.0717,0,-0.0427,0.0719,0.9965,0,-0.0302,0.0195,0.096,1],"parentBoneIndex":17,"length":0.0133},
{"name":"RightShoulder","index":22,"matrix":[-0.1615,0.8784,-0.4498,0,-0.986,-0.1631,0.0356,0,-0.0421,0.4492,0.8924,0,-0.0185,0.1451,0.0301,1],"rest":[-0.1615,0.8784,-0.4498,0,-0.986,-0.1631,0.0356,0,-0.0421,0.4492,0.8924,0,-0.0185,0.1451,0.0301,1],"parentBoneIndex":8,"length":0.1712},
{"name":"RightArm","index":23,"matrix":[0.776,0.6296,0.0367,0,-0.6261,0.776,-0.076,0,-0.0764,0.036,0.9964,0,0,0.1712,0,1],"rest":[0.776,0.6296,0.0367,0,-0.6261,0.776,-0.076,0,-0.0764,0.036,0.9964,0,0,0.1712,0,1],"parentBoneIndex":22,"length":0.2283},
{"name":"RightForeArm","index":24,"matrix":[1,-0.0089,0.0002,0,0.0061,0.6996,0.7145,0,-0.0065,-0.7145,0.6996,0,0,0.2283,0,1],"rest":[1,-0.0089,0.0002,0,0.0061,0.6996,0.7145,0,-0.0065,-0.7145,0.6996,0,0,0.2283,0,1],"parentBoneIndex":23,"length":0.2327},
{"name":"RightHand","index":25,"matrix":[0.9923,0.1171,0.0391,0,-0.1223,0.9757,0.182,0,-0.0168,-0.1853,0.9825,0,0,0.2327,0,1],"rest":[0.9923,0.1171,0.0391,0,-0.1223,0.9757,0.182,0,-0.0168,-0.1853,0.9825,0,0,0.2327,0,1],"parentBoneIndex":24,"length":0.0336},
{"name":"RThumb","index":26,"matrix":[-0.5983,-0.7991,-0.0586,0,-0.6679,0.4569,0.5875,0,-0.4427,0.3907,-0.8071,0,-0.0015,0.041,0.021,1],"rest":[-0.5983,-0.7991,-0.0586,0,-0.6679,0.4569,0.5875,0,-0.4427,0.3907,-0.8071,0,-0.0015,0.041,0.021,1],"parentBoneIndex":25,"length":0.0316},
{"name":"RightFingerBase","index":27,"matrix":[-0.2591,-0.1969,0.9456,0,0.0206,0.9776,0.2093,0,-0.9656,0.0737,-0.2493,0,0,0.0336,0,1],"rest":[-0.2591,-0.1969,0.9456,0,0.0206,0.9776,0.2093,0,-0.9656,0.0737,-0.2493,0,0,0.0336,0,1],"parentBoneIndex":25,"length":0.0764},
{"name":"RightHandFinger1","index":28,"matrix":[0.9952,0.098,0.0039,0,-0.0952,0.9553,0.2797,0,0.0237,-0.2788,0.9601,0,0,0.0764,0,1],"rest":[0.9952,0.098,0.0039,0,-0.0952,0.9553,0.2797,0,0.0237,-0.2788,0.9601,0,0,0.0764,0,1],"parentBoneIndex":27,"length":0.0266},
{"name":"RHipJoint","index":29,"matrix":[-0.1209,-0.0342,0.9921,0,-0.9904,-0.0632,-0.1228,0,0.0669,-0.9974,-0.0262,0,0,0,0,1],"rest":[-0.1209,-0.0342,0.9921,0,-0.9904,-0.0632,-0.1228,0,0.0669,-0.9974,-0.0262,0,0,0,0,1],"parentBoneIndex":0,"length":0.1021},
{"name":"RightUpLeg","index":30,"matrix":[-0.2001,-0.9648,0.1705,0,-0.3114,0.2277,0.9226,0,-0.929,0.1315,-0.346,0,0,0.1021,0,1],"rest":[-0.2001,-0.9648,0.1705,0,-0.3114,0.2277,0.9226,0,-0.929,0.1315,-0.346,0,0,0.1021,0,1],"parentBoneIndex":29,"length":0.322},
{"name":"RightLeg","index":31,"matrix":[0.9996,-0.0274,-0.0103,0,0.0283,0.9943,0.1032,0,0.0075,-0.1034,0.9946,0,0,0.322,0,1],"rest":[0.9996,-0.0274,-0.0103,0,0.0283,0.9943,0.1032,0,0.0075,-0.1034,0.9946,0,0,0.322,0,1],"parentBoneIndex":30,"length":0.4212},
{"name":"RightFoot","index":32,"matrix":[0.9961,0.024,-0.0849,0,-0.0882,0.2708,-0.9586,0,0,0.9623,0.2718,0,0,0.4212,0,1],"rest":[0.9961,0.024,-0.0849,0,-0.0882,0.2708,-0.9586,0,0,0.9623,0.2718,0,0,0.4212,0,1],"parentBoneIndex":31,"length":0.1407},
{"name":"RightToeBase","index":33,"matrix":[0.9982,-0.0594,0.0075,0,0.0599,0.9841,-0.1671,0,0.0026,0.1673,0.9859,0,0,0.1407,0,1],"rest":[0.9982,-0.0594,0.0075,0,0.0599,0.9841,-0.1671,0,0.0026,0.1673,0.9859,0,0,0.1407,0,1],"parentBoneIndex":32,"length":0.0197}]}],
"meshes":[{"name":"Cube","id":"Cube","billboardMode":0,"position":[0,0,0],"rotation":[0,0,0],"scaling":[0.1,0.1,0.1],"isVisible":false,"freezeWorldMatrix":false,"isEnabled":true,"checkCollisions":false,"receiveShadows":false,"tags":""
,"positions":[-1,1,1,-1,-1,1,-1,-1,-1,1,1,1,1,-1,1,1,1,-1,1,-1,-1,-1,1,-1]
,"normals":[-0.5773,0.5773,0.5773,-0.5773,-0.5773,0.5773,-0.5773,-0.5773,-0.5773,0.5773,0.5773,0.5773,0.5773,-0.5773,0.5773,0.5773,0.5773,-0.5773,0.5773,-0.5773,-0.5773,-0.5773,0.5773,-0.5773]
,"indices":[0,1,2,3,4,1,5,6,4,7,2,6,1,4,6,3,0,7,7,0,2,0,3,1,3,5,4,5,7,6,2,1,6,5,3,7]
,"subMeshes":[{"materialIndex":0,"verticesStart":0,"verticesCount":8,"indexStart":0,"indexCount":36}]
,"instances":[]}
,{"name":"lower teeth","id":"lower teeth","materialId":"boris1o.Boris_skin","billboardMode":0,"position":[0,0,0],"rotation":[0,0,0],"scaling":[1,1,1],"isVisible":true,"freezeWorldMatrix":false,"isEnabled":true,"checkCollisions":false,"receiveShadows":false,"tags":"","skeletonId":0,"numBoneInfluencers":3
,"positions":[0.0169,1.3909,-0.1173,0.0173,1.3938,-0.1176,0.0206,1.3939,-0.1048,0.0209,1.3912,-0.1043,0.0208,1.3951,-0.0932,0.0209,1.3904,-0.0931,0.0269,1.3947,-0.0927,0.0276,1.3856,-0.1042,0.0264,1.3864,-0.0922,0.0288,1.3941,-0.1045,0.0239,1.3935,-0.1183,0.0116,1.3926,-0.1267,-0.0014,1.3927,-0.1295,-0.0014,1.3929,-0.131,0.0124,1.3926,-0.1279,-0.0198,1.3909,-0.1173,-0.0237,1.3912,-0.1043
,-0.0234,1.3939,-0.1048,-0.0238,1.3904,-0.0931,-0.0236,1.3951,-0.0932,-0.0238,1.3904,-0.0931,-0.0292,1.3864,-0.0922,-0.0297,1.3947,-0.0927,-0.0293,1.3856,-0.1042,-0.0305,1.3941,-0.1057,-0.0252,1.3935,-0.1194,-0.0144,1.3926,-0.1267,-0.0152,1.3926,-0.1279,-0.0243,1.3848,-0.1179,-0.0202,1.3938,-0.1176,-0.0014,1.384,-0.1297,0.0122,1.3843,-0.1267,-0.0014,1.3878,-0.1288,-0.0138,1.3881,-0.1262
,0.011,1.3881,-0.1262,-0.0151,1.3843,-0.1267,0.0122,1.3843,-0.1267,0.0231,1.3848,-0.1179,-0.0151,1.3843,-0.1267,0.0209,1.3904,-0.0931,-0.0238,1.3904,-0.0931]
,"normals":[-0.9066,0.1505,0.3941,-0.541,0.8223,0.1765,-0.7051,0.7041,0.084,-0.9883,-0.0661,0.1375,-0.577,0.6346,0.514,-0.6075,0.0208,0.794,0.546,0.5829,0.6016,0.9877,-0.1242,-0.0951,0.785,-0.0088,0.6194,0.7887,0.6073,-0.0954,0.6601,0.5914,-0.4631,-0.3452,0.8457,0.407,0,0.7523,0.6588,0,0.6522,-0.758,0.3302,0.5805,-0.7443,0.9066,0.1505,0.3941,0.9883,-0.0661,0.1375
,0.7091,0.6999,0.0855,0.6075,0.0208,0.794,0.577,0.6346,0.514,0.6075,0.0208,0.794,-0.8264,-0.0147,0.5629,-0.5788,0.5746,0.5786,-0.9799,-0.152,-0.1294,-0.7759,0.6119,-0.1533,-0.6587,0.5765,-0.4835,0.3452,0.8457,0.407,-0.3389,0.5778,-0.7424,-0.8254,-0.1816,-0.5345,0.5407,0.821,0.1832,0,-0.1494,-0.9888,0.4335,-0.1358,-0.8909,0,0.1453,0.9894,0.5264,0.1653,0.834
,-0.5264,0.1653,0.834,-0.4544,-0.1487,-0.8783,0.4335,-0.1358,-0.8909,0.8172,-0.1113,-0.5654,-0.4544,-0.1487,-0.8783,-0.6075,0.0208,0.794,0.6075,0.0208,0.794]
,"uvs":[0.143,0.7358,0.1442,0.7323,0.1596,0.7371,0.1602,0.7408,0.1687,0.7358,0.1735,0.7376,0.169,0.733,0.1684,0.7207,0.1778,0.7313,0.1613,0.7299,0.1462,0.7266,0.1311,0.7273,0.1154,0.726,0.1154,0.7242,0.1322,0.7245,0.0879,0.7358,0.0707,0.7408,0.0713,0.7371,0.0574,0.7376,0.0622,0.7358,0.0574,0.7376,0.0531,0.7313,0.0619,0.733,0.0625,0.7207,0.0696,0.7299
,0.0847,0.7266,0.0998,0.7273,0.0987,0.7245,0.0817,0.7142,0.0867,0.7323,0.1154,0.7117,0.1324,0.7126,0.1154,0.7326,0.1014,0.7333,0.1295,0.7333,0.0985,0.7126,0.1324,0.7126,0.1492,0.7142,0.0985,0.7126,0.1735,0.7376,0.0574,0.7376]
,"colors":[1,1,1,1,1,1,1,1,1,1,1,1,1,1,1,1,1,1,1,1,1,1,1,1,1,1,1,1,1,1,1,1,1,1,1,1,1,1,1,1,1,1,1,1,1,1,1,1,1,1
,1,1,1,1,1,1,1,1,1,1,1,1,1,1,1,1,1,1,1,1,1,1,0.9961,0.9961,0.9961,1,1,1,1,1,1,1,1,1,1,1,1,1,1,1,1,1,1,1,1,1,1,1,1,1
,1,1,1,1,1,1,1,1,1,1,1,1,0.9961,0.9961,0.9961,1,1,1,1,1,1,1,1,1,0.9961,0.9961,0.9961,1,1,1,1,1,1,1,1,1,1,1,1,1,1,1,1,1,1,1,1,1,0.9961,0.9961
,0.9961,1,0.9961,0.9961,0.9961,1,0.9961,0.9961,0.9961,1,1,1,1,1]
,"matricesWeights":[0.1916,0.7239,0.0845,0,0.2932,0.6307,0.0761,0,0.1949,0.7541,0.051,0,0.2378,0.7163,0.0459,0,0.2611,0.707,0.0319,0,0.1692,0.7948,0.036,0,0.1953,0.7698,0.035,0,0.2363,0.6964,0.0673,0,0.1848,0.7734,0.0418,0,0.1653,0.7773,0.0574,0,0.2665,0.6439,0.0896,0,0.1608,0.6488,0.1905,0,0.2734,0.3073
,0.4193,0,0.2885,0.3005,0.411,0,0.2314,0.5876,0.181,0,0.0457,0.0271,0.9272,0,0.2843,0.7157,0,0,0.2983,0.7017,0,0,0.1895,0.8105,0,0,0.2684,0.7316,0,0,0.1895,0.8105,0,0,0.1853,0.8147,0,0,0.2288,0.7712,0,0,0.2426,0.0016,0.7558,0,0.2423,0.7577,0,0
,0.2154,0.0371,0.7475,0,0.2124,0.0995,0.6881,0,0.2184,0.0997,0.682,0,0.2583,0.0616,0.68,0,0.2725,0.0215,0.6918,0,0.2269,0.3254,0.4477,0,0.2723,0.518,0.2097,0,0.3173,0.2902,0.3926,0,0.278,0.099,0.623,0,0.0721,0.7128,0.2152,0,0.1912,0.1372,0.6715,0,0.2723,0.518,0.2097,0,0.2117,0.6638
,0.1244,0,0.1912,0.1372,0.6715,0,0.1692,0.7948,0.036,0,0.1895,0.8105,0,0]
,"matricesIndices":[1381394,1381394,1381394,1381394,1381394,1381394,1381394,1381394,1381394,1381394,1381394,1381394,1381394,1381394,1381394,1381394,5394,5394,5394,5394,5394,5394,5394,1381394,5394,1381394,1381394,1381394,1381394,1381394,1381394,1381394,1381394,1381394,1381394,1381394,1381394,1381394,1381394,1381394,5394]
,"indices":[0,1,2,3,2,4,5,4,6,7,8,6,2,9,6,2,1,10,11,12,13,7,9,10,1,11,14,15,16,17,16,18,19,20,21,22,23,24,22,22,24,17,17,24,25,26,27,13,28,25
,24,29,25,27,30,31,14,12,32,33,12,11,34,25,28,35,14,36,37,27,38,30,11,1,0,26,33,15,3,0,2,39,3,4,8,5,6,9,7,6,4,2,6,9,2,10,14,11,13,37
,7,10,10,1,14,29,15,17,17,16,19,19,40,22,21,23,22,19,22,17,29,17,25,12,26,13,23,28,24,26,29,27,13,30,14,26,12,33,32,12,34,27,25,35,10,14,37,13,27,30
,34,11,0,29,26,15]
,"subMeshes":[{"materialIndex":0,"verticesStart":0,"verticesCount":41,"indexStart":0,"indexCount":156}]
,"instances":[]}
,{"name":"Boris02:M_suit_01","id":"Boris02:M_suit_01","materialId":"boris1o.suit","billboardMode":0,"position":[0,0,0],"rotation":[0,0,0],"scaling":[1,1,1],"isVisible":true,"freezeWorldMatrix":false,"isEnabled":true,"checkCollisions":false,"receiveShadows":false,"tags":"","skeletonId":0,"numBoneInfluencers":7
,"positions":[-0.0227,0.8421,-0.1694,-0.0217,0.84,-0.1698,-0.0212,0.8401,-0.1694,-0.0286,0.8358,-0.1669,-0.0285,0.8356,-0.1663,-0.0248,0.8363,-0.1677,-0.036,0.8397,-0.1653,-0.0362,0.8397,-0.1646,-0.0351,0.8377,-0.1645,-0.0223,0.8423,-0.1688,-0.0251,0.8439,-0.1679,-0.0326,0.8433,-0.1667,-0.029,0.8441,-0.1672,-0.0288,0.8444,-0.1666,-0.0251,0.8365,-0.1683,-0.0222,0.8382,-0.169,-0.0349,0.8378,-0.1652
,-0.0323,0.8361,-0.1651,-0.0254,0.8436,-0.1684,-0.0352,0.8418,-0.1657,-0.0327,0.8435,-0.166,-0.0226,0.8383,-0.1696,-0.0322,0.8363,-0.1658,-0.0353,0.8419,-0.165,-0.0355,0.8397,-0.1653,-0.0347,0.8416,-0.1657,-0.032,0.8365,-0.1658,-0.0222,0.84,-0.1695,-0.023,0.838,-0.1693,-0.0324,0.8431,-0.1666,-0.0256,0.8434,-0.1682,-0.0345,0.838,-0.1653,-0.0253,0.8368,-0.1681,-0.0289,0.8439,-0.1671
,-0.0231,0.842,-0.1691,-0.0286,0.8361,-0.1669,-0.032,0.8408,-0.166,-0.0319,0.8428,-0.1662,-0.0341,0.8415,-0.1654,-0.0269,0.8418,-0.1673,-0.0288,0.8435,-0.1666,-0.0235,0.8418,-0.1684,-0.0258,0.8431,-0.1677,-0.0339,0.8382,-0.165,-0.0305,0.8383,-0.1661,-0.0255,0.8389,-0.168,-0.0227,0.84,-0.1688,-0.0316,0.8369,-0.1655,-0.0285,0.8365,-0.1665,-0.0256,0.8371,-0.1676,-0.0234,0.8382,-0.1687
,-0.0226,0.84,-0.1689,-0.0255,0.837,-0.1677,-0.0286,0.8364,-0.1665,-0.0349,0.8397,-0.1651,-0.0235,0.8419,-0.1686,-0.032,0.8428,-0.1663,-0.0288,0.8436,-0.1667,-0.0234,0.8382,-0.1688,-0.034,0.8382,-0.1651,-0.0257,0.8432,-0.1678,-0.0342,0.8415,-0.1655,-0.0317,0.8368,-0.1656,-0.0348,0.8398,-0.165,0.0143,0.984,-0.2029,0.0148,0.984,-0.2019,0.013,0.9901,-0.202,0.0077,0.9738,-0.2029
,0.0011,0.9722,-0.203,0.0011,0.9717,-0.202,-0.0121,0.984,-0.2032,-0.0127,0.984,-0.2022,-0.0108,0.9778,-0.2022,0.0125,0.9899,-0.203,0.008,0.9946,-0.2021,-0.0055,0.9942,-0.2032,0.0011,0.9958,-0.2032,0.0011,0.9963,-0.2022,0.0125,0.9781,-0.2029,0.008,0.9733,-0.2019,-0.0103,0.9781,-0.2031,-0.0058,0.9733,-0.2021,0.0077,0.9942,-0.2031,-0.0103,0.9899,-0.2032,-0.0058,0.9947,-0.2022
,0.013,0.9778,-0.2019,-0.0055,0.9738,-0.2031,-0.0108,0.9902,-0.2023,-0.0112,0.984,-0.203,-0.0095,0.9895,-0.203,-0.005,0.9745,-0.2028,0.0134,0.984,-0.2027,0.0117,0.9785,-0.2027,-0.005,0.9935,-0.203,0.0072,0.9935,-0.2028,-0.0095,0.9785,-0.2029,0.0072,0.9745,-0.2027,0.0011,0.995,-0.2029,0.0117,0.9895,-0.2028,0.0011,0.973,-0.2028,-0.0045,0.9867,-0.2022,-0.0045,0.9926,-0.2022
,-0.0086,0.989,-0.2022,0.0045,0.9888,-0.2021,0.0011,0.994,-0.2022,0.0107,0.989,-0.202,0.0067,0.9926,-0.2021,-0.0086,0.979,-0.2022,-0.0023,0.9791,-0.2021,0.0067,0.9813,-0.202,0.0122,0.984,-0.202,-0.0045,0.9754,-0.2021,0.0011,0.974,-0.202,0.0066,0.9754,-0.202,0.0107,0.979,-0.2019,0.0124,0.984,-0.2021,0.0067,0.9752,-0.2021,0.0011,0.9739,-0.2021,-0.0102,0.984,-0.2023
,0.0109,0.9891,-0.2022,-0.0046,0.9928,-0.2023,0.0011,0.9941,-0.2023,0.0109,0.9789,-0.2021,-0.0087,0.9789,-0.2023,0.0068,0.9928,-0.2022,-0.0087,0.9891,-0.2024,-0.0046,0.9752,-0.2022,-0.0101,0.984,-0.2022,-0.0108,0.9778,-0.2015,0.008,0.9946,-0.2014,-0.0058,0.9947,-0.2015,0.013,0.9778,-0.2012,0.0148,0.984,-0.2012,-0.0058,0.9733,-0.2014,0.0011,0.9717,-0.2013,-0.0108,0.9902,-0.2015
,0.013,0.9901,-0.2013,0.0079,0.9733,-0.2012,-0.0127,0.984,-0.2015,0.0011,0.9963,-0.2015,0.0039,0.9029,-0.2036,0.0044,0.903,-0.2026,0.0009,0.9061,-0.2043,0.0033,0.8978,-0.2004,-0.0004,0.897,-0.1998,-0.0001,0.8968,-0.1986,-0.01,0.9,-0.2012,-0.0133,0.903,-0.2028,-0.0136,0.903,-0.2018,0.0006,0.9059,-0.2052,-0.004,0.9084,-0.2055,-0.0127,0.9081,-0.206,-0.009,0.9089,-0.2066
,-0.0091,0.9092,-0.2057,0.0038,0.8976,-0.1993,0.0054,0.8999,-0.2007,-0.0053,0.8978,-0.2001,-0.0101,0.8999,-0.2001,-0.0041,0.9081,-0.2063,-0.0143,0.906,-0.2046,-0.013,0.9084,-0.2051,0.0049,0.9,-0.2018,-0.0052,0.8976,-0.1989,-0.0146,0.9062,-0.2036,-0.0136,0.9058,-0.2043,-0.0007,0.8974,-0.1998,-0.0052,0.8982,-0.2,0.0043,0.9002,-0.2017,-0.0121,0.9078,-0.2056,-0.0087,0.9085,-0.2061
,-0.0041,0.9078,-0.2059,-0.0096,0.9002,-0.2011,0.0028,0.8982,-0.2004,0.0003,0.9057,-0.2049,-0.0127,0.903,-0.2026,0.0033,0.903,-0.2033,-0.0092,0.9044,-0.2028,-0.0114,0.9074,-0.2045,-0.0127,0.9056,-0.2033,-0.0042,0.9055,-0.2037,-0.0082,0.9081,-0.2051,-0.0001,0.9055,-0.2039,-0.0041,0.9074,-0.2048,-0.0091,0.9005,-0.2005,-0.005,0.9006,-0.2007,0.0001,0.9016,-0.2016,0.0027,0.903,-0.2025
,-0.0051,0.8987,-0.1995,-0.001,0.898,-0.1993,0.0022,0.8986,-0.1998,0.0035,0.9005,-0.201,0,0.9056,-0.2041,0.0028,0.903,-0.2026,0.0023,0.8986,-0.1999,-0.0009,0.8979,-0.1994,-0.012,0.903,-0.202,-0.0041,0.9074,-0.205,-0.0115,0.9075,-0.2047,-0.0083,0.9081,-0.2052,0.0036,0.9004,-0.2011,-0.0092,0.9005,-0.2006,-0.0051,0.8986,-0.1996,-0.0129,0.9056,-0.2035,-0.0119,0.903,-0.2019
,-0.0101,0.9,-0.1993,-0.0039,0.9084,-0.2047,-0.009,0.9093,-0.205,-0.0129,0.9085,-0.2043,0.0055,0.8999,-0.2,0.0045,0.903,-0.2018,-0.0051,0.8977,-0.1981,-0.0145,0.9062,-0.2029,0.001,0.9061,-0.2035,0,0.8968,-0.1979,0.0039,0.8977,-0.1985,-0.0135,0.9031,-0.201,-0.035,0.8377,-0.164,-0.0322,0.8361,-0.1647,-0.025,0.8439,-0.1674,-0.0326,0.8435,-0.1655,-0.0221,0.8382,-0.1685
,-0.0212,0.8401,-0.1689,-0.0284,0.8356,-0.1658,-0.0353,0.8419,-0.1645,-0.0247,0.8363,-0.1673,-0.0361,0.8398,-0.1641,-0.0222,0.8423,-0.1684,-0.0288,0.8444,-0.1662,-0.4897,0.9389,-0.1224,-0.4891,0.9388,-0.123,-0.4895,0.9429,-0.1221,-0.4835,0.9305,-0.1165,-0.4827,0.9301,-0.1168,-0.4852,0.9314,-0.12,-0.4806,0.9341,-0.1112,-0.4809,0.938,-0.1104,-0.48,0.9379,-0.1104,-0.49,0.9428,-0.1215
,-0.4885,0.9457,-0.1198,-0.4846,0.9451,-0.1133,-0.4871,0.9464,-0.1163,-0.4864,0.9466,-0.1166,-0.4859,0.9318,-0.1195,-0.4876,0.9346,-0.1222,-0.4815,0.9314,-0.1135,-0.4796,0.9338,-0.1113,-0.489,0.9455,-0.1193,-0.4824,0.9421,-0.1111,-0.4839,0.9453,-0.1135,-0.4882,0.9348,-0.1216,-0.4806,0.931,-0.1137,-0.4815,0.9421,-0.1112,-0.4824,0.9418,-0.1115,-0.4816,0.9318,-0.1137,-0.4892,0.9388,-0.122
,-0.4878,0.9351,-0.1214,-0.4845,0.9446,-0.1136,-0.4886,0.945,-0.1192,-0.4807,0.9344,-0.1117,-0.4857,0.9322,-0.1193,-0.4868,0.9458,-0.1163,-0.4895,0.9424,-0.1212,-0.481,0.938,-0.1109,-0.4834,0.9311,-0.1166,-0.4829,0.94,-0.1141,-0.484,0.944,-0.1141,-0.4821,0.9414,-0.1123,-0.4864,0.9418,-0.1183,-0.4861,0.945,-0.1166,-0.4885,0.942,-0.1211,-0.4877,0.9443,-0.1192,-0.4825,0.9348,-0.1152
,-0.4808,0.938,-0.1116,-0.4859,0.9366,-0.1195,-0.4882,0.9387,-0.1218,-0.4814,0.9324,-0.1143,-0.483,0.9316,-0.1168,-0.4851,0.9327,-0.1194,-0.487,0.9353,-0.1212,-0.4887,0.9421,-0.1211,-0.4884,0.9387,-0.1219,-0.4852,0.9326,-0.1194,-0.4831,0.9315,-0.1168,-0.4809,0.938,-0.1115,-0.4879,0.9444,-0.1192,-0.4862,0.9452,-0.1166,-0.4871,0.9353,-0.1212,-0.4806,0.9346,-0.1122,-0.4841,0.9441,-0.114
,-0.4814,0.9323,-0.1142,-0.4821,0.9415,-0.1121,-0.4805,0.9347,-0.1124,-0.4791,0.9338,-0.1116,-0.4879,0.9457,-0.12,-0.4834,0.9452,-0.1137,-0.487,0.9345,-0.1225,-0.4886,0.9387,-0.1233,-0.4801,0.9309,-0.1139,-0.4821,0.93,-0.1171,-0.481,0.942,-0.1115,-0.4889,0.9428,-0.1224,-0.4847,0.9313,-0.1202,-0.4794,0.9378,-0.1107,-0.4859,0.9466,-0.1169,-0.4812,0.9464,-0.1086,-0.4807,0.9462,-0.1093
,-0.4814,0.9505,-0.109,-0.4739,0.9395,-0.1021,-0.4731,0.939,-0.1025,-0.4759,0.9396,-0.1055,-0.471,0.9442,-0.0979,-0.4717,0.9483,-0.0976,-0.4708,0.9482,-0.0978,-0.4818,0.9505,-0.1084,-0.4806,0.9538,-0.1073,-0.4763,0.9546,-0.1012,-0.479,0.9552,-0.1041,-0.4785,0.9554,-0.1046,-0.4766,0.9401,-0.105,-0.4787,0.9423,-0.108,-0.4718,0.941,-0.0995,-0.4701,0.944,-0.098,-0.4811,0.9537,-0.1067
,-0.4736,0.9521,-0.0988,-0.4756,0.9548,-0.1016,-0.4793,0.9426,-0.1074,-0.4709,0.9406,-0.0998,-0.4728,0.9522,-0.0991,-0.4737,0.9517,-0.0992,-0.472,0.9414,-0.0998,-0.4807,0.9464,-0.1083,-0.4789,0.9429,-0.1072,-0.4762,0.9541,-0.1014,-0.4806,0.9532,-0.1066,-0.4712,0.9444,-0.0983,-0.4764,0.9405,-0.105,-0.4787,0.9546,-0.1041,-0.4813,0.9502,-0.1081,-0.4719,0.9482,-0.0981,-0.4739,0.94,-0.1023
,-0.4742,0.9495,-0.1014,-0.4756,0.9534,-0.1019,-0.4734,0.9512,-0.0999,-0.478,0.9503,-0.1055,-0.4779,0.9539,-0.1044,-0.4803,0.9499,-0.108,-0.4797,0.9526,-0.1066,-0.4733,0.9441,-0.1017,-0.4717,0.948,-0.0989,-0.4772,0.9449,-0.1058,-0.4798,0.9464,-0.1082,-0.4719,0.9419,-0.1005,-0.4736,0.9406,-0.1027,-0.4759,0.9411,-0.1051,-0.4782,0.9432,-0.1071,-0.4805,0.9499,-0.108,-0.4799,0.9464,-0.1082
,-0.476,0.941,-0.1051,-0.4736,0.9405,-0.1026,-0.4718,0.948,-0.0987,-0.4798,0.9527,-0.1066,-0.4781,0.954,-0.1043,-0.4783,0.9432,-0.1072,-0.4712,0.9445,-0.0989,-0.4757,0.9535,-0.1018,-0.4719,0.9418,-0.1004,-0.4734,0.9513,-0.0998,-0.4712,0.9446,-0.0991,-0.4696,0.9439,-0.0983,-0.4801,0.9538,-0.1076,-0.4751,0.9547,-0.1019,-0.4782,0.9422,-0.1083,-0.4802,0.9462,-0.1096,-0.4704,0.9405,-0.1001
,-0.4726,0.9389,-0.1028,-0.4723,0.9521,-0.0994,-0.4809,0.9504,-0.1093,-0.4754,0.9395,-0.1058,-0.4703,0.9481,-0.0981,-0.478,0.9554,-0.1049,-0.4717,0.9575,-0.0959,-0.4713,0.9575,-0.0966,-0.4715,0.9616,-0.0956,-0.4643,0.9489,-0.0908,-0.4635,0.9485,-0.0913,-0.4666,0.95,-0.0941,-0.4606,0.9523,-0.0859,-0.4609,0.9562,-0.085,-0.46,0.9561,-0.0852,-0.4719,0.9614,-0.095,-0.4702,0.9643,-0.0934
,-0.4653,0.9634,-0.0874,-0.4682,0.9648,-0.0901,-0.4677,0.9651,-0.0905,-0.4672,0.9503,-0.0935,-0.4695,0.9533,-0.096,-0.4618,0.9497,-0.088,-0.4597,0.9521,-0.0861,-0.4707,0.9641,-0.0929,-0.4626,0.9603,-0.0856,-0.4646,0.9637,-0.0877,-0.4699,0.9535,-0.0953,-0.461,0.9493,-0.0884,-0.4618,0.9604,-0.0858,-0.4611,0.9562,-0.0855,-0.4627,0.96,-0.086,-0.462,0.9501,-0.0883,-0.4711,0.9575,-0.0956
,-0.4696,0.9537,-0.0951,-0.4652,0.963,-0.0877,-0.4702,0.9636,-0.0928,-0.4608,0.9526,-0.0863,-0.467,0.9508,-0.0934,-0.468,0.9643,-0.0902,-0.4714,0.9611,-0.0948,-0.4643,0.9495,-0.0909,-0.4636,0.9584,-0.0884,-0.4648,0.9624,-0.0883,-0.4625,0.9597,-0.0867,-0.4678,0.9604,-0.0922,-0.4673,0.9635,-0.0906,-0.4704,0.9607,-0.0947,-0.4694,0.9629,-0.0929,-0.4633,0.9532,-0.0897,-0.461,0.9563,-0.0863
,-0.4674,0.9552,-0.0934,-0.4702,0.9574,-0.0955,-0.4619,0.9507,-0.0888,-0.4639,0.9501,-0.0912,-0.4664,0.9513,-0.0934,-0.4687,0.9539,-0.095,-0.4706,0.9607,-0.0947,-0.4703,0.9574,-0.0955,-0.4665,0.9512,-0.0934,-0.464,0.95,-0.0911,-0.4611,0.9563,-0.0861,-0.4695,0.963,-0.0929,-0.4674,0.9637,-0.0905,-0.4689,0.9539,-0.095,-0.4608,0.9529,-0.0869,-0.4649,0.9625,-0.0882,-0.4619,0.9506,-0.0887
,-0.4625,0.9597,-0.0866,-0.4608,0.953,-0.087,-0.4592,0.952,-0.0865,-0.4698,0.9643,-0.0937,-0.4641,0.9636,-0.088,-0.469,0.9532,-0.0963,-0.4708,0.9574,-0.0969,-0.4605,0.9492,-0.0887,-0.4631,0.9485,-0.0916,-0.4613,0.9603,-0.0861,-0.4711,0.9615,-0.0959,-0.4662,0.9499,-0.0944,-0.4595,0.9561,-0.0855,-0.4672,0.9651,-0.0908,-0.4619,0.9669,-0.0826,-0.4615,0.9669,-0.0833,-0.4615,0.9708,-0.082
,-0.4547,0.9576,-0.0782,-0.454,0.9572,-0.0786,-0.4572,0.959,-0.0813,-0.4506,0.9603,-0.0731,-0.4507,0.964,-0.0719,-0.4498,0.9639,-0.0721,-0.4619,0.9706,-0.0814,-0.46,0.9733,-0.0796,-0.4548,0.9715,-0.0738,-0.4578,0.9733,-0.0763,-0.4572,0.9736,-0.0767,-0.4578,0.9594,-0.0807,-0.4599,0.9626,-0.083,-0.4521,0.9579,-0.0754,-0.4497,0.96,-0.0733,-0.4604,0.973,-0.0791,-0.4522,0.9681,-0.0721
,-0.4541,0.9718,-0.074,-0.4604,0.9628,-0.0823,-0.4513,0.9576,-0.0757,-0.4514,0.9682,-0.0723,-0.4509,0.9641,-0.0723,-0.4523,0.968,-0.0726,-0.4523,0.9585,-0.0756,-0.4613,0.9668,-0.0823,-0.4599,0.9629,-0.0821,-0.4547,0.9711,-0.0741,-0.46,0.9724,-0.0791,-0.4509,0.9606,-0.0734,-0.4575,0.9598,-0.0806,-0.4575,0.9728,-0.0765,-0.4614,0.9702,-0.0812,-0.4547,0.9581,-0.0782,-0.4534,0.9666,-0.0751
,-0.4544,0.9706,-0.0747,-0.4521,0.9677,-0.0734,-0.4577,0.9691,-0.0788,-0.4569,0.972,-0.0769,-0.4604,0.9698,-0.0812,-0.4591,0.9718,-0.0793,-0.4534,0.9617,-0.0767,-0.4509,0.9642,-0.0731,-0.4577,0.9642,-0.0803,-0.4604,0.9666,-0.0822,-0.4521,0.959,-0.0761,-0.4543,0.9588,-0.0785,-0.4569,0.9603,-0.0806,-0.4591,0.9631,-0.082,-0.4606,0.9698,-0.0812,-0.4606,0.9666,-0.0822,-0.457,0.9602,-0.0806
,-0.4544,0.9587,-0.0784,-0.4509,0.9642,-0.073,-0.4593,0.9719,-0.0792,-0.457,0.9722,-0.0768,-0.4592,0.9631,-0.082,-0.4509,0.961,-0.074,-0.4544,0.9706,-0.0746,-0.4521,0.9589,-0.076,-0.4522,0.9677,-0.0732,-0.4509,0.961,-0.0741,-0.4493,0.96,-0.0736,-0.4595,0.9732,-0.0799,-0.4536,0.9717,-0.0744,-0.4595,0.9626,-0.0833,-0.461,0.9669,-0.0836,-0.4509,0.9575,-0.076,-0.4536,0.9572,-0.079
,-0.4509,0.9682,-0.0727,-0.4611,0.9708,-0.0824,-0.4567,0.959,-0.0816,-0.4493,0.9639,-0.0724,-0.4568,0.9736,-0.077,0.4895,0.9429,-0.1223,0.4891,0.9388,-0.1232,0.4897,0.9389,-0.1226,0.4852,0.9314,-0.1202,0.4826,0.9301,-0.1171,0.4835,0.9305,-0.1167,0.4806,0.9341,-0.1114,0.4796,0.9338,-0.1116,0.4799,0.9379,-0.1107,0.4885,0.9457,-0.12,0.49,0.9428,-0.1217,0.4846,0.9451,-0.1135
,0.4839,0.9453,-0.1137,0.4864,0.9466,-0.1168,0.4876,0.9346,-0.1224,0.4859,0.9318,-0.1197,0.4815,0.9314,-0.1137,0.4806,0.931,-0.1139,0.4871,0.9464,-0.1165,0.4824,0.942,-0.1113,0.4815,0.9421,-0.1114,0.4882,0.9348,-0.1219,0.4809,0.938,-0.1106,0.4824,0.9418,-0.1118,0.4816,0.9318,-0.114,0.4892,0.9388,-0.1223,0.4845,0.9446,-0.1138,0.489,0.9455,-0.1195,0.4886,0.945,-0.1194
,0.4878,0.9351,-0.1216,0.4868,0.9458,-0.1166,0.4807,0.9344,-0.1119,0.4834,0.931,-0.1168,0.4895,0.9424,-0.1215,0.4821,0.9414,-0.1125,0.484,0.944,-0.1143,0.4829,0.94,-0.1143,0.4861,0.945,-0.1168,0.4864,0.9418,-0.1185,0.4877,0.9443,-0.1194,0.4808,0.938,-0.1119,0.4825,0.9348,-0.1154,0.486,0.9366,-0.1197,0.4885,0.942,-0.1213,0.4883,0.9387,-0.122,0.4814,0.9324,-0.1145
,0.4806,0.9347,-0.1126,0.4851,0.9327,-0.1196,0.487,0.9353,-0.1214,0.4887,0.9421,-0.1213,0.4852,0.9326,-0.1196,0.4857,0.9322,-0.1196,0.481,0.938,-0.1111,0.4808,0.938,-0.1117,0.4879,0.9444,-0.1194,0.4862,0.9452,-0.1168,0.4871,0.9353,-0.1214,0.4806,0.9346,-0.1125,0.4841,0.9441,-0.1142,0.4884,0.9387,-0.1221,0.4814,0.9323,-0.1144,0.4821,0.9415,-0.1124,0.4831,0.9315,-0.117
,0.4801,0.9309,-0.1142,0.4791,0.9338,-0.1118,0.4859,0.9465,-0.1171,0.4879,0.9457,-0.1202,0.481,0.942,-0.1117,0.4834,0.9452,-0.1139,0.4886,0.9387,-0.1235,0.487,0.9345,-0.1227,0.4821,0.93,-0.1173,0.4794,0.9378,-0.1109,0.4889,0.9428,-0.1226,0.4847,0.9313,-0.1204,0.4818,0.9505,-0.1091,0.4811,0.9463,-0.1093,0.4816,0.9465,-0.1086,0.4763,0.9397,-0.1055,0.4735,0.9391,-0.1025
,0.4743,0.9395,-0.1021,0.4714,0.9443,-0.0979,0.4705,0.944,-0.0981,0.4712,0.9482,-0.0978,0.481,0.9539,-0.1073,0.4823,0.9505,-0.1084,0.4767,0.9547,-0.1012,0.476,0.9549,-0.1016,0.4789,0.9555,-0.1046,0.4791,0.9423,-0.108,0.477,0.9401,-0.105,0.4722,0.941,-0.0995,0.4713,0.9406,-0.0998,0.4815,0.9537,-0.1068,0.474,0.9521,-0.0989,0.4732,0.9522,-0.0991,0.4797,0.9426,-0.1074
,0.4721,0.9483,-0.0976,0.4741,0.9518,-0.0993,0.4724,0.9415,-0.0999,0.4811,0.9465,-0.1084,0.4766,0.9541,-0.1015,0.4794,0.9552,-0.1041,0.481,0.9533,-0.1066,0.4768,0.9406,-0.105,0.4791,0.9547,-0.1042,0.4717,0.9445,-0.0983,0.4743,0.94,-0.1023,0.4817,0.9503,-0.1081,0.4738,0.9513,-0.0999,0.476,0.9534,-0.102,0.4746,0.9495,-0.1014,0.4784,0.9539,-0.1044,0.4784,0.9504,-0.1055
,0.4801,0.9526,-0.1066,0.4721,0.9481,-0.0989,0.4737,0.9441,-0.1017,0.4776,0.945,-0.1058,0.4807,0.9499,-0.108,0.4802,0.9465,-0.1082,0.4723,0.9419,-0.1005,0.4716,0.9446,-0.0991,0.4763,0.9411,-0.1052,0.4786,0.9433,-0.1072,0.4809,0.95,-0.108,0.4764,0.941,-0.1051,0.4723,0.9482,-0.0981,0.4722,0.9481,-0.0988,0.4802,0.9527,-0.1066,0.4785,0.9541,-0.1044,0.4787,0.9432,-0.1072
,0.4793,0.9429,-0.1072,0.4716,0.9446,-0.099,0.4761,0.9535,-0.1019,0.4803,0.9465,-0.1082,0.4723,0.9418,-0.1004,0.4738,0.9514,-0.0998,0.474,0.9405,-0.1026,0.474,0.9406,-0.1027,0.4709,0.9406,-0.1001,0.47,0.9439,-0.0984,0.4784,0.9554,-0.1049,0.4805,0.9538,-0.1076,0.4727,0.9521,-0.0994,0.4755,0.9548,-0.1019,0.4806,0.9462,-0.1096,0.4786,0.9422,-0.1083,0.473,0.939,-0.1028
,0.4707,0.9482,-0.0981,0.4813,0.9505,-0.1094,0.4758,0.9396,-0.1058,0.4719,0.9616,-0.0957,0.4717,0.9575,-0.0966,0.4721,0.9576,-0.0959,0.467,0.95,-0.0941,0.464,0.9486,-0.0913,0.4647,0.949,-0.0908,0.461,0.9524,-0.0859,0.4601,0.9521,-0.0862,0.4604,0.9562,-0.0852,0.4706,0.9644,-0.0934,0.4723,0.9615,-0.095,0.4657,0.9635,-0.0874,0.465,0.9637,-0.0877,0.4681,0.9652,-0.0905
,0.4699,0.9533,-0.096,0.4677,0.9504,-0.0935,0.4623,0.9497,-0.0881,0.4614,0.9493,-0.0884,0.4687,0.9649,-0.0901,0.463,0.9603,-0.0856,0.4622,0.9604,-0.0858,0.4704,0.9535,-0.0954,0.4613,0.9563,-0.085,0.4615,0.9563,-0.0855,0.4624,0.9502,-0.0883,0.4716,0.9575,-0.0956,0.4656,0.963,-0.0877,0.4711,0.9641,-0.0929,0.4706,0.9636,-0.0928,0.47,0.9537,-0.0951,0.4684,0.9643,-0.0902
,0.4612,0.9527,-0.0863,0.4647,0.9495,-0.0909,0.4718,0.9611,-0.0948,0.4629,0.9597,-0.0868,0.4652,0.9624,-0.0883,0.464,0.9584,-0.0885,0.4677,0.9636,-0.0906,0.4682,0.9604,-0.0923,0.4698,0.963,-0.093,0.4614,0.9563,-0.0863,0.4637,0.9533,-0.0897,0.4679,0.9553,-0.0935,0.4708,0.9607,-0.0948,0.4706,0.9574,-0.0955,0.4623,0.9508,-0.0889,0.4612,0.953,-0.0871,0.4669,0.9513,-0.0935
,0.4691,0.954,-0.095,0.471,0.9608,-0.0948,0.4669,0.9512,-0.0935,0.4674,0.9508,-0.0934,0.4615,0.9563,-0.0862,0.4699,0.9631,-0.0929,0.4678,0.9637,-0.0905,0.4693,0.9539,-0.0951,0.4612,0.953,-0.0869,0.4631,0.9601,-0.086,0.4653,0.9625,-0.0882,0.4708,0.9574,-0.0955,0.4623,0.9507,-0.0888,0.4629,0.9598,-0.0866,0.4644,0.95,-0.0912,0.4643,0.9501,-0.0912,0.4609,0.9493,-0.0887
,0.4596,0.9521,-0.0865,0.4676,0.9651,-0.0909,0.4702,0.9643,-0.0937,0.4617,0.9604,-0.0861,0.4645,0.9637,-0.0881,0.4712,0.9575,-0.0969,0.4694,0.9533,-0.0963,0.4635,0.9485,-0.0916,0.4599,0.9561,-0.0855,0.4715,0.9616,-0.096,0.4666,0.95,-0.0944,0.4619,0.9708,-0.0821,0.4619,0.9669,-0.0833,0.4623,0.9669,-0.0826,0.4576,0.9591,-0.0813,0.4544,0.9572,-0.0787,0.4551,0.9577,-0.0782
,0.4511,0.9604,-0.0731,0.4502,0.9601,-0.0733,0.4502,0.964,-0.0721,0.4604,0.9733,-0.0797,0.4623,0.9707,-0.0814,0.4552,0.9716,-0.0738,0.4545,0.9718,-0.0741,0.4576,0.9737,-0.0767,0.4603,0.9626,-0.083,0.4582,0.9594,-0.0807,0.4525,0.958,-0.0754,0.4517,0.9576,-0.0757,0.4582,0.9734,-0.0763,0.4526,0.9682,-0.0722,0.4518,0.9683,-0.0724,0.4608,0.9628,-0.0824,0.4511,0.9641,-0.0719
,0.4513,0.9642,-0.0724,0.4527,0.9585,-0.0756,0.4618,0.9668,-0.0823,0.4551,0.9712,-0.0741,0.4608,0.973,-0.0791,0.4604,0.9725,-0.0791,0.4603,0.963,-0.0821,0.458,0.9728,-0.0765,0.4513,0.9607,-0.0735,0.4551,0.9582,-0.0782,0.4618,0.9703,-0.0812,0.4526,0.9677,-0.0734,0.4548,0.9706,-0.0748,0.4538,0.9667,-0.0752,0.4573,0.9721,-0.0769,0.4581,0.9692,-0.0788,0.4595,0.9718,-0.0793
,0.4513,0.9642,-0.0732,0.4538,0.9617,-0.0767,0.4581,0.9642,-0.0803,0.4608,0.9698,-0.0812,0.4608,0.9667,-0.0822,0.4525,0.9591,-0.0761,0.4513,0.9611,-0.0742,0.4573,0.9603,-0.0806,0.4595,0.9632,-0.082,0.461,0.9699,-0.0812,0.4574,0.9602,-0.0806,0.4579,0.9598,-0.0806,0.4513,0.9642,-0.073,0.4597,0.9719,-0.0793,0.4574,0.9722,-0.0768,0.4597,0.9631,-0.082,0.4513,0.961,-0.074
,0.4527,0.968,-0.0726,0.4548,0.9707,-0.0746,0.461,0.9667,-0.0822,0.4526,0.959,-0.076,0.4526,0.9678,-0.0732,0.4548,0.9587,-0.0784,0.4513,0.9576,-0.0761,0.4497,0.96,-0.0736,0.4572,0.9736,-0.077,0.4599,0.9733,-0.08,0.4513,0.9682,-0.0727,0.454,0.9718,-0.0744,0.4614,0.9669,-0.0836,0.4599,0.9626,-0.0833,0.454,0.9572,-0.079,0.4497,0.9639,-0.0724,0.4615,0.9708,-0.0824
,0.4571,0.9591,-0.0816,-0.018,1.3067,-0.0736,-0.0186,1.3065,-0.0808,-0.0309,1.3101,-0.0764,-0.0149,1.2863,-0.0873,-0.015,1.2862,-0.0892,0.0157,1.318,-0.0704,0.0156,1.317,-0.0763,0.0273,1.3184,-0.074,-0.0037,1.3155,-0.0729,-0.0175,1.3159,-0.0717,-0.0178,1.3151,-0.0775,-0.031,1.3209,-0.0676,-0.0312,1.3203,-0.0737,-0.0314,1.0245,-0.1901,-0.0337,0.9889,-0.1904,0.0001,0.991,-0.1958
,0.0001,1.0265,-0.1935,0.0341,0.9921,-0.1901,-0.0021,1.2873,-0.0938,-0.0012,1.2832,-0.0993,0.0112,1.2843,-0.0917,0.0001,1.2559,-0.1242,0.0173,1.2566,-0.1161,-0.0136,1.2823,-0.095,-0.0168,1.2545,-0.1162,0.02,1.1843,-0.1577,0.0001,1.1851,-0.1565,0.0001,1.1595,-0.1715,-0.0198,1.1819,-0.1583,-0.0198,1.1572,-0.1713,0.0001,1.1217,-0.1791,0.0001,1.0884,-0.185,0.0248,1.0923,-0.1789
,-0.0204,1.1224,-0.1737,-0.0246,1.0894,-0.1794,0.0206,1.125,-0.1742,-0.0176,1.231,-0.1324,-0.0186,1.2066,-0.1455,0.0001,1.209,-0.1461,0.0001,1.2325,-0.1359,0.019,1.209,-0.1453,0.018,1.2335,-0.1322,0.0001,1.0593,-0.1903,0.0285,1.0603,-0.1855,-0.0281,1.0584,-0.186,0.4943,0.9548,-0.1867,0.4606,0.9926,-0.1206,0.456,1.0024,-0.1305,0.4254,0.9333,-0.2067,0.4295,0.9437,-0.2124
,0.4013,0.9786,-0.1476,0.4087,0.9517,-0.1235,0.4183,0.9473,-0.1148,0.4494,0.9097,-0.1779,0.4745,0.9675,-0.2053,0.4455,1.0067,-0.1381,0.4329,1.0071,-0.1456,0.4253,0.9437,-0.1089,0.4577,0.906,-0.1714,0.4869,0.9635,-0.1975,0.4567,0.9539,-0.0965,0.4583,0.9606,-0.0994,0.4919,0.9223,-0.1623,0.4377,0.9135,-0.1876,0.4281,0.9224,-0.1976,0.4015,0.9598,-0.1341,0.4319,0.9417,-0.1047
,0.452,0.9453,-0.0963,0.4909,0.9155,-0.1587,0.459,0.9676,-0.1025,0.4932,0.929,-0.1656,0.4736,0.9022,-0.1607,0.4409,0.9414,-0.0997,0.452,0.9453,-0.0963,0.4647,0.9034,-0.1661,0.4595,0.9734,-0.1063,0.448,0.965,-0.2158,0.4199,1.0013,-0.1521,0.4071,0.9898,-0.1519,0.3994,0.9688,-0.1425,0.4941,0.9356,-0.1706,0.4606,0.9816,-0.1118,0.4607,0.9693,-0.2119,0.4953,0.9442,-0.1771
,-0.4943,0.9548,-0.1867,-0.4869,0.9635,-0.1975,-0.4561,1.0024,-0.1305,-0.4254,0.9334,-0.2067,-0.3994,0.9688,-0.1425,-0.4013,0.9786,-0.1476,-0.4494,0.9097,-0.1779,-0.4183,0.9473,-0.1148,-0.4087,0.9517,-0.1235,-0.4745,0.9675,-0.2053,-0.4607,0.9693,-0.2119,-0.4329,1.0071,-0.1456,-0.4577,0.906,-0.1714,-0.4253,0.9437,-0.1089,-0.4455,1.0067,-0.1381,-0.4919,0.9223,-0.1623,-0.4583,0.9606,-0.0994
,-0.4567,0.9539,-0.0965,-0.4377,0.9135,-0.1876,-0.4016,0.9598,-0.1341,-0.432,0.9417,-0.1047,-0.4909,0.9155,-0.1587,-0.452,0.9453,-0.0963,-0.4932,0.929,-0.1656,-0.459,0.9676,-0.1025,-0.4736,0.9022,-0.1607,-0.4854,0.9059,-0.1568,-0.452,0.9453,-0.0963,-0.4647,0.9034,-0.1661,-0.4409,0.9414,-0.0997,-0.4595,0.9734,-0.1063,-0.4071,0.9899,-0.1519,-0.4199,1.0014,-0.1521,-0.448,0.965,-0.2158
,-0.4281,0.9224,-0.1976,-0.4606,0.9816,-0.1118,-0.4941,0.9356,-0.1706,-0.4295,0.9437,-0.2124,-0.4606,0.9926,-0.1206,-0.4953,0.9442,-0.1771,0.0557,1.3154,-0.0598,0.0559,1.314,-0.0606,0.0699,1.3314,-0.0358,0.0504,1.3529,0.0513,0.0507,1.3519,0.0515,0.0245,1.3464,0.0621,0.076,1.3439,-0.0123,0.0764,1.3431,-0.0122,0.0766,1.3479,0.0012,0.0666,1.3573,0.0346,0.0761,1.3487,0.0011
,0.0735,1.3528,0.0161,0.0463,1.3019,-0.0739,0.0467,1.3005,-0.0747,0.0696,1.3323,-0.0354,0.073,1.3537,0.016,0.0381,1.2925,-0.0903,0.0384,1.2914,-0.0909,0.0308,1.2839,-0.1007,0.0314,1.2827,-0.1009,0.0242,1.3474,0.0619,-0.0021,1.3453,0.067,0.062,1.3538,-0.0269,0.061,1.3539,-0.0264,0.0537,1.3447,-0.0432,0.0171,1.3752,0.0505,0.0167,1.375,0.0491,0.0389,1.3792,0.0395
,0.0641,1.3669,-0.0011,0.0645,1.3609,-0.0122,0.0655,1.3609,-0.0124,0.0397,1.3796,0.0406,0.0543,1.3778,0.0252,0.0603,1.3741,0.0117,0.0651,1.3671,-0.0009,0.0544,1.3444,-0.0442,0.0426,1.3371,-0.0596,0.0614,1.3744,0.0123,0.0429,1.3368,-0.0609,0.022,1.3256,-0.0744,0.0001,1.3181,-0.0765,-0.002,1.3174,-0.0767,-0.0006,1.3169,-0.0781,-0.0043,1.3744,0.0529,-0.0043,1.3744,0.0515
,-0.003,1.2991,-0.0805,-0.0026,1.2962,-0.0825,-0.0012,1.2976,-0.0811,0.026,1.3617,0.0489,0.0268,1.3596,0.0486,-0.0033,1.3574,0.0553,0.0522,1.3288,-0.0456,0.0517,1.3259,-0.0466,0.0674,1.334,-0.0274,0.0466,1.3637,0.0377,0.0475,1.3615,0.0378,0.0666,1.3474,-0.0126,0.0678,1.3455,-0.0132,0.0689,1.3502,-0.0034,0.0603,1.3631,0.0245,0.0612,1.3608,0.0243,0.0681,1.3525,-0.0032
,0.0676,1.3561,0.0092,0.0405,1.3193,-0.0601,0.0403,1.3165,-0.0604,0.0663,1.3367,-0.0269,0.0665,1.3587,0.0096,0.0169,1.3089,-0.0719,0.017,1.3065,-0.0715,0.0175,1.3745,0.0516,0.0197,1.3698,0.055,-0.004,1.3682,0.0586,0.0223,1.3566,0.0598,0.0176,1.3071,-0.0798,0.0301,1.3156,-0.0761,0.0237,1.3239,-0.0759,0.0274,1.2904,-0.0859,0.0364,1.3018,-0.0796,0.0437,1.3276,-0.0646
,0.0451,1.3152,-0.0687,0.0621,1.3739,0.0128,0.0649,1.3686,0.0137,0.0582,1.3724,0.0288,0.0687,1.3617,0.0147,0.0626,1.3659,0.032,0.062,1.3534,-0.0274,0.0629,1.3479,-0.0294,0.0673,1.3566,-0.0119,0.0668,1.341,-0.0319,0.0708,1.3514,-0.0117,0.0429,1.3356,-0.0616,0.0552,1.3368,-0.0491,0.0547,1.327,-0.054,0.0658,1.3665,-0.0007,0.068,1.3622,0.0003,0.0713,1.3563,0.0006
,0.0559,1.3777,0.0265,0.0433,1.3724,0.043,0.0473,1.3612,0.0492,0.066,1.3609,-0.0124,0.0402,1.3789,0.0412,0.0546,1.3437,-0.0451,0.06,1.0639,-0.1768,0.0581,1.0251,-0.1799,0.072,1.03,-0.1714,0.0402,1.0569,-0.185,0.0346,1.0224,-0.1874,0.0026,1.0575,-0.1885,0,1.0577,-0.1876,0,1.0234,-0.1854,0.0738,1.0691,-0.1695,0.0841,1.0361,-0.1626,0.0517,1.3259,-0.0466
