{"producer":{"name":"Blender","version":"2.82 (sub 7)","exporter_version":"6.3.1","file":"dominic02.babylon"},
"autoClear":true,"clearColor":[0.0509,0.0509,0.0509],"gravity":[0,-9.81,0],
"materials":[{"name":"Domcum01:Uni1228:Defaultskin","id":"Domcum01:Uni1228:Defaultskin","customType":"BABYLON.PBRMaterial","backFaceCulling":true,"checkReadyOnlyOnce":false,"maxSimultaneousLights":4,"environmentIntensity":1,"reflectivity":[0,0,0],"roughness":1,"alpha":1,"transparencyMode":0,"alphaCutOff":0.4,"metallic":0, 
"albedoTexture":{"name":"uni1228_Euro_Male_diff.png","level":1,"hasAlpha":true,"coordinatesMode":0,"uOffset":0,"vOffset":0,"uScale":1,"vScale":1,"uAng":0,"vAng":0,"wAng":0,"wrapU":1,"wrapV":1,"coordinatesIndex":0},"useAlphaFromAlbedoTexture":true, 
"bumpTexture":{"name":"uni1228_Euro_Male_norm.png","level":1,"hasAlpha":true,"coordinatesMode":0,"uOffset":0,"vOffset":0,"uScale":1,"vScale":1,"uAng":0,"vAng":0,"wAng":0,"wrapU":1,"wrapV":1,"coordinatesIndex":0}},
{"name":"Domcum01:Low-poly:Eye_brown","id":"Domcum01:Low-poly:Eye_brown","customType":"BABYLON.PBRMaterial","backFaceCulling":true,"checkReadyOnlyOnce":false,"maxSimultaneousLights":4,"environmentIntensity":1,"reflectivity":[0.5,0.5,0.5],"roughness":0.5,"alpha":1,"transparencyMode":0,"alphaCutOff":0.4,"metallic":0, 
"albedoTexture":{"name":"brown_eye.png","level":1,"hasAlpha":true,"coordinatesMode":0,"uOffset":0,"vOffset":0,"uScale":1,"vScale":1,"uAng":0,"vAng":0,"wAng":0,"wrapU":1,"wrapV":1,"coordinatesIndex":0},"useAlphaFromAlbedoTexture":true},
{"name":"Domcum01:Elvs_beanie_slouch:Elvs_beanie_slouch","id":"Domcum01:Elvs_beanie_slouch:Elvs_beanie_slouch","customType":"BABYLON.PBRMaterial","backFaceCulling":true,"checkReadyOnlyOnce":false,"maxSimultaneousLights":4,"environmentIntensity":1,"reflectivity":[0,0,0],"roughness":1,"alpha":1,"transparencyMode":0,"alphaCutOff":0.4,"metallic":0, 
"albedoTexture":{"name":"herrinbonemens1.png","level":1,"hasAlpha":true,"coordinatesMode":0,"uOffset":0,"vOffset":0,"uScale":1,"vScale":1,"uAng":0,"vAng":0,"wAng":0,"wrapU":1,"wrapV":1,"coordinatesIndex":0},"useAlphaFromAlbedoTexture":true, 
"bumpTexture":{"name":"herringnormals.png","level":1,"hasAlpha":true,"coordinatesMode":0,"uOffset":0,"vOffset":0,"uScale":1,"vScale":1,"uAng":0,"vAng":0,"wAng":0,"wrapU":1,"wrapV":1,"coordinatesIndex":0}},
{"name":"Domcum01:Male_casualsuit06:Male_casualsuit06","id":"Domcum01:Male_casualsuit06:Male_casualsuit06","customType":"BABYLON.PBRMaterial","backFaceCulling":true,"checkReadyOnlyOnce":false,"maxSimultaneousLights":4,"environmentIntensity":1,"reflectivity":[0,0,0],"roughness":1,"alpha":1,"transparencyMode":0,"alphaCutOff":0.4,"metallic":0, 
"albedoTexture":{"name":"male_casualsuit06_diffuse.png","level":1,"hasAlpha":true,"coordinatesMode":0,"uOffset":0,"vOffset":0,"uScale":1,"vScale":1,"uAng":0,"vAng":0,"wAng":0,"wrapU":1,"wrapV":1,"coordinatesIndex":0},"useAlphaFromAlbedoTexture":true, 
"bumpTexture":{"name":"male_casualsuit06_normal.png","level":1,"hasAlpha":true,"coordinatesMode":0,"uOffset":0,"vOffset":0,"uScale":1,"vScale":1,"uAng":0,"vAng":0,"wAng":0,"wrapU":1,"wrapV":1,"coordinatesIndex":0}},
{"name":"Domcum01:Shoes02:Shoes02","id":"Domcum01:Shoes02:Shoes02","customType":"BABYLON.PBRMaterial","backFaceCulling":true,"checkReadyOnlyOnce":false,"maxSimultaneousLights":4,"environmentIntensity":1,"reflectivity":[0,0,0],"roughness":1,"alpha":1,"transparencyMode":0,"alphaCutOff":0.4,"metallic":0, 
"albedoTexture":{"name":"shoes02_diffuse.png","level":1,"hasAlpha":true,"coordinatesMode":0,"uOffset":0,"vOffset":0,"uScale":1,"vScale":1,"uAng":0,"vAng":0,"wAng":0,"wrapU":1,"wrapV":1,"coordinatesIndex":0},"useAlphaFromAlbedoTexture":true}],
"multiMaterials":[],
"skeletons":[{"name":"Domcum01","id":0,"dimensionsAtRest":[0.988,1.698,0.3633],"bones":[
{"name":"Hips","index":0,"matrix":[1,0,0,0,0,0.9381,0.3463,0,0,0.3463,-0.9381,0,0,0.9348,-0.0048,1],"rest":[1,0,0,0,0,0.9381,0.3463,0,0,0.3463,-0.9381,0,0,0.9348,-0.0048,1],"parentBoneIndex":-1,"length":0.0925},
{"name":"LHipJoint","index":1,"matrix":[-0.1597,0.0415,-0.9863,0,0.9677,-0.1906,-0.1647,0,-0.1949,-0.9808,-0.0097,0,0,0,0,1],"rest":[-0.1597,0.0415,-0.9863,0,0.9677,-0.1906,-0.1647,0,-0.1949,-0.9808,-0.0097,0,0,0,0,1],"parentBoneIndex":0,"length":0.1207},
{"name":"LeftUpLeg","index":2,"matrix":[-0.2407,0.9342,-0.2634,0,0.209,0.3148,0.9258,0,0.9478,0.1678,-0.271,0,0,0.1207,0,1],"rest":[-0.2407,0.9342,-0.2634,0,0.209,0.3148,0.9258,0,0.9478,0.1678,-0.271,0,0,0.1207,0,1],"parentBoneIndex":1,"length":0.3845},
{"name":"LeftLeg","index":3,"matrix":[0.9976,0.041,0.0562,0,-0.0486,0.989,0.1398,0,-0.0498,-0.1422,0.9886,0,0,0.3845,0,1],"rest":[0.9976,0.041,0.0562,0,-0.0486,0.989,0.1398,0,-0.0498,-0.1422,0.9886,0,0,0.3845,0,1],"parentBoneIndex":2,"length":0.4596},
{"name":"LeftFoot","index":4,"matrix":[0.9966,-0.0182,0.0807,0,0.0827,0.2193,-0.9721,0,0,0.9755,0.2201,0,0,0.4596,0,1],"rest":[0.9966,-0.0182,0.0807,0,0.0827,0.2193,-0.9721,0,0,0.9755,0.2201,0,0,0.4596,0,1],"parentBoneIndex":3,"length":0.1481},
{"name":"LeftToeBase","index":5,"matrix":[0.9984,0.0562,-0.0057,0,-0.0563,0.998,-0.0286,0,0.0041,0.0289,0.9996,0,0,0.1481,0,1],"rest":[0.9984,0.0562,-0.0057,0,-0.0563,0.998,-0.0286,0,0.0041,0.0289,0.9996,0,0,0.1481,0,1],"parentBoneIndex":4,"length":0.0203},
{"name":"LowerBack","index":6,"matrix":[1,0,0,0,0,0.9836,0.1804,0,0,-0.1804,0.9836,0,0,0.0925,0,1],"rest":[1,0,0,0,0,0.9836,0.1804,0,0,-0.1804,0.9836,0,0,0.0925,0,1],"parentBoneIndex":0,"length":0.1216},
{"name":"Spine","index":7,"matrix":[1,0,0,0,0,0.9984,0.0573,0,0,-0.0573,0.9984,0,0,0.1216,0,1],"rest":[1,0,0,0,0,0.9984,0.0573,0,0,-0.0573,0.9984,0,0,0.1216,0,1],"parentBoneIndex":6,"length":0.1324},
{"name":"Spine1","index":8,"matrix":[1,0,0,0,0,0.8982,0.4395,0,0,-0.4395,0.8982,0,0,0.1324,0,1],"rest":[1,0,0,0,0,0.8982,0.4395,0,0,-0.4395,0.8982,0,0,0.1324,0,1],"parentBoneIndex":7,"length":0.2146},
{"name":"LeftShoulder","index":9,"matrix":[-0.1517,-0.9147,0.3745,0,0.9819,-0.183,-0.0492,0,0.1135,0.3602,0.9259,0,0.0229,0.1472,0.042,1],"rest":[-0.1517,-0.9147,0.3745,0,0.9819,-0.183,-0.0492,0,0.1135,0.3602,0.9259,0,0.0229,0.1472,0.042,1],"parentBoneIndex":8,"length":0.1644},
{"name":"LeftArm","index":10,"matrix":[0.7822,-0.6228,-0.015,0,0.6205,0.7767,0.1079,0,-0.0556,-0.0938,0.994,0,0,0.1644,0,1],"rest":[0.7822,-0.6228,-0.015,0,0.6205,0.7767,0.1079,0,-0.0556,-0.0938,0.994,0,0,0.1644,0,1],"parentBoneIndex":9,"length":0.238},
{"name":"LeftForeArm","index":11,"matrix":[0.9998,-0.0204,-0.0019,0,0.0163,0.7343,0.6787,0,-0.0125,-0.6785,0.7345,0,0,0.238,0,1],"rest":[0.9998,-0.0204,-0.0019,0,0.0163,0.7343,0.6787,0,-0.0125,-0.6785,0.7345,0,0,0.238,0,1],"parentBoneIndex":10,"length":0.2319},
{"name":"LeftHand","index":12,"matrix":[0.9905,-0.1315,-0.0405,0,0.1365,0.9761,0.1689,0,0.0173,-0.1728,0.9848,0,0,0.2319,0,1],"rest":[0.9905,-0.1315,-0.0405,0,0.1365,0.9761,0.1689,0,0.0173,-0.1728,0.9848,0,0,0.2319,0,1],"parentBoneIndex":11,"length":0.0313},
{"name":"LThumb","index":13,"matrix":[-0.6195,0.7823,0.0649,0,0.6601,0.4744,0.5824,0,0.4248,0.4036,-0.8103,0,0.0015,0.0384,0.0198,1],"rest":[-0.6195,0.7823,0.0649,0,0.6601,0.4744,0.5824,0,0.4248,0.4036,-0.8103,0,0.0015,0.0384,0.0198,1],"parentBoneIndex":12,"length":0.0296},
{"name":"LeftFingerBase","index":14,"matrix":[-0.2602,0.1908,-0.9465,0,-0.0395,0.9774,0.2079,0,0.9647,0.0915,-0.2468,0,0,0.0313,0,1],"rest":[-0.2602,0.1908,-0.9465,0,-0.0395,0.9774,0.2079,0,0.9647,0.0915,-0.2468,0,0,0.0313,0,1],"parentBoneIndex":12,"length":0.072},
{"name":"LeftHandFinger1","index":15,"matrix":[0.9954,-0.0958,-0.0045,0,0.0935,0.9589,0.268,0,-0.0213,-0.2671,0.9634,0,0,0.072,0,1],"rest":[0.9954,-0.0958,-0.0045,0,0.0935,0.9589,0.268,0,-0.0213,-0.2671,0.9634,0,0,0.072,0,1],"parentBoneIndex":14,"length":0.0253},
{"name":"Neck","index":16,"matrix":[1,0,0,0,0,0.9996,-0.0271,0,0,0.0271,0.9996,0,0,0.2146,0,1],"rest":[1,0,0,0,0,0.9996,-0.0271,0,0,0.0271,0.9996,0,0,0.2146,0,1],"parentBoneIndex":8,"length":0.0447},
{"name":"Neck1","index":17,"matrix":[1,0,0,0,0,1,0,0,0,0,1,0,0,0.0447,0,1],"rest":[1,0,0,0,0,1,0,0,0,0,1,0,0,0.0447,0,1],"parentBoneIndex":16,"length":0.0447},
{"name":"Head","index":18,"matrix":[1,0,0,0,0,0.9614,-0.2752,0,0,0.2752,0.9614,0,0,0.0447,0,1],"rest":[1,0,0,0,0,0.9614,-0.2752,0,0,0.2752,0.9614,0,0,0.0447,0,1],"parentBoneIndex":17,"length":0.1589},
{"name":"RightShoulder","index":19,"matrix":[-0.1519,0.9155,-0.3725,0,-0.9819,-0.183,-0.0492,0,-0.1132,0.3582,0.9267,0,-0.0229,0.1472,0.042,1],"rest":[-0.1519,0.9155,-0.3725,0,-0.9819,-0.183,-0.0492,0,-0.1132,0.3582,0.9267,0,-0.0229,0.1472,0.042,1],"parentBoneIndex":8,"length":0.1644},
{"name":"RightArm","index":20,"matrix":[0.7823,0.6227,0.0146,0,-0.6203,0.7767,0.1093,0,0.0567,-0.0945,0.9939,0,0,0.1644,0,1],"rest":[0.7823,0.6227,0.0146,0,-0.6203,0.7767,0.1093,0,0.0567,-0.0945,0.9939,0,0,0.1644,0,1],"parentBoneIndex":19,"length":0.238},
{"name":"RightForeArm","index":21,"matrix":[0.9998,0.0205,0.0019,0,-0.0163,0.7345,0.6785,0,0.0125,-0.6783,0.7346,0,0,0.238,0,1],"rest":[0.9998,0.0205,0.0019,0,-0.0163,0.7345,0.6785,0,0.0125,-0.6783,0.7346,0,0,0.238,0,1],"parentBoneIndex":20,"length":0.2315},
{"name":"RightHand","index":22,"matrix":[0.9926,0.1157,0.0371,0,-0.1204,0.9778,0.1716,0,-0.0164,-0.1748,0.9845,0,0,0.2315,0,1],"rest":[0.9926,0.1157,0.0371,0,-0.1204,0.9778,0.1716,0,-0.0164,-0.1748,0.9845,0,0,0.2315,0,1],"parentBoneIndex":21,"length":0.0303},
{"name":"RThumb","index":23,"matrix":[-0.6012,-0.7958,-0.0733,0,-0.6746,0.4562,0.5803,0,-0.4283,0.3983,-0.8111,0,-0.0015,0.0371,0.0191,1],"rest":[-0.6012,-0.7958,-0.0733,0,-0.6746,0.4562,0.5803,0,-0.4283,0.3983,-0.8111,0,-0.0015,0.0371,0.0191,1],"parentBoneIndex":22,"length":0.0287},
{"name":"RightFingerBase","index":24,"matrix":[-0.2549,-0.1941,0.9473,0,0.0228,0.9782,0.2066,0,-0.9667,0.0743,-0.2449,0,0,0.0303,0,1],"rest":[-0.2549,-0.1941,0.9473,0,0.0228,0.9782,0.2066,0,-0.9667,0.0743,-0.2449,0,0,0.0303,0,1],"parentBoneIndex":22,"length":0.0694},
{"name":"RightHandFinger1","index":25,"matrix":[0.9952,0.0973,0.0046,0,-0.095,0.9592,0.2664,0,0.0215,-0.2656,0.9638,0,0,0.0694,0,1],"rest":[0.9952,0.0973,0.0046,0,-0.095,0.9592,0.2664,0,0.0215,-0.2656,0.9638,0,0,0.0694,0,1],"parentBoneIndex":24,"length":0.0244},
{"name":"RHipJoint","index":26,"matrix":[-0.1597,-0.0415,0.9863,0,-0.9677,-0.1906,-0.1647,0,0.1949,-0.9808,-0.0097,0,0,0,0,1],"rest":[-0.1597,-0.0415,0.9863,0,-0.9677,-0.1906,-0.1647,0,0.1949,-0.9808,-0.0097,0,0,0,0,1],"parentBoneIndex":0,"length":0.1207},
{"name":"RightUpLeg","index":27,"matrix":[-0.2407,-0.9342,0.2634,0,-0.209,0.3148,0.9258,0,-0.9478,0.1678,-0.271,0,0,0.1207,0,1],"rest":[-0.2407,-0.9342,0.2634,0,-0.209,0.3148,0.9258,0,-0.9478,0.1678,-0.271,0,0,0.1207,0,1],"parentBoneIndex":26,"length":0.3845},
{"name":"RightLeg","index":28,"matrix":[0.9976,-0.041,-0.0562,0,0.0486,0.989,0.1398,0,0.0498,-0.1422,0.9886,0,0,0.3845,0,1],"rest":[0.9976,-0.041,-0.0562,0,0.0486,0.989,0.1398,0,0.0498,-0.1422,0.9886,0,0,0.3845,0,1],"parentBoneIndex":27,"length":0.4596},
{"name":"RightFoot","index":29,"matrix":[0.9966,0.0182,-0.0807,0,-0.0827,0.2193,-0.9721,0,0,0.9755,0.2201,0,0,0.4596,0,1],"rest":[0.9966,0.0182,-0.0807,0,-0.0827,0.2193,-0.9721,0,0,0.9755,0.2201,0,0,0.4596,0,1],"parentBoneIndex":28,"length":0.1481},
{"name":"RightToeBase","index":30,"matrix":[0.9984,-0.0562,0.0057,0,0.0563,0.998,-0.0286,0,-0.0041,0.0289,0.9996,0,0,0.1481,0,1],"rest":[0.9984,-0.0562,0.0057,0,0.0563,0.998,-0.0286,0,-0.0041,0.0289,0.9996,0,0,0.1481,0,1],"parentBoneIndex":29,"length":0.0203}]}],
"meshes":[{"name":"Domcum01:Uni1228","id":"Domcum01:Uni1228","materialId":"Domcum01:Uni1228:Defaultskin","billboardMode":0,"position":[0,0,0],"rotation":[0,0,0],"scaling":[1,1,1],"isVisible":true,"freezeWorldMatrix":false,"isEnabled":true,"checkCollisions":false,"receiveShadows":false,"pickable":true,"tags":"","skeletonId":0,"numBoneInfluencers":7
,"positions":[0,1.5658,-0.0753,-0.0183,1.5115,-0.0543,-0.0077,1.4967,-0.0641,-0.0159,1.527,-0.1335,-0.0091,1.5681,-0.0758,-0.0087,1.5266,-0.1362,-0.0217,1.5238,-0.1293,-0.0246,1.5214,-0.0571,-0.0304,1.5389,-0.057,-0.017,1.5648,-0.0706,-0.0241,1.5595,-0.064,-0.021,1.5246,-0.1314,-0.0338,1.6041,-0.1407,-0.0235,1.5974,-0.1354,-0.0206,1.6024,-0.1421,-0.0387,1.5963,-0.1347,-0.0327,1.598,-0.1356
,-0.0209,1.587,-0.1355,-0.0197,1.5941,-0.1337,-0.0266,1.5918,-0.1356,-0.0128,1.5933,-0.1363,-0.0431,1.5867,-0.1287,-0.0441,1.595,-0.1311,-0.0522,1.5987,-0.1212,-0.0433,1.6036,-0.1351,-0.0309,1.5848,-0.1337,-0.0404,1.592,-0.1327,0,1.432,0.0509,-0.0361,1.4516,0.034,0,1.4505,0.0373,-0.023,1.524,-0.1351,-0.025,1.528,-0.1356,-0.0263,1.5241,-0.1329,-0.0226,1.5197,-0.1371
,-0.0201,1.5222,-0.1416,-0.0166,1.5308,-0.1445,-0.0078,1.5282,-0.1468,-0.0074,1.5312,-0.1478,-0.0228,1.5263,-0.1374,-0.0155,1.5173,-0.1462,-0.0094,1.5176,-0.1492,-0.016,1.5218,-0.1475,-0.0089,1.5262,-0.1423,-0.0165,1.5286,-0.144,-0.0164,1.5261,-0.1403,-0.0218,1.5242,-0.1356,-0.0091,1.5251,-0.1397,-0.0155,1.5254,-0.1366,-0.0241,1.5148,-0.1333,-0.0339,1.5211,-0.1281,-0.0135,1.5083,-0.1435
,-0.0081,1.5986,-0.1424,-0.0344,1.6148,-0.1424,-0.0144,1.6113,-0.1482,-0.0484,1.6133,-0.1323,-0.0121,1.5523,-0.1635,-0.0058,1.5473,-0.165,-0.0082,1.5509,-0.1701,-0.0156,1.5538,-0.1483,-0.0094,1.5506,-0.1596,-0.0119,1.5482,-0.145,-0.0168,1.5511,-0.1404,-0.0061,1.5478,-0.1573,-0.0113,1.5519,-0.1487,-0.0062,1.5441,-0.1522,-0.0143,1.5589,-0.1611,-0.0079,1.5674,-0.1661,-0.0129,1.5673,-0.1564
,-0.0091,1.5558,-0.171,-0.0168,1.5589,-0.1496,-0.0211,1.4927,-0.1248,-0.0149,1.484,-0.1198,-0.0119,1.4886,-0.1384,-0.0077,1.4814,-0.1225,-0.0054,1.4888,-0.1453,-0.0275,1.4932,-0.1045,-0.0212,1.4991,-0.1251,-0.0327,1.5018,-0.1062,-0.0116,1.4965,-0.1433,-0.0053,1.4953,-0.1517,-0.0332,1.5332,-0.1302,-0.0228,1.5399,-0.1365,-0.0293,1.5484,-0.1324,-0.0413,1.5226,-0.1118,-0.0402,1.545,-0.1225
,-0.0363,1.5679,-0.1308,-0.0579,1.5527,-0.0778,-0.0508,1.525,-0.0579,-0.0472,1.5317,-0.0933,-0.0447,1.5091,-0.0823,-0.0489,1.5524,-0.1109,-0.0501,1.5733,-0.1235,-0.0587,1.5664,-0.0917,-0.06,1.5827,-0.1075,-0.0189,1.5613,-0.139,-0.0148,1.5391,-0.144,-0.0072,1.5372,-0.1479,-0.0723,1.6033,-0.0706,-0.0732,1.584,-0.0587,-0.0681,1.5862,-0.0799,-0.0638,1.5992,-0.0992,-0.0071,1.583,-0.1541
,-0.0121,1.5813,-0.1493,-0.018,1.5769,-0.1386,-0.0665,1.6134,-0.0875,-0.0176,1.6386,-0.148,-0.0371,1.6398,-0.1408,-0.0511,1.637,-0.1282,-0.0577,1.6081,-0.117,-0.0541,1.5174,-0.0168,-0.0486,1.5177,-0.0386,-0.0534,1.5341,-0.0294,-0.0582,1.5553,-0.0107,-0.0534,1.5341,-0.0294,-0.069,1.5656,-0.0324,-0.0223,1.4923,-0.0745,-0.0275,1.4932,-0.1045,-0.0402,1.5005,-0.0694,-0.0082,1.4856,-0.0832
,-0.0149,1.484,-0.1198,-0.0402,1.5005,-0.0694,-0.0486,1.5177,-0.0386,-0.0413,1.49,-0.0478,-0.0592,1.5388,-0.0501,-0.0486,1.5177,-0.0386,-0.0606,1.6837,-0.0343,-0.0714,1.6578,-0.0475,-0.0597,1.6797,-0.0735,-0.0416,1.6669,-0.1342,-0.0237,1.6999,-0.0997,-0.043,1.6921,-0.0938,-0.0431,1.6985,-0.0364,-0.0561,1.6593,-0.1155,-0.0682,1.5868,-0.0045,-0.0726,1.593,-0.0257,-0.0502,1.6905,0.0039
,-0.0348,1.6994,0.0099,-0.0244,1.7086,-0.0377,-0.0774,1.6041,-0.0517,-0.0828,1.6058,-0.0419,-0.0806,1.5984,-0.0494,-0.0764,1.6085,-0.0402,-0.0812,1.5948,-0.026,-0.069,1.5656,-0.0324,-0.0768,1.5509,-0.0472,-0.0797,1.5629,-0.0292,-0.0675,1.6447,-0.0833,-0.0764,1.6085,-0.0402,-0.0732,1.6256,-0.0638,-0.0759,1.6328,-0.0408,-0.0714,1.613,-0.0026,-0.0294,1.6686,0.047,-0.0546,1.6556,0.0272
,-0.0729,1.641,-0.008,0,1.7113,-0.0401,-0.0223,1.5859,0.0424,-0.0527,1.6227,0.0367,-0.0291,1.6287,0.056,-0.018,1.5397,0.0064,-0.0491,1.586,0.0293,0,1.5403,0.0089,0,1.5862,0.0474,0,1.6312,0.0631,-0.0688,1.6675,-0.0159,-0.0116,1.4723,-0.0665,-0.0541,1.5174,-0.0168,-0.0357,1.5421,0.0001,-0.0388,1.5135,-0.0053,-0.0198,1.5128,0.0059,-0.046,1.4909,-0.0007
,-0.0324,1.4649,0.0208,-0.0571,1.4687,0.0112,-0.0612,1.485,-0.0085,-0.0778,1.4709,-0.0013,-0.0485,1.5014,-0.0333,-0.0612,1.485,-0.0085,-0.0619,1.476,-0.0214,-0.0575,1.4627,-0.0342,-0.0866,1.4587,-0.022,-0.0788,1.4326,-0.0461,-0.0395,1.4474,-0.0552,-0.0503,1.4209,-0.058,0,1.3883,-0.0773,-0.0496,1.3458,-0.0962,0,1.337,-0.103,-0.0415,1.4302,0.0509,-0.0707,1.4562,0.0256
,-0.3132,1.202,-0.0552,-0.2568,1.254,-0.042,-0.2623,1.2688,-0.0577,-0.3577,1.1455,-0.1,-0.3111,1.1899,-0.0425,-0.1999,1.2959,-0.0267,-0.2149,1.3012,-0.0496,-0.2752,1.289,-0.0606,-0.2212,1.3275,-0.0629,-0.229,1.3616,-0.0562,-0.2938,1.2989,-0.0437,-0.2478,1.3802,-0.0266,-0.1212,1.3628,-0.0762,-0.061,1.3965,-0.0688,-0.1,1.4083,-0.0575,-0.3617,1.1332,-0.0841,-0.257,1.2445,-0.0211
,-0.2568,1.246,0.0104,-0.2781,1.274,0.0221,-0.1798,1.3009,0.0142,-0.2568,1.246,0.0104,-0.1692,0.0958,-0.0518,-0.1885,0.201,-0.0426,-0.2008,0.0898,-0.0354,-0.2094,0.2019,-0.0076,-0.2106,0.0927,-0.0007,-0.2074,0.2009,0.021,-0.2008,0.091,0.0246,-0.179,0.0925,0.0428,-0.1755,0.2013,0.0465,-0.1511,0.1971,-0.035,-0.1546,0.0944,-0.0291,-0.1419,0.1902,-0.0135,-0.1467,0.1944,0.0313
,-0.5071,1.0466,-0.2201,-0.4992,1.0531,-0.1986,-0.506,1.036,-0.2086,-0.5032,1.0549,-0.2347,-0.4871,1.0772,-0.2339,-0.492,1.0767,-0.2194,-0.4802,1.07,-0.2603,-0.4655,1.0878,-0.2406,-0.4408,1.0616,-0.2482,-0.4335,1.0698,-0.2599,-0.4379,1.0593,-0.2567,-0.4635,1.0558,-0.2128,-0.4455,1.0823,-0.1954,-0.4468,1.0634,-0.2246,-0.4453,1.0705,-0.2682,-0.4279,1.0603,-0.2755,-0.4419,1.0841,-0.236
,-0.4488,1.0756,-0.2607,-0.4356,1.0748,-0.2515,-0.451,1.0612,-0.263,-0.4583,1.0617,-0.2592,-0.4251,1.0443,-0.2936,-0.4363,1.0473,-0.2932,-0.4263,1.045,-0.2878,-0.523,0.9824,-0.2488,-0.5186,0.9775,-0.2469,-0.5167,0.9819,-0.2471,-0.424,1.0514,-0.2893,-0.4312,1.0539,-0.2713,-0.4229,1.0473,-0.2943,-0.4251,1.0443,-0.2936,-0.4324,1.0464,-0.2977,-0.4333,1.0538,-0.2955,-0.4363,1.0473,-0.2932
,-0.4311,1.0496,-0.2996,-0.4442,1.0552,-0.2759,-0.487,1.0132,-0.3289,-0.4937,1.007,-0.3267,-0.4883,1.0084,-0.3299,-0.4871,1.0283,-0.3147,-0.4953,1.0092,-0.3227,-0.4442,1.0552,-0.2759,-0.451,1.0612,-0.263,-0.5121,0.981,-0.312,-0.5173,0.9797,-0.3096,-0.5144,0.9786,-0.3079,-0.4583,1.0617,-0.2592,-0.5035,0.999,-0.2969,-0.5149,0.9857,-0.3131,-0.5099,0.9826,-0.3116,-0.4857,1.0514,-0.2855
,-0.4971,1.0364,-0.2905,-0.4887,1.0439,-0.2972,-0.4991,1.0428,-0.2678,-0.4852,1.0366,-0.2745,-0.4946,1.044,-0.2775,-0.4856,1.0421,-0.1914,-0.4643,1.065,-0.1751,-0.4745,1.0429,-0.1972,-0.4919,1.0051,-0.3251,-0.4845,1.0096,-0.3265,-0.4871,1.0075,-0.3283,-0.4928,1.0068,-0.3201,-0.4817,1.0223,-0.3109,-0.4962,1.0224,-0.3079,-0.4815,1.0332,-0.2931,-0.4817,1.0223,-0.3109,-0.5086,1.0131,-0.2439
,-0.5225,1.0087,-0.252,-0.5162,1.0209,-0.2425,-0.4922,1.018,-0.3054,-0.4815,1.0332,-0.2931,-0.4907,1.0298,-0.2875,-0.4787,1.0403,-0.2809,-0.4815,1.0332,-0.2931,-0.513,1.0046,-0.2263,-0.5169,1.0134,-0.2238,-0.5108,1.0098,-0.2234,-0.5223,0.9777,-0.2482,-0.5201,0.9762,-0.2436,-0.5166,0.998,-0.2918,-0.5184,0.9813,-0.3069,-0.5143,0.9818,-0.3131,-0.4764,1.0452,-0.2767,-0.4583,1.0617,-0.2592
,-0.4871,1.0075,-0.3283,-0.508,1.0205,-0.2865,-0.5149,1.0153,-0.277,-0.4932,1.025,-0.271,-0.505,1.0097,-0.2738,-0.5029,1.0199,-0.262,-0.5199,0.987,-0.2632,-0.5145,1.0046,-0.2505,-0.5132,0.9798,-0.3035,-0.5021,1.0333,-0.2742,-0.5085,1.0259,-0.2628,-0.5264,0.9712,-0.2756,-0.5279,0.9873,-0.2675,-0.5099,0.9826,-0.3116,-0.5144,0.9786,-0.3079,-0.5132,0.9798,-0.3035,-0.5035,0.999,-0.2969
,-0.5132,0.9798,-0.3035,-0.5087,0.9938,-0.2891,-0.4919,1.0051,-0.3251,-0.4988,1.0142,-0.2821,-0.5313,0.9736,-0.2778,-0.5269,0.9724,-0.2852,-0.5258,0.9759,-0.2855,-0.5151,0.9906,-0.2719,-0.5264,0.9712,-0.2756,-0.5199,0.987,-0.2632,-0.5181,1.0143,-0.2633,-0.5223,0.9912,-0.2769,-0.525,0.9798,-0.2428,-0.5218,0.9949,-0.2433,-0.507,1.0136,-0.2328,-0.513,1.0046,-0.2263,-0.5108,1.0098,-0.2234
,-0.5195,1.0116,-0.2365,-0.5135,0.9943,-0.2416,-0.5101,1.0076,-0.2362,-0.5151,0.9906,-0.2719,-0.5098,1.009,-0.2604,-0.507,1.0136,-0.2328,-0.5142,1.0268,-0.2334,-0.5173,1.0178,-0.2336,-0.4787,1.0403,-0.2809,-0.5133,1.0259,-0.2548,-0.5039,1.0152,-0.2509,-0.4999,1.0206,-0.2508,-0.5087,0.9938,-0.2891,-0.4907,1.0298,-0.2875,-0.5253,0.9713,-0.2833,-0.5264,0.9712,-0.2756,-0.5227,0.9737,-0.2829
,-0.5098,1.009,-0.2604,-0.5199,0.987,-0.2632,-0.5145,1.0046,-0.2505,-0.5019,1.0179,-0.233,-0.505,1.0097,-0.2738,-0.5104,1.0037,-0.3001,-0.4988,1.0142,-0.2821,-0.4907,1.0298,-0.2875,-0.487,1.0321,-0.2661,-0.4932,1.025,-0.271,-0.4922,1.018,-0.3054,-0.52,1.0068,-0.2274,-0.5186,0.9775,-0.2469,-0.52,0.9788,-0.2405,-0.5167,0.9819,-0.2471,-0.5135,0.9943,-0.2416,-0.5158,0.9922,-0.2329
,-0.4522,1.0717,-0.1851,-0.4485,1.0971,-0.2045,-0.4363,1.0473,-0.2932,-0.4395,1.0626,-0.2811,-0.4442,1.0552,-0.2759,-0.52,0.9788,-0.2405,-0.5225,0.9915,-0.2345,-0.5158,0.9922,-0.2329,-0.5158,0.9922,-0.2329,-0.4787,1.0403,-0.2809,-0.1548,0.0901,0.0254,-0.1403,0.192,0.009,-0.1489,0.0903,-0.0124,-0.1489,0.0903,-0.0124,-0.4871,1.0075,-0.3283,-0.4919,1.0051,-0.3251,-0.4944,1.0289,-0.2039
,-0.5141,1.0222,-0.2198,-0.5029,1.0199,-0.262,-0.4988,1.0142,-0.2821,-0.4932,1.025,-0.271,-0.4817,1.0223,-0.3109,-0.4845,1.0096,-0.3265,-0.5253,0.9713,-0.2833,-0.5303,0.9702,-0.28,-0.5281,0.9696,-0.279,-0.507,1.0136,-0.2328,-0.4848,1.0552,-0.2795,-0.5097,1.032,-0.2526,-0.4981,1.0652,-0.2069,-0.4856,1.0421,-0.1914,-0.5227,0.9737,-0.2829,-0.5253,0.9713,-0.2833,-0.4999,1.0206,-0.2508
,-0.5086,1.0131,-0.2439,-0.5019,1.0179,-0.233,-0.487,1.0321,-0.2661,-0.4999,1.0206,-0.2508,-0.4764,1.0452,-0.2767,-0.4852,1.0366,-0.2745,-0.487,1.0321,-0.2661,-0.451,1.0612,-0.263,-0.4583,1.0617,-0.2592,-0.52,0.9788,-0.2405,-0.5238,0.9765,-0.2441,-0.4825,1.0402,-0.2298,-0.5019,1.0179,-0.233,-0.4863,1.0308,-0.2142,-0.487,1.0321,-0.2661,-0.4726,1.0475,-0.246,-0.4764,1.0452,-0.2767
,-0.5087,1.0129,-0.2214,-0.4944,1.0289,-0.2039,-0.5108,1.0098,-0.2234,-0.497,1.0622,-0.2484,-0.5039,1.0152,-0.2509,-0.5145,1.0046,-0.2505,-0.5086,1.0131,-0.2439,-0.4944,1.0289,-0.2039,-0.0269,1.5928,-0.1333,-0.0236,1.5974,-0.1344,-0.0413,1.5955,-0.1304,-0.0328,1.5979,-0.1347,-0.0328,1.5928,-0.1322,-0.0332,1.5916,-0.1352,-0.2033,1.3609,0.048,-0.2899,1.3004,0.0053,-0.2332,1.3795,0.0182
,-0.3261,1.2285,-0.0667,-0.2568,1.246,0.0104,-0.3404,1.1963,0.0099,-0.3514,1.2279,-0.0023,-0.3109,1.184,-0.0226,-0.4059,1.1555,-0.0519,-0.4079,1.1857,-0.0734,-0.3711,1.1805,-0.107,-0.3884,1.1931,-0.0984,-0.3488,1.238,-0.0526,-0.3767,1.133,-0.0627,-0.5227,0.9737,-0.2829,-0.5151,0.9906,-0.2719,-0.4455,1.0823,-0.1954,-0.3625,1.1617,-0.1074,-0.4485,1.0971,-0.2045,-0.3202,1.183,-0.0022
,-0.3767,1.133,-0.0627,-0.4485,1.0971,-0.2045,-0.4722,1.0999,-0.2011,-0.4813,1.0917,-0.1896,-0.4833,1.0808,-0.1797,-0.4522,1.0717,-0.1851,-0.4716,1.0679,-0.1704,-0.4716,1.0679,-0.1704,-0.0204,1.5249,-0.1306,-0.0191,1.5242,-0.1359,-0.0087,1.5266,-0.1362,-0.0155,1.5244,-0.1352,-0.0213,1.525,-0.1367,-0.0159,1.527,-0.1335,-0.021,1.5246,-0.1314,0,1.5442,-0.1558,0,1.5452,-0.1635
,-0.0068,1.5057,-0.1455,-0.0675,1.6447,-0.0833,-0.0732,1.6256,-0.0638,-0.0726,1.593,-0.0257,-0.069,1.5656,-0.0324,-0.0639,1.5496,-0.0509,-0.0742,1.5828,-0.052,-0.0618,1.6297,-0.1077,-0.0732,1.6256,-0.0638,-0.0561,1.6593,-0.1155,-0.0416,1.6669,-0.1342,-0.0233,1.6706,-0.1427,-0.0186,1.4398,-0.0649,-0.0292,1.4126,-0.0661,-0.0216,1.4923,0.0092,-0.0541,1.5174,-0.0168,-0.0778,1.4709,-0.0013
,-0.0237,1.4797,-0.0605,0,1.5131,0.013,0,1.5245,-0.1489,-0.0083,1.5235,-0.1418,-0.0087,1.5266,-0.1362,0,1.526,-0.1429,-0.0093,1.521,-0.1504,0,1.5669,-0.1694,0,1.5821,-0.159,0,1.5972,-0.1463,0,1.6744,0.0504,-0.0233,1.6706,-0.1427,0,1.7023,-0.1027,0,1.4341,-0.07,-0.0002,1.406,-0.0683,0.0001,1.5282,-0.1345,-0.0083,1.5235,-0.1418
,0,1.4948,-0.0671,0,1.6107,-0.1481,0,1.507,-0.1462,0,1.4957,-0.155,0,1.5326,-0.1492,0,1.5377,-0.1491,-0.0001,1.6396,-0.1502,0,1.7042,0.0148,-0.0001,1.4627,0.0267,0,1.529,-0.1481,0,1.5183,-0.1507,0,1.521,-0.1513,0,1.5458,-0.1687,0,1.5501,-0.1747,0,1.555,-0.1743,0,1.4823,-0.1237,0,1.4888,-0.1472
,0,1.4864,-0.0835,-0.0077,1.4814,-0.1225,-0.0904,1.4396,0.0475,-0.1054,1.46,0.0071,0,1.6728,-0.1464,0,1.4657,-0.0692,-0.1148,1.4436,-0.0223,-0.1054,1.46,0.0071,-0.0778,1.4709,-0.0013,-0.0732,1.584,-0.0587,-0.0639,1.5496,-0.0509,-0.0639,1.5496,-0.0509,-0.0534,1.5341,-0.0294,-0.5101,1.0076,-0.2362,-0.513,1.0046,-0.2263,-0.5087,1.0129,-0.2214,-0.4251,1.0443,-0.2936
,-0.4856,1.0421,-0.1914,-0.4833,1.0808,-0.1797,-0.4716,1.0679,-0.1704,-0.4833,1.0808,-0.1797,-0.4813,1.0917,-0.1896,-0.4813,1.0917,-0.1896,-0.4722,1.0999,-0.2011,-0.4722,1.0999,-0.2011,-0.0204,1.5249,-0.1306,-0.0155,1.5244,-0.1352,0,1.5511,-0.052,-0.0325,1.395,-0.0729,-0.1495,1.406,-0.0556,-0.1468,1.4389,-0.0194,-0.1054,1.46,0.0071,-0.1434,1.4458,0.0269,-0.1558,1.3672,-0.0727
,0.0183,1.5115,-0.0543,0.0091,1.5681,-0.0758,0.0159,1.527,-0.1335,0.0087,1.5266,-0.1362,0.0217,1.5238,-0.1293,0.0246,1.5214,-0.0571,0.0204,1.5249,-0.1306,0.017,1.5648,-0.0706,0.0304,1.5389,-0.057,0.0241,1.5595,-0.064,0.021,1.5246,-0.1314,0.0235,1.5974,-0.1354,0.0337,1.6035,-0.1406,0.0206,1.6017,-0.1419,0.0387,1.5963,-0.1347,0.0433,1.6035,-0.1351,0.0209,1.587,-0.1355
,0.0197,1.5941,-0.1337,0.0128,1.5933,-0.1363,0.0441,1.595,-0.1311,0.0431,1.5867,-0.1287,0.0522,1.5987,-0.1212,0.0404,1.592,-0.1327,0.0309,1.5848,-0.1337,0.0361,1.4516,0.0342,0.023,1.524,-0.1351,0.025,1.528,-0.1356,0.0228,1.5263,-0.1374,0.0226,1.5197,-0.1371,0.0263,1.5241,-0.1329,0.0166,1.5308,-0.1445,0.0078,1.5282,-0.1468,0.0165,1.5286,-0.144,0.0155,1.5173,-0.1462
,0.0201,1.5222,-0.1416,0.016,1.5218,-0.1475,0.0094,1.5176,-0.1492,0.0093,1.521,-0.1504,0.0089,1.5262,-0.1423,0.0164,1.5261,-0.1403,0.0213,1.525,-0.1367,0.0218,1.5242,-0.1356,0.0091,1.5251,-0.1397,0.0155,1.5254,-0.1366,0.0241,1.5148,-0.1333,0.0339,1.5211,-0.1281,0.0135,1.5083,-0.1435,0.0068,1.5057,-0.1455,0.0082,1.5983,-0.1423,0.0143,1.6106,-0.1481,0.0342,1.6143,-0.1424
,0.0483,1.6132,-0.1323,0.0577,1.6081,-0.117,0.0121,1.5523,-0.1635,0.0058,1.5473,-0.165,0.0094,1.5506,-0.1596,0.0156,1.5538,-0.1483,0.0113,1.5519,-0.1487,0.0119,1.5482,-0.145,0.0168,1.5511,-0.1404,0.0061,1.5478,-0.1573,0.0062,1.5441,-0.1522,0.0143,1.5589,-0.1611,0.0079,1.5674,-0.1661,0.0091,1.5558,-0.171,0.0082,1.5509,-0.1701,0.0149,1.484,-0.1198,0.0211,1.4927,-0.1248
,0.0119,1.4886,-0.1384,0.0077,1.4814,-0.1225,0.0054,1.4888,-0.1453,0.0275,1.4932,-0.1045,0.0212,1.4991,-0.1251,0.0116,1.4965,-0.1433,0.0053,1.4953,-0.1517,0.0332,1.5332,-0.1302,0.0228,1.5399,-0.1365,0.0413,1.5226,-0.1118,0.0402,1.545,-0.1225,0.0293,1.5484,-0.1324,0.0363,1.5679,-0.1308,0.0508,1.525,-0.0579,0.0579,1.5527,-0.0778,0.0472,1.5317,-0.0933,0.0447,1.5091,-0.0823
,0.0327,1.5018,-0.1062,0.0489,1.5524,-0.1109,0.0587,1.5664,-0.0917,0.06,1.5827,-0.1075,0.0129,1.5673,-0.1564,0.0168,1.5589,-0.1496,0.0189,1.5613,-0.139,0.0148,1.5391,-0.144,0.0074,1.5312,-0.1478,0.0723,1.6033,-0.0706,0.0732,1.584,-0.0587,0.0774,1.6041,-0.0517,0.0681,1.5862,-0.0799,0.0638,1.5992,-0.0992,0.0071,1.583,-0.1541,0.0121,1.5813,-0.1493,0.018,1.5769,-0.1386
,0.0072,1.5372,-0.1479,0.0665,1.6134,-0.0875,0.0174,1.6383,-0.1481,0.0368,1.6396,-0.1409,0.0511,1.637,-0.1282,0.0618,1.6297,-0.1077,0.0541,1.5174,-0.0168,0.0486,1.5177,-0.0386,0.0485,1.5014,-0.0333,0.0534,1.5341,-0.0294,0.0582,1.5553,-0.0107,0.069,1.5656,-0.0324,0.0275,1.4932,-0.1045,0.0223,1.4923,-0.0745,0.0402,1.5005,-0.0694,0.0149,1.484,-0.1198,0.0082,1.4856,-0.0832
,0.0402,1.5005,-0.0694,0.0402,1.5005,-0.0694,0.0486,1.5177,-0.0386,0.0413,1.49,-0.0478,0.0592,1.5388,-0.0501,0.0486,1.5177,-0.0386,0.0534,1.5341,-0.0294,0.0606,1.6837,-0.0343,0.0714,1.6578,-0.0475,0.0688,1.6675,-0.0159,0.0237,1.6999,-0.0997,0.0415,1.6668,-0.1342,0.043,1.6921,-0.0938,0.0431,1.6985,-0.0364,0.0597,1.6797,-0.0735,0.0561,1.6593,-0.1155,0.0682,1.5868,-0.0045
,0.0502,1.6905,0.0039,0.0348,1.6994,0.0099,0.0828,1.6058,-0.0419,0.0774,1.6041,-0.0517,0.0806,1.5984,-0.0494,0.0764,1.6085,-0.0402,0.0812,1.5948,-0.026,0.0726,1.593,-0.0257,0.0768,1.5509,-0.0472,0.069,1.5656,-0.0324,0.0797,1.5629,-0.0292,0.0675,1.6447,-0.0833,0.0732,1.6256,-0.0638,0.0764,1.6085,-0.0402,0.0759,1.6328,-0.0408,0.0713,1.613,-0.0026,0.0726,1.593,-0.0257
,0.0294,1.6685,0.047,0.0729,1.641,-0.008,0.0244,1.7086,-0.0377,0.0527,1.6227,0.0367,0.0223,1.5859,0.0424,0.0291,1.6287,0.056,0.0491,1.586,0.0293,0.018,1.5397,0.0064,0.0546,1.6556,0.0272,0.0116,1.4723,-0.0665,0.0237,1.4797,-0.0605,0.0357,1.5421,0.0001,0.0541,1.5174,-0.0168,0.0388,1.5135,-0.0053,0.0198,1.5128,0.0059,0.046,1.4909,-0.0007,0.0324,1.4649,0.0208
,0.0216,1.4923,0.0092,0.0612,1.485,-0.0085,0.0571,1.4687,0.0112,0.0612,1.485,-0.0085,0.0619,1.476,-0.0214,0.0575,1.4627,-0.0342,0.0866,1.4587,-0.022,0.0395,1.4474,-0.0552,0.0788,1.4326,-0.0461,0.0497,1.3458,-0.0962,0.0325,1.395,-0.0729,0.0707,1.4562,0.0256,0.0415,1.4302,0.0509,0.2568,1.254,-0.042,0.3132,1.202,-0.0552,0.2623,1.2688,-0.0577,0.3577,1.1455,-0.1
,0.3111,1.19,-0.0425,0.1999,1.2959,-0.0267,0.2149,1.3012,-0.0496,0.2752,1.289,-0.0606,0.2212,1.3275,-0.0629,0.2938,1.2989,-0.0437,0.229,1.3616,-0.0562,0.061,1.3965,-0.0688,0.1212,1.3628,-0.0762,0.1,1.4083,-0.0575,0.3617,1.1332,-0.0841,0.257,1.2445,-0.0211,0.3109,1.184,-0.0226,0.2568,1.246,0.0104,0.1798,1.3009,0.0142,0.2781,1.274,0.0221,0.2568,1.246,0.0104
,0.1692,0.0958,-0.0518,0.1885,0.201,-0.0426,0.1511,0.1971,-0.035,0.2094,0.2019,-0.0076,0.2009,0.0898,-0.0354,0.2106,0.0926,-0.0007,0.2074,0.2009,0.021,0.2008,0.091,0.0246,0.179,0.0925,0.0428,0.1546,0.0944,-0.0291,0.1419,0.1902,-0.0135,0.1467,0.1944,0.0313,0.1548,0.0901,0.0254,0.5008,1.0518,-0.1994,0.5089,1.045,-0.2217,0.5078,1.034,-0.2097,0.5048,1.0536,-0.2368
,0.4882,1.0766,-0.2359,0.4984,1.0611,-0.251,0.4811,1.0693,-0.2633,0.4326,1.069,-0.2629,0.4402,1.0604,-0.2508,0.4372,1.058,-0.2595,0.4453,1.082,-0.196,0.4638,1.0545,-0.2141,0.4465,1.0624,-0.2264,0.4267,1.0592,-0.2791,0.445,1.0698,-0.2716,0.4414,1.0838,-0.2381,0.4486,1.0751,-0.2638,0.4659,1.0876,-0.2429,0.4509,1.06,-0.2661,0.4357,1.0456,-0.2974,0.4239,1.0424,-0.2978
,0.4252,1.0432,-0.2917,0.5208,0.9733,-0.2495,0.5254,0.9785,-0.2516,0.5187,0.9779,-0.2497,0.4302,1.0524,-0.2746,0.4228,1.05,-0.2934,0.4217,1.0458,-0.2986,0.4239,1.0424,-0.2978,0.4324,1.0525,-0.2998,0.4316,1.0447,-0.3021,0.4357,1.0456,-0.2974,0.4882,1.0104,-0.3346,0.4952,1.0039,-0.3322,0.4969,1.0062,-0.3281,0.4881,1.0261,-0.3197,0.4978,1.0199,-0.3126,0.444,1.0538,-0.2795
,0.4509,1.06,-0.2661,0.5195,0.9755,-0.3144,0.5141,0.977,-0.317,0.5165,0.9744,-0.3126,0.4584,1.0606,-0.2623,0.505,0.9957,-0.3012,0.5171,0.982,-0.3181,0.5124,1.0007,-0.3046,0.4867,1.0501,-0.2895,0.4987,1.0344,-0.2945,0.4962,1.0423,-0.2811,0.5007,1.0411,-0.2712,0.4862,1.0345,-0.278,0.488,1.0299,-0.2693,0.4867,1.0403,-0.1919,0.4646,1.0641,-0.1751,0.4721,1.0672,-0.1703
,0.4933,1.0019,-0.3305,0.4853,1.0066,-0.332,0.4942,1.0036,-0.3251,0.4825,1.0198,-0.3156,0.4936,1.0152,-0.31,0.4898,1.0423,-0.3016,0.4823,1.031,-0.2972,0.4825,1.0198,-0.3156,0.5104,1.0102,-0.2462,0.525,1.0057,-0.2546,0.5165,1.0014,-0.253,0.4823,1.031,-0.2972,0.492,1.0274,-0.2913,0.4793,1.0383,-0.2846,0.4862,1.0345,-0.278,0.515,1.0014,-0.228,0.5192,1.0106,-0.2254
,0.5223,1.0037,-0.2291,0.5224,0.9719,-0.246,0.5246,0.9735,-0.2508,0.5189,0.9946,-0.2959,0.5164,0.9778,-0.3181,0.477,1.0434,-0.2803,0.4858,1.0541,-0.2833,0.4883,1.0044,-0.3339,0.4853,1.0066,-0.332,0.5099,1.0181,-0.2905,0.5171,1.0125,-0.2805,0.5067,1.0067,-0.2771,0.4944,1.0226,-0.2745,0.5046,1.0172,-0.2649,0.5222,0.9832,-0.2662,0.5208,0.9773,-0.3116,0.5038,1.0313,-0.2778
,0.5105,1.0235,-0.2658,0.5306,0.9836,-0.2707,0.5289,0.9668,-0.2791,0.5165,0.9744,-0.3126,0.5117,0.9786,-0.3165,0.5153,0.9756,-0.308,0.505,0.9957,-0.3012,0.5105,0.9902,-0.293,0.4933,1.0019,-0.3305,0.4942,1.0036,-0.3251,0.5002,1.0114,-0.2859,0.5296,0.9681,-0.2892,0.5342,0.9693,-0.2814,0.5284,0.9717,-0.2895,0.5171,0.987,-0.2753,0.5289,0.9668,-0.2791,0.525,0.9694,-0.2868
,0.5204,1.0116,-0.2666,0.5247,0.9877,-0.2806,0.5276,0.9757,-0.2451,0.5242,0.9915,-0.2458,0.525,0.9879,-0.2364,0.5087,1.0108,-0.2349,0.515,1.0014,-0.228,0.5118,1.0046,-0.2384,0.5154,0.9908,-0.244,0.5219,1.0088,-0.2388,0.5118,1.0046,-0.2384,0.5171,0.987,-0.2753,0.5115,1.0061,-0.2635,0.5087,1.0108,-0.2349,0.5164,1.0245,-0.2355,0.5035,1.0152,-0.2351,0.4793,1.0383,-0.2846
,0.5154,1.0236,-0.2577,0.5185,1.0183,-0.2448,0.5055,1.0124,-0.2536,0.5014,1.018,-0.2535,0.5117,1.0299,-0.2554,0.5117,0.9786,-0.3165,0.5153,0.9756,-0.308,0.5105,0.9902,-0.293,0.492,1.0274,-0.2913,0.4936,1.0152,-0.31,0.5289,0.9668,-0.2791,0.5278,0.9669,-0.2873,0.5115,1.0061,-0.2635,0.5222,0.9832,-0.2662,0.5067,1.0067,-0.2771,0.5002,1.0114,-0.2859,0.492,1.0274,-0.2913
,0.4936,1.0152,-0.31,0.5223,0.9747,-0.2427,0.5208,0.9733,-0.2495,0.5187,0.9779,-0.2497,0.5154,0.9908,-0.244,0.5187,0.9779,-0.2497,0.5196,1.0152,-0.2358,0.4752,1.0411,-0.198,0.4521,1.071,-0.1854,0.4484,1.0972,-0.2054,0.4357,1.0456,-0.2974,0.439,1.0617,-0.2849,0.5223,0.9747,-0.2427,0.5179,0.9886,-0.2348,0.4793,1.0383,-0.2846,0.1403,0.192,0.009,0.1489,0.0903,-0.0124
,0.1489,0.0903,-0.0124,0.4933,1.0019,-0.3305,0.4957,1.0267,-0.2049,0.5162,1.0197,-0.2213,0.5105,1.0099,-0.2229,0.5046,1.0172,-0.2649,0.5002,1.0114,-0.2859,0.4944,1.0226,-0.2745,0.4825,1.0198,-0.3156,0.4853,1.0066,-0.332,0.5278,0.9669,-0.2873,0.5332,0.9658,-0.2839,0.5118,1.0046,-0.2384,0.5087,1.0108,-0.2349,0.4996,1.0642,-0.208,0.4932,1.0761,-0.221,0.4867,1.0403,-0.1919
,0.525,0.9694,-0.2868,0.5014,1.018,-0.2535,0.5104,1.0102,-0.2462,0.5055,1.0124,-0.2536,0.488,1.0299,-0.2693,0.5014,1.018,-0.2535,0.477,1.0434,-0.2803,0.4862,1.0345,-0.278,0.4347,1.0742,-0.2541,0.4509,1.06,-0.2661,0.5223,0.9747,-0.2427,0.5263,0.9723,-0.2466,0.5308,0.9651,-0.2828,0.4835,1.0384,-0.2317,0.5035,1.0152,-0.2351,0.5014,1.018,-0.2535,0.488,1.0299,-0.2693
,0.4732,1.046,-0.2485,0.4584,1.0606,-0.2623,0.477,1.0434,-0.2803,0.4584,1.0606,-0.2623,0.444,1.0538,-0.2795,0.5105,1.0099,-0.2229,0.4874,1.0287,-0.2156,0.4957,1.0267,-0.2049,0.5105,1.0099,-0.2229,0.5035,1.0152,-0.2351,0.5055,1.0124,-0.2536,0.5165,1.0014,-0.253,0.5115,1.0061,-0.2635,0.4957,1.0267,-0.2049,0.0269,1.5928,-0.1333,0.0202,1.5943,-0.1323,0.0236,1.5974,-0.1344
,0.0327,1.598,-0.1356,0.0328,1.5979,-0.1347,0.0413,1.5955,-0.1304,0.0381,1.594,-0.13,0.0384,1.5964,-0.1327,0.0328,1.5928,-0.1322,0.0332,1.5916,-0.1352,0.0266,1.5918,-0.1356,0.2033,1.3609,0.048,0.2899,1.3004,0.0053,0.3261,1.2285,-0.0667,0.3488,1.238,-0.0526,0.2568,1.246,0.0104,0.3404,1.1963,0.0099,0.3202,1.183,-0.0022,0.3514,1.2279,-0.0023,0.4059,1.1555,-0.0519
,0.3711,1.1805,-0.107,0.3625,1.1617,-0.1074,0.3884,1.1931,-0.0984,0.3767,1.133,-0.0627,0.525,0.9694,-0.2868,0.5171,0.987,-0.2753,0.2478,1.3802,-0.0266,0.2332,1.3795,0.0182,0.4079,1.1857,-0.0734,0.4453,1.082,-0.196,0.4521,1.071,-0.1854,0.4484,1.0972,-0.2054,0.4453,1.082,-0.196,0.3767,1.133,-0.0627,0.4484,1.0972,-0.2054,0.4728,1.1001,-0.2019,0.4821,1.0917,-0.1901
,0.4842,1.0804,-0.1798,0.4521,1.071,-0.1854,0.4646,1.0641,-0.1751,0.4721,1.0672,-0.1703,0.4721,1.0672,-0.1703,0.3767,1.133,-0.0627,0.0204,1.5249,-0.1306,0.0191,1.5242,-0.1359,0.0087,1.5266,-0.1362,0.0159,1.527,-0.1335,0.0155,1.5244,-0.1352,0.0083,1.5235,-0.1418,0.0159,1.527,-0.1335,0.021,1.5246,-0.1314,0.021,1.5246,-0.1314,0.0217,1.5238,-0.1293,0.0675,1.6447,-0.0833
,0.069,1.5656,-0.0324,0.0742,1.5828,-0.052,0.0639,1.5496,-0.0509,0.0501,1.5733,-0.1235,0.0732,1.6256,-0.0638,0.0561,1.6593,-0.1155,0.0675,1.6447,-0.0833,0.0415,1.6668,-0.1342,0.0561,1.6593,-0.1155,0.0233,1.6706,-0.1427,0.0415,1.6668,-0.1342,0.0186,1.4398,-0.0649,0.0503,1.4209,-0.058,0.0541,1.5174,-0.0168,0.0778,1.4709,-0.0013,0,1.523,-0.1417,0.0087,1.5266,-0.1362
,0.0233,1.6706,-0.1427,0.0292,1.4125,-0.0661,0.0083,1.5235,-0.1418,0,1.523,-0.1417,0,1.4903,0.014,0.0077,1.4814,-0.1225,0.1054,1.46,0.0071,0.0904,1.4396,0.0475,0.1148,1.4436,-0.0223,0.1054,1.46,0.0071,0.0732,1.584,-0.0587,0.0639,1.5496,-0.0509,0.0534,1.5341,-0.0294,0.0639,1.5496,-0.0509,0.5179,0.9886,-0.2348,0.5154,0.9908,-0.244,0.5127,1.0067,-0.225
,0.4239,1.0424,-0.2978,0.4842,1.0804,-0.1798,0.4867,1.0403,-0.1919,0.4721,1.0672,-0.1703,0.4842,1.0804,-0.1798,0.4821,1.0917,-0.1901,0.0155,1.5244,-0.1352,0.0155,1.5244,-0.1352,0.0077,1.4967,-0.0641,0.0083,1.5235,-0.1418,0.088,1.3476,-0.0901,0.1495,1.406,-0.0556,0.1468,1.4389,-0.0194,0.1054,1.46,0.0071,0.1434,1.4458,0.0269,0.0778,1.4709,-0.0013,0.1558,1.3672,-0.0727
,-0.0204,1.5249,-0.1306,-0.0774,1.6041,-0.0517,-0.0541,1.5174,-0.0168,-0.0534,1.5341,-0.0294,-0.0149,1.484,-0.1198,-0.0275,1.4932,-0.1045,-0.0077,1.4814,-0.1225,-0.0149,1.484,-0.1198,-0.0402,1.5005,-0.0694,-0.0402,1.5005,-0.0694,-0.0534,1.5341,-0.0294,-0.0486,1.5177,-0.0386,-0.0233,1.6706,-0.1427,-0.0726,1.593,-0.0257,-0.069,1.5656,-0.0324,-0.0764,1.6085,-0.0402,-0.0774,1.6041,-0.0517
,-0.0764,1.6085,-0.0402,-0.0541,1.5174,-0.0168,-0.0612,1.485,-0.0085,-0.088,1.3476,-0.0901,-0.1798,1.3009,0.0142,-0.4324,1.0464,-0.2977,-0.4442,1.0552,-0.2759,-0.4583,1.0617,-0.2592,-0.4716,1.0679,-0.1704,-0.4815,1.0332,-0.2931,-0.4852,1.0366,-0.2745,-0.4871,1.0075,-0.3283,-0.4845,1.0096,-0.3265,-0.5099,0.9826,-0.3116,-0.5121,0.981,-0.312,-0.5144,0.9786,-0.3079,-0.5035,0.999,-0.2969
,-0.5099,0.9826,-0.3116,-0.5132,0.9798,-0.3035,-0.4928,1.0068,-0.3201,-0.4919,1.0051,-0.3251,-0.5035,0.999,-0.2969,-0.5264,0.9712,-0.2756,-0.5101,1.0076,-0.2362,-0.513,1.0046,-0.2263,-0.5151,0.9906,-0.2719,-0.507,1.0136,-0.2328,-0.4907,1.0298,-0.2875,-0.4922,1.018,-0.3054,-0.5281,0.9696,-0.279,-0.5264,0.9712,-0.2756,-0.5098,1.009,-0.2604,-0.5199,0.987,-0.2632,-0.505,1.0097,-0.2738
,-0.5087,0.9938,-0.2891,-0.4988,1.0142,-0.2821,-0.4907,1.0298,-0.2875,-0.4922,1.018,-0.3054,-0.4928,1.0068,-0.3201,-0.5186,0.9775,-0.2469,-0.5201,0.9762,-0.2436,-0.5135,0.9943,-0.2416,-0.5167,0.9819,-0.2471,-0.4722,1.0999,-0.2011,-0.4363,1.0473,-0.2932,-0.52,0.9788,-0.2405,-0.5158,0.9922,-0.2329,-0.4787,1.0403,-0.2809,-0.1489,0.0903,-0.0124,-0.1403,0.192,0.009,-0.4871,1.0075,-0.3283
,-0.5087,1.0129,-0.2214,-0.5029,1.0199,-0.262,-0.505,1.0097,-0.2738,-0.4988,1.0142,-0.2821,-0.4817,1.0223,-0.3109,-0.5253,0.9713,-0.2833,-0.5029,1.0199,-0.262,-0.5227,0.9737,-0.2829,-0.4999,1.0206,-0.2508,-0.5039,1.0152,-0.2509,-0.5086,1.0131,-0.2439,-0.487,1.0321,-0.2661,-0.4764,1.0452,-0.2767,-0.4852,1.0366,-0.2745,-0.451,1.0612,-0.263,-0.52,0.9788,-0.2405,-0.4999,1.0206,-0.2508
,-0.5019,1.0179,-0.233,-0.487,1.0321,-0.2661,-0.4999,1.0206,-0.2508,-0.4764,1.0452,-0.2767,-0.487,1.0321,-0.2661,-0.5019,1.0179,-0.233,-0.5019,1.0179,-0.233,-0.5039,1.0152,-0.2509,-0.5098,1.009,-0.2604,-0.5145,1.0046,-0.2505,-0.4944,1.0289,-0.2039,-0.0202,1.5943,-0.1323,-0.0381,1.594,-0.13,-0.0384,1.5964,-0.1327,-0.2568,1.246,0.0104,-0.3202,1.183,-0.0022,-0.3202,1.183,-0.0022
,-0.5227,0.9737,-0.2829,-0.4455,1.0823,-0.1954,-0.4522,1.0717,-0.1851,-0.4485,1.0971,-0.2045,-0.4455,1.0823,-0.1954,-0.4485,1.0971,-0.2045,-0.4522,1.0717,-0.1851,-0.4643,1.065,-0.1751,-0.4643,1.065,-0.1751,-0.3767,1.133,-0.0627,-0.4716,1.0679,-0.1704,-0.0217,1.5238,-0.1293,-0.0159,1.527,-0.1335,-0.0087,1.5266,-0.1362,-0.021,1.5246,-0.1314,-0.0159,1.527,-0.1335,-0.0217,1.5238,-0.1293
,-0.021,1.5246,-0.1314,-0.0675,1.6447,-0.0833,-0.0726,1.593,-0.0257,-0.0732,1.584,-0.0587,-0.0732,1.6256,-0.0638,-0.0774,1.6041,-0.0517,-0.0561,1.6593,-0.1155,-0.0675,1.6447,-0.0833,-0.0416,1.6669,-0.1342,-0.0561,1.6593,-0.1155,-0.0416,1.6669,-0.1342,-0.0541,1.5174,-0.0168,-0.0612,1.485,-0.0085,-0.0778,1.4709,-0.0013,-0.0087,1.5266,-0.1362,0.0001,1.5282,-0.1345,-0.0233,1.6706,-0.1427
,0,1.6728,-0.1464,-0.0083,1.5235,-0.1418,0,1.523,-0.1417,-0.0764,1.6085,-0.0402,0,1.4823,-0.1237,-0.0077,1.4814,-0.1225,-0.1434,1.4458,0.0269,-0.1054,1.46,0.0071,-0.0732,1.584,-0.0587,-0.0639,1.5496,-0.0509,-0.0639,1.5496,-0.0509,-0.069,1.5656,-0.0324,-0.0534,1.5341,-0.0294,-0.5101,1.0076,-0.2362,-0.5135,0.9943,-0.2416,-0.5087,1.0129,-0.2214,-0.4251,1.0443,-0.2936
,-0.4856,1.0421,-0.1914,-0.4833,1.0808,-0.1797,-0.4833,1.0808,-0.1797,-0.4813,1.0917,-0.1896,-0.0204,1.5249,-0.1306,-0.0155,1.5244,-0.1352,-0.0155,1.5244,-0.1352,-0.0083,1.5235,-0.1418,-0.1054,1.46,0.0071,0.0534,1.5341,-0.0294,0.0541,1.5174,-0.0168,0.0275,1.4932,-0.1045,0.0149,1.484,-0.1198,0.0149,1.484,-0.1198,0.0077,1.4814,-0.1225,0.0402,1.5005,-0.0694,0.0486,1.5177,-0.0386
,0.0233,1.6706,-0.1427,0.0726,1.593,-0.0257,0.0774,1.6041,-0.0517,0.069,1.5656,-0.0324,0.0774,1.6041,-0.0517,0.0764,1.6085,-0.0402,0.0764,1.6085,-0.0402,0.0726,1.593,-0.0257,0.0541,1.5174,-0.0168,0.0778,1.4709,-0.0013,0.0612,1.485,-0.0085,0.1798,1.3009,0.0142,0.1754,0.2013,0.0465,0.4584,1.0606,-0.2623,0.4316,1.0447,-0.3021,0.4302,1.0482,-0.3041,0.444,1.0538,-0.2795
